#    L    TT             EE             TE             PP             TP          
     2    0.32879E+03    0.75619E-10   -0.11904E-04    0.94670E+06    0.32912E+05
     3    0.23049E+03    0.23265E-10    0.76100E-05    0.14502E+07    0.36778E+05
     4    0.17327E+03    0.62442E-11    0.61656E-05    0.18913E+07    0.38068E+05
     5    0.13624E+03    0.20954E-11    0.31142E-05    0.22758E+07    0.38133E+05
     6    0.11051E+03    0.86368E-12    0.28967E-05    0.26107E+07    0.37560E+05
     7    0.91704E+02    0.57600E-12    0.39809E-05    0.29029E+07    0.36649E+05
     8    0.77450E+02    0.59893E-12    0.42645E-05    0.31585E+07    0.35564E+05
     9    0.66343E+02    0.48794E-12    0.33129E-05    0.33828E+07    0.34398E+05
    10    0.57481E+02    0.25095E-12    0.19678E-05    0.35797E+07    0.33202E+05
    11    0.50290E+02    0.94031E-13    0.10676E-05    0.37535E+07    0.32013E+05
    12    0.44502E+02    0.10382E-03   -0.23714E-03    0.39061E+07    0.30843E+05
    13    0.39386E+02    0.10591E-12    0.96284E-06    0.40399E+07    0.29700E+05
    14    0.35148E+02   -0.27194E-04    0.79648E-04    0.41576E+07    0.28598E+05
    15    0.31607E+02    0.12171E-12    0.11474E-05    0.42609E+07    0.27538E+05
    16    0.28493E+02   -0.22586E-04    0.32410E-03    0.43512E+07    0.26520E+05
    17    0.25850E+02    0.62177E-13    0.69578E-06    0.44299E+07    0.25545E+05
    18    0.23081E+02    0.11488E-04   -0.52563E-03    0.44983E+07    0.24614E+05
    19    0.21466E+02    0.28328E-13    0.29129E-06    0.45572E+07    0.23723E+05
    20    0.19693E+02    0.10034E-04   -0.10653E-04    0.46072E+07    0.22870E+05
    21    0.18046E+02    0.24056E-13    0.32261E-06    0.46493E+07    0.22054E+05
    22    0.16658E+02   -0.67106E-05   -0.42678E-04    0.46845E+07    0.21276E+05
    23    0.15331E+02    0.65445E-13    0.55161E-06    0.47134E+07    0.20532E+05
    24    0.14156E+02   -0.45945E-05    0.19328E-03    0.47363E+07    0.19821E+05
    25    0.13141E+02    0.10459E-12    0.65382E-06    0.47538E+07    0.19141E+05
    26    0.12148E+02    0.45677E-05    0.17382E-03    0.47666E+07    0.18491E+05
    27    0.11352E+02    0.87026E-13    0.54346E-06    0.47750E+07    0.17869E+05
    28    0.10551E+02    0.62322E-06   -0.24430E-03    0.47793E+07    0.17275E+05
    29    0.98728E+01    0.46296E-13    0.32786E-06    0.47798E+07    0.16705E+05
    30    0.92980E+01   -0.21393E-05    0.16708E-04    0.47766E+07    0.16158E+05
    31    0.86365E+01    0.25763E-13    0.14006E-06    0.47701E+07    0.15634E+05
    32    0.80624E+01    0.18985E-05    0.16031E-03    0.47609E+07    0.15132E+05
    33    0.75958E+01    0.20891E-13    0.50472E-07    0.47491E+07    0.14650E+05
    34    0.71191E+01    0.58091E-06   -0.27666E-03    0.47348E+07    0.14188E+05
    35    0.67129E+01    0.16929E-13    0.59022E-07    0.47184E+07    0.13745E+05
    36    0.63768E+01   -0.13653E-06    0.46383E-03    0.47000E+07    0.13320E+05
    37    0.59588E+01    0.15453E-13    0.12251E-06    0.46798E+07    0.12911E+05
    38    0.55978E+01    0.41830E-05   -0.55392E-03    0.46579E+07    0.12519E+05
    39    0.53351E+01    0.55145E-05   -0.64611E-03    0.46345E+07    0.12142E+05
    40    0.50204E+01    0.26639E-13    0.21710E-06    0.46096E+07    0.11779E+05
    41    0.48575E+01   -0.10177E-04    0.12921E-02    0.45834E+07    0.11430E+05
    42    0.46086E+01   -0.18179E-04    0.24752E-02    0.45561E+07    0.11094E+05
    43    0.43897E+01   -0.16190E-04    0.26483E-02    0.45276E+07    0.10771E+05
    44    0.40200E+01   -0.11250E-04    0.18018E-02    0.44981E+07    0.10459E+05
    45    0.38382E+01    0.32101E-13    0.21458E-06    0.44678E+07    0.10160E+05
    46    0.37456E+01    0.21386E-04   -0.44408E-02    0.44368E+07    0.98706E+04
    47    0.36001E+01    0.45231E-04   -0.10322E-01    0.44050E+07    0.95921E+04
    48    0.33416E+01    0.68040E-04   -0.13066E-01    0.43726E+07    0.93236E+04
    49    0.30588E+01    0.64032E-04   -0.86922E-02    0.43397E+07    0.90648E+04
    50    0.29888E+01    0.98681E-14    0.96603E-07    0.43064E+07    0.88152E+04
    51    0.29181E+01   -0.15865E-03    0.87114E-02    0.42727E+07    0.85745E+04
    52    0.30589E+01   -0.32573E-03    0.12776E-01    0.42386E+07    0.83421E+04
    53    0.30239E+01   -0.34961E-03    0.92855E-02    0.42042E+07    0.81178E+04
    54    0.27234E+01   -0.23463E-03    0.33016E-02    0.41696E+07    0.79013E+04
    55    0.23644E+01    0.40785E-14    0.25014E-07    0.41348E+07    0.76923E+04
    56    0.21589E+01    0.21343E-03   -0.17291E-02    0.40998E+07    0.74903E+04
    57    0.20408E+01    0.29820E-03   -0.18358E-02    0.40648E+07    0.72951E+04
    58    0.20233E+01    0.26287E-03   -0.12124E-02    0.40296E+07    0.71064E+04
    59    0.19707E+01    0.14575E-03   -0.77348E-03    0.39943E+07    0.69240E+04
    60    0.18962E+01    0.26253E-14    0.22985E-07    0.39590E+07    0.67475E+04
    61    0.21060E+01   -0.80085E-04    0.18113E-02    0.39237E+07    0.65768E+04
    62    0.19996E+01   -0.10301E-03    0.37228E-02    0.38884E+07    0.64115E+04
    63    0.17897E+01   -0.10297E-03    0.47585E-02    0.38532E+07    0.62517E+04
    64    0.17634E+01   -0.62183E-04    0.37191E-02    0.38180E+07    0.60969E+04
    65    0.15390E+01    0.56724E-14    0.44159E-07    0.37829E+07    0.59471E+04
    66    0.14032E+01    0.21984E-04   -0.46037E-02    0.37480E+07    0.58021E+04
    67    0.11946E+01    0.10896E-04   -0.77600E-02    0.37132E+07    0.56617E+04
    68    0.11972E+01    0.13330E-04   -0.83024E-02    0.36786E+07    0.55257E+04
    69    0.11748E+01   -0.58331E-05   -0.49903E-02    0.36443E+07    0.53939E+04
    70    0.12629E+01    0.85789E-14    0.49129E-07    0.36101E+07    0.52663E+04
    71    0.13055E+01    0.25785E-04    0.38996E-02    0.35761E+07    0.51426E+04
    72    0.13196E+01    0.53062E-04    0.55055E-02    0.35424E+07    0.50227E+04
    73    0.12536E+01    0.56304E-04    0.45079E-02    0.35088E+07    0.49064E+04
    74    0.11302E+01    0.32269E-04    0.20827E-02    0.34755E+07    0.47936E+04
    75    0.10465E+01    0.48286E-14    0.37334E-07    0.34425E+07    0.46842E+04
    76    0.94370E+00   -0.30693E-04   -0.95234E-03    0.34096E+07    0.45781E+04
    77    0.88181E+00   -0.57223E-04   -0.10189E-02    0.33771E+07    0.44750E+04
    78    0.91362E+00   -0.41664E-04   -0.21692E-02    0.33447E+07    0.43750E+04
    79    0.86901E+00   -0.27803E-04   -0.11730E-02    0.33127E+07    0.42778E+04
    80    0.87501E+00    0.20627E-14    0.23534E-07    0.32809E+07    0.41836E+04
    81    0.84036E+00    0.27379E-05    0.31531E-03    0.32495E+07    0.40920E+04
    82    0.84061E+00    0.12525E-04    0.24967E-03    0.32183E+07    0.40031E+04
    83    0.80731E+00    0.14258E-04   -0.27075E-03    0.31875E+07    0.39168E+04
    84    0.82058E+00    0.15117E-04    0.16587E-03    0.31570E+07    0.38329E+04
    85    0.73766E+00    0.16877E-14    0.15576E-07    0.31268E+07    0.37515E+04
    86    0.63794E+00   -0.80104E-05   -0.13641E-03    0.30970E+07    0.36724E+04
    87    0.74642E+00   -0.26216E-04    0.24021E-03    0.30676E+07    0.35956E+04
    88    0.61882E+00   -0.26302E-04    0.83362E-03    0.30384E+07    0.35209E+04
    89    0.62797E+00   -0.96688E-05   -0.13813E-03    0.30097E+07    0.34483E+04
    90    0.62672E+00    0.10313E-14    0.12324E-07    0.29812E+07    0.33777E+04
    91    0.54257E+00    0.88892E-05    0.16983E-03    0.29532E+07    0.33090E+04
    92    0.52735E+00    0.16379E-04    0.62229E-03    0.29254E+07    0.32421E+04
    93    0.58467E+00    0.29435E-04    0.82642E-03    0.28981E+07    0.31771E+04
    94    0.49532E+00    0.25308E-04    0.17369E-02    0.28710E+07    0.31138E+04
    95    0.48577E+00    0.18391E-04    0.20800E-02    0.28443E+07    0.30522E+04
    96    0.26251E+00    0.82198E-05    0.20674E-02    0.28180E+07    0.29923E+04
    97    0.27486E+00   -0.56680E-05    0.19112E-02    0.27920E+07    0.29340E+04
    98    0.30360E+00   -0.16308E-04    0.33087E-02    0.27663E+07    0.28773E+04
    99    0.20379E+00   -0.46450E-04    0.27578E-02    0.27409E+07    0.28222E+04
   100    0.20190E+00   -0.81699E-04    0.41844E-02    0.27159E+07    0.27685E+04
   101    0.15299E+00   -0.48236E-04    0.40862E-02    0.26912E+07    0.27163E+04
   102    0.43210E+00   -0.80235E-04    0.41607E-02    0.26668E+07    0.26654E+04
   103    0.44859E+00   -0.89020E-04    0.31342E-02    0.26428E+07    0.26159E+04
   104    0.50321E+00   -0.60196E-04    0.34469E-02    0.26190E+07    0.25677E+04
   105    0.52531E+00   -0.53656E-04    0.30823E-02    0.25956E+07    0.25207E+04
   106    0.59280E+00    0.19279E-04    0.22523E-02    0.25725E+07    0.24750E+04
   107    0.41217E+00    0.24434E-04    0.19114E-02    0.25496E+07    0.24304E+04
   108    0.43274E+00    0.50485E-04    0.78595E-03    0.25271E+07    0.23869E+04
   109    0.43528E+00    0.37543E-04   -0.16942E-03    0.25049E+07    0.23445E+04
   110    0.34914E+00    0.37504E-15    0.49061E-08    0.24830E+07    0.23032E+04
   111    0.25292E+00    0.25783E-04   -0.72092E-03    0.24614E+07    0.22628E+04
   112    0.15373E+00    0.51254E-04   -0.21128E-02    0.24401E+07    0.22233E+04
   113    0.13364E+00    0.86308E-04   -0.32119E-02    0.24191E+07    0.21848E+04
   114    0.51883E-01    0.66557E-04   -0.37972E-02    0.23984E+07    0.21472E+04
   115    0.64830E-01    0.15046E-03   -0.43908E-02    0.23779E+07    0.21105E+04
   116   -0.42575E-01    0.12507E-03   -0.47717E-02    0.23577E+07    0.20747E+04
   117    0.34600E-01    0.74553E-04   -0.47190E-02    0.23378E+07    0.20397E+04
   118    0.15559E+00    0.15738E-03   -0.54974E-02    0.23182E+07    0.20055E+04
   119    0.17962E+00    0.23488E-03   -0.54004E-02    0.22989E+07    0.19722E+04
   120    0.26305E+00    0.16838E-03   -0.49499E-02    0.22798E+07    0.19396E+04
   121    0.26513E+00    0.26490E-03   -0.46678E-02    0.22610E+07    0.19078E+04
   122    0.26792E+00    0.23721E-03   -0.43333E-02    0.22424E+07    0.18768E+04
   123    0.27923E+00    0.16949E-03   -0.44681E-02    0.22241E+07    0.18464E+04
   124    0.30686E+00    0.14592E-03   -0.26230E-02    0.22060E+07    0.18168E+04
   125    0.28432E+00    0.10210E-03   -0.15484E-02    0.21882E+07    0.17879E+04
   126    0.29369E+00    0.12222E-03   -0.10233E-02    0.21707E+07    0.17596E+04
   127    0.26848E+00    0.67608E-04   -0.82677E-03    0.21534E+07    0.17319E+04
   128    0.21650E+00    0.96719E-04   -0.73800E-03    0.21363E+07    0.17049E+04
   129    0.21983E+00    0.70884E-04   -0.53605E-03    0.21195E+07    0.16784E+04
   130    0.21197E+00    0.22502E-14    0.77952E-08    0.21028E+07    0.16526E+04
   131    0.20107E+00    0.40701E-04   -0.11275E-02    0.20865E+07    0.16273E+04
   132    0.27088E+00    0.45184E-04   -0.14194E-02    0.20703E+07    0.16025E+04
   133    0.28263E+00    0.86669E-04   -0.35664E-02    0.20544E+07    0.15782E+04
   134    0.32042E+00    0.16409E-03   -0.35737E-02    0.20387E+07    0.15545E+04
   135    0.39406E+00    0.20211E-03   -0.48750E-02    0.20232E+07    0.15313E+04
   136    0.36478E+00    0.19965E-03   -0.42183E-02    0.20079E+07    0.15086E+04
   137    0.39095E+00    0.22994E-03   -0.42943E-02    0.19928E+07    0.14863E+04
   138    0.40811E+00    0.21763E-03   -0.40796E-02    0.19779E+07    0.14646E+04
   139    0.27749E+00    0.31022E-03   -0.32936E-02    0.19632E+07    0.14433E+04
   140    0.30602E+00    0.28381E-03   -0.31413E-02    0.19488E+07    0.14224E+04
   141    0.20639E+00    0.21161E-03   -0.18566E-02    0.19345E+07    0.14019E+04
   142    0.21125E+00    0.16683E-03   -0.64437E-03    0.19204E+07    0.13819E+04
   143    0.25613E+00    0.14843E-03    0.33036E-04    0.19064E+07    0.13623E+04
   144    0.20225E+00    0.81045E-04    0.45625E-03    0.18927E+07    0.13431E+04
   145    0.13372E+00    0.11218E-03    0.90586E-03    0.18791E+07    0.13243E+04
   146    0.28318E+00    0.17933E-04    0.91965E-03    0.18657E+07    0.13059E+04
   147    0.21475E+00    0.20080E-04    0.15210E-02    0.18525E+07    0.12878E+04
   148    0.16109E+00   -0.31007E-04    0.76213E-03    0.18394E+07    0.12700E+04
   149    0.20627E+00   -0.62107E-04   -0.33364E-03    0.18265E+07    0.12526E+04
   150    0.13726E+00    0.18752E-15    0.11872E-08    0.18137E+07    0.12356E+04
   151    0.11212E+00    0.77267E-04   -0.16144E-02    0.18011E+07    0.12188E+04
   152   -0.95143E-02    0.80850E-04   -0.38724E-02    0.17887E+07    0.12024E+04
   153   -0.71178E-01    0.14206E-03   -0.46709E-02    0.17764E+07    0.11862E+04
   154   -0.13926E+00    0.24362E-03   -0.63636E-02    0.17642E+07    0.11704E+04
   155   -0.20586E+00    0.36829E-03   -0.83328E-02    0.17522E+07    0.11548E+04
   156   -0.41166E+00    0.49880E-03   -0.10704E-01    0.17403E+07    0.11395E+04
   157   -0.45162E+00    0.61790E-03   -0.12116E-01    0.17286E+07    0.11245E+04
   158   -0.54071E+00    0.78259E-03   -0.13437E-01    0.17170E+07    0.11098E+04
   159   -0.67102E+00    0.82706E-03   -0.14794E-01    0.17055E+07    0.10954E+04
   160   -0.76038E+00    0.88262E-03   -0.14824E-01    0.16942E+07    0.10812E+04
   161   -0.80089E+00    0.10063E-02   -0.15139E-01    0.16830E+07    0.10672E+04
   162   -0.85895E+00    0.10322E-02   -0.15864E-01    0.16719E+07    0.10536E+04
   163   -0.77808E+00    0.10175E-02   -0.15639E-01    0.16609E+07    0.10401E+04
   164   -0.84753E+00    0.10190E-02   -0.16075E-01    0.16501E+07    0.10269E+04
   165   -0.76228E+00    0.94538E-03   -0.15068E-01    0.16394E+07    0.10140E+04
   166   -0.66298E+00    0.92781E-03   -0.14230E-01    0.16287E+07    0.10012E+04
   167   -0.46747E+00    0.72622E-03   -0.14427E-01    0.16182E+07    0.98872E+03
   168   -0.39070E+00    0.69477E-03   -0.13558E-01    0.16079E+07    0.97642E+03
   169   -0.27621E+00    0.51905E-03   -0.11747E-01    0.15976E+07    0.96434E+03
   170   -0.11610E+00    0.40467E-03   -0.10605E-01    0.15874E+07    0.95247E+03
   171   -0.51039E-01    0.33435E-03   -0.80286E-02    0.15774E+07    0.94079E+03
   172    0.11410E-02    0.21656E-03   -0.56291E-02    0.15674E+07    0.92931E+03
   173   -0.25944E-01    0.34034E-04   -0.35315E-02    0.15575E+07    0.91802E+03
   174    0.24168E-01    0.66645E-04   -0.18610E-02    0.15478E+07    0.90691E+03
   175    0.85088E-01    0.00000E+00   -0.46906E-10    0.15381E+07    0.89598E+03
   176    0.16267E-01    0.36738E-04    0.19737E-02    0.15285E+07    0.88522E+03
   177   -0.25215E-01    0.70562E-04    0.26861E-02    0.15190E+07    0.87462E+03
   178   -0.10501E+00    0.28936E-03    0.37823E-02    0.15096E+07    0.86420E+03
   179   -0.21448E+00    0.36102E-03    0.54213E-02    0.15003E+07    0.85394E+03
   180   -0.19642E+00    0.47345E-03    0.62767E-02    0.14910E+07    0.84383E+03
   181   -0.26505E+00    0.59167E-03    0.65077E-02    0.14819E+07    0.83389E+03
   182   -0.33746E+00    0.75500E-03    0.77592E-02    0.14728E+07    0.82410E+03
   183   -0.47928E+00    0.85420E-03    0.87047E-02    0.14638E+07    0.81445E+03
   184   -0.53332E+00    0.92858E-03    0.10246E-01    0.14549E+07    0.80496E+03
   185   -0.56523E+00    0.10917E-02    0.10315E-01    0.14461E+07    0.79561E+03
   186   -0.93778E+00    0.11676E-02    0.12040E-01    0.14374E+07    0.78641E+03
   187   -0.97380E+00    0.12623E-02    0.14096E-01    0.14287E+07    0.77734E+03
   188   -0.10361E+01    0.13260E-02    0.15157E-01    0.14201E+07    0.76841E+03
   189   -0.11902E+01    0.13610E-02    0.16867E-01    0.14116E+07    0.75962E+03
   190   -0.98195E+00    0.13842E-02    0.17157E-01    0.14031E+07    0.75095E+03
   191   -0.11454E+01    0.13829E-02    0.19157E-01    0.13947E+07    0.74241E+03
   192   -0.11520E+01    0.13446E-02    0.20798E-01    0.13864E+07    0.73400E+03
   193   -0.12160E+01    0.12787E-02    0.20754E-01    0.13782E+07    0.72571E+03
   194   -0.11059E+01    0.11801E-02    0.21412E-01    0.13700E+07    0.71753E+03
   195   -0.10358E+01    0.10509E-02    0.20704E-01    0.13619E+07    0.70948E+03
   196   -0.99715E+00    0.89326E-03    0.19530E-01    0.13538E+07    0.70153E+03
   197   -0.83278E+00    0.71685E-03    0.16565E-01    0.13458E+07    0.69370E+03
   198   -0.60830E+00    0.50895E-03    0.12711E-01    0.13379E+07    0.68597E+03
   199   -0.31508E+00    0.27175E-03    0.73839E-02    0.13300E+07    0.67835E+03
   200    0.55512E-01    0.00000E+00   -0.21662E-11    0.13222E+07    0.67082E+03
   201    0.43624E+00   -0.28135E-03   -0.84539E-02    0.13145E+07    0.66340E+03
   202    0.90213E+00   -0.59737E-03   -0.18882E-01    0.13067E+07    0.65607E+03
   203    0.13780E+01   -0.92061E-03   -0.29875E-01    0.12991E+07    0.64884E+03
   204    0.17888E+01   -0.12608E-02   -0.43737E-01    0.12915E+07    0.64171E+03
   205    0.22822E+01   -0.16054E-02   -0.57575E-01    0.12840E+07    0.63466E+03
   206    0.27088E+01   -0.19491E-02   -0.71984E-01    0.12765E+07    0.62771E+03
   207    0.32162E+01   -0.23019E-02   -0.86745E-01    0.12690E+07    0.62086E+03
   208    0.35809E+01   -0.26435E-02   -0.10171E+00    0.12616E+07    0.61409E+03
   209    0.39504E+01   -0.29838E-02   -0.11658E+00    0.12543E+07    0.60741E+03
   210    0.43240E+01   -0.33028E-02   -0.13159E+00    0.12470E+07    0.60082E+03
   211    0.47008E+01   -0.36027E-02   -0.14613E+00    0.12398E+07    0.59432E+03
   212    0.49314E+01   -0.38858E-02   -0.16047E+00    0.12326E+07    0.58790E+03
   213    0.52378E+01   -0.41395E-02   -0.17389E+00    0.12254E+07    0.58157E+03
   214    0.54705E+01   -0.44033E-02   -0.18694E+00    0.12183E+07    0.57532E+03
   215    0.57030E+01   -0.45160E-02   -0.19969E+00    0.12113E+07    0.56916E+03
   216    0.58601E+01   -0.46954E-02   -0.21095E+00    0.12042E+07    0.56308E+03
   217    0.60897E+01   -0.48174E-02   -0.22206E+00    0.11973E+07    0.55708E+03
   218    0.62421E+01   -0.49140E-02   -0.23214E+00    0.11904E+07    0.55115E+03
   219    0.63910E+01   -0.50172E-02   -0.23956E+00    0.11835E+07    0.54531E+03
   220    0.65354E+01   -0.50105E-02   -0.24809E+00    0.11767E+07    0.53954E+03
   221    0.66744E+01   -0.50002E-02   -0.25486E+00    0.11699E+07    0.53386E+03
   222    0.68073E+01   -0.48696E-02   -0.26067E+00    0.11631E+07    0.52824E+03
   223    0.67845E+01   -0.47250E-02   -0.26412E+00    0.11564E+07    0.52270E+03
   224    0.69025E+01   -0.45985E-02   -0.26826E+00    0.11497E+07    0.51723E+03
   225    0.69374E+01   -0.43735E-02   -0.26945E+00    0.11431E+07    0.51184E+03
   226    0.69628E+01   -0.40820E-02   -0.27073E+00    0.11365E+07    0.50652E+03
   227    0.69034E+01   -0.37559E-02   -0.26996E+00    0.11300E+07    0.50126E+03
   228    0.69070E+01   -0.34273E-02   -0.26795E+00    0.11235E+07    0.49608E+03
   229    0.68984E+01   -0.30538E-02   -0.26553E+00    0.11170E+07    0.49096E+03
   230    0.68026E+01   -0.26675E-02   -0.26128E+00    0.11105E+07    0.48591E+03
   231    0.66187E+01   -0.22262E-02   -0.25528E+00    0.11041E+07    0.48092E+03
   232    0.64943E+01   -0.18360E-02   -0.24836E+00    0.10978E+07    0.47600E+03
   233    0.63543E+01   -0.13061E-02   -0.24132E+00    0.10914E+07    0.47114E+03
   234    0.60494E+01   -0.81706E-03   -0.23276E+00    0.10851E+07    0.46635E+03
   235    0.58015E+01   -0.32665E-03   -0.22351E+00    0.10789E+07    0.46161E+03
   236    0.54612E+01    0.13318E-03   -0.21288E+00    0.10726E+07    0.45694E+03
   237    0.51020E+01    0.60470E-03   -0.20172E+00    0.10664E+07    0.45232E+03
   238    0.47229E+01    0.11302E-02   -0.18933E+00    0.10602E+07    0.44777E+03
   239    0.43974E+01    0.15291E-02   -0.17582E+00    0.10541E+07    0.44327E+03
   240    0.39018E+01    0.18438E-02   -0.16272E+00    0.10480E+07    0.43882E+03
   241    0.35325E+01    0.21907E-02   -0.14865E+00    0.10419E+07    0.43443E+03
   242    0.31399E+01    0.23893E-02   -0.13367E+00    0.10358E+07    0.43009E+03
   243    0.27232E+01    0.25562E-02   -0.11859E+00    0.10298E+07    0.42581E+03
   244    0.22816E+01    0.25851E-02   -0.10203E+00    0.10238E+07    0.42158E+03
   245    0.18141E+01    0.25182E-02   -0.86270E-01    0.10178E+07    0.41739E+03
   246    0.13944E+01    0.23237E-02   -0.69168E-01    0.10119E+07    0.41326E+03
   247    0.10214E+01    0.18952E-02   -0.52285E-01    0.10059E+07    0.40917E+03
   248    0.62008E+00    0.15721E-02   -0.34955E-01    0.10000E+07    0.40514E+03
   249    0.33813E+00    0.80248E-03   -0.17253E-01    0.99414E+06    0.40114E+03
   250    0.26124E-01    0.00000E+00    0.72007E-13    0.98828E+06    0.39719E+03
   251   -0.16972E+00   -0.11553E-02    0.18203E-01    0.98245E+06    0.39329E+03
   252   -0.48066E+00   -0.24267E-02    0.36481E-01    0.97663E+06    0.38943E+03
   253   -0.54517E+00   -0.40141E-02    0.53948E-01    0.97085E+06    0.38561E+03
   254   -0.67028E+00   -0.55973E-02    0.71205E-01    0.96508E+06    0.38184E+03
   255   -0.79161E+00   -0.74504E-02    0.88851E-01    0.95934E+06    0.37811E+03
   256   -0.84479E+00   -0.91791E-02    0.10749E+00    0.95363E+06    0.37441E+03
   257   -0.83971E+00   -0.11206E-01    0.11954E+00    0.94795E+06    0.37076E+03
   258   -0.86056E+00   -0.13137E-01    0.13824E+00    0.94230E+06    0.36716E+03
   259   -0.84296E+00   -0.15097E-01    0.14933E+00    0.93667E+06    0.36359E+03
   260   -0.72251E+00   -0.17063E-01    0.16826E+00    0.93108E+06    0.36006E+03
   261   -0.65770E+00   -0.19087E-01    0.17336E+00    0.92552E+06    0.35657E+03
   262   -0.65842E+00   -0.20923E-01    0.18751E+00    0.91999E+06    0.35313E+03
   263   -0.36315E+00   -0.22770E-01    0.20387E+00    0.91450E+06    0.34972E+03
   264   -0.22750E+00   -0.24532E-01    0.21562E+00    0.90904E+06    0.34635E+03
   265   -0.18709E+00   -0.26259E-01    0.21593E+00    0.90362E+06    0.34302E+03
   266   -0.28963E-01   -0.27706E-01    0.22769E+00    0.89823E+06    0.33973E+03
   267    0.14127E-01   -0.29221E-01    0.22921E+00    0.89288E+06    0.33647E+03
   268    0.80846E-01   -0.30410E-01    0.23595E+00    0.88757E+06    0.33325E+03
   269    0.12725E-01   -0.31547E-01    0.24107E+00    0.88230E+06    0.33007E+03
   270    0.96997E-01   -0.32534E-01    0.24519E+00    0.87707E+06    0.32693E+03
   271    0.10091E+00   -0.33424E-01    0.24889E+00    0.87188E+06    0.32382E+03
   272    0.23742E+00   -0.33894E-01    0.24536E+00    0.86674E+06    0.32075E+03
   273    0.27376E+00   -0.34518E-01    0.25005E+00    0.86164E+06    0.31772E+03
   274    0.34861E+00   -0.34678E-01    0.24127E+00    0.85658E+06    0.31471E+03
   275    0.37778E+00   -0.34870E-01    0.24190E+00    0.85157E+06    0.31175E+03
   276    0.49994E+00   -0.34849E-01    0.23027E+00    0.84661E+06    0.30882E+03
   277    0.48233E+00   -0.34591E-01    0.22926E+00    0.84169E+06    0.30592E+03
   278    0.53791E+00   -0.34149E-01    0.21717E+00    0.83682E+06    0.30306E+03
   279    0.58249E+00   -0.33573E-01    0.20206E+00    0.83200E+06    0.30023E+03
   280    0.60616E+00   -0.32841E-01    0.19935E+00    0.82724E+06    0.29743E+03
   281    0.74760E+00   -0.31854E-01    0.18738E+00    0.82252E+06    0.29466E+03
   282    0.69977E+00   -0.30888E-01    0.17418E+00    0.81786E+06    0.29193E+03
   283    0.74991E+00   -0.29696E-01    0.16033E+00    0.81325E+06    0.28923E+03
   284    0.81382E+00   -0.28329E-01    0.14644E+00    0.80869E+06    0.28656E+03
   285    0.88160E+00   -0.26765E-01    0.13312E+00    0.80419E+06    0.28392E+03
   286    0.86908E+00   -0.25130E-01    0.11352E+00    0.79975E+06    0.28131E+03
   287    0.84064E+00   -0.23399E-01    0.10312E+00    0.79536E+06    0.27874E+03
   288    0.86065E+00   -0.21551E-01    0.87651E-01    0.79103E+06    0.27619E+03
   289    0.84493E+00   -0.19636E-01    0.75142E-01    0.78676E+06    0.27367E+03
   290    0.85787E+00   -0.17779E-01    0.66194E-01    0.78256E+06    0.27118E+03
   291    0.88956E+00   -0.15217E-01    0.46550E-01    0.77841E+06    0.26872E+03
   292    0.63297E+00   -0.13038E-01    0.39095E-01    0.77433E+06    0.26629E+03
   293    0.67246E+00   -0.11592E-01    0.22144E-01    0.77030E+06    0.26389E+03
   294    0.55244E+00   -0.93704E-02    0.18583E-01    0.76635E+06    0.26151E+03
   295    0.63441E+00   -0.78354E-02    0.67261E-02    0.76246E+06    0.25917E+03
   296    0.53707E+00   -0.54786E-02    0.20301E-02    0.75863E+06    0.25685E+03
   297    0.47336E+00   -0.45053E-02    0.50950E-02    0.75487E+06    0.25455E+03
   298    0.28481E+00   -0.26641E-02    0.16641E-02    0.75118E+06    0.25228E+03
   299    0.18437E+00   -0.67475E-03   -0.23422E-03    0.74756E+06    0.25004E+03
   300    0.13580E-01    0.00000E+00    0.00000E+00    0.74401E+06    0.24782E+03
   301   -0.16305E+00    0.87705E-03    0.10259E-01    0.74053E+06    0.24563E+03
   302   -0.28046E+00    0.12775E-02    0.30463E-01    0.73712E+06    0.24347E+03
   303   -0.42201E+00    0.20163E-02    0.45537E-01    0.73377E+06    0.24132E+03
   304   -0.59678E+00    0.31656E-02    0.55267E-01    0.73048E+06    0.23921E+03
   305   -0.73958E+00    0.33118E-02    0.74293E-01    0.72725E+06    0.23711E+03
   306   -0.93378E+00    0.32699E-02    0.94968E-01    0.72407E+06    0.23504E+03
   307   -0.11142E+01    0.31120E-02    0.10965E+00    0.72094E+06    0.23300E+03
   308   -0.12898E+01    0.43959E-02    0.14041E+00    0.71785E+06    0.23098E+03
   309   -0.13956E+01    0.42224E-02    0.15731E+00    0.71480E+06    0.22898E+03
   310   -0.15891E+01    0.34063E-02    0.18242E+00    0.71179E+06    0.22700E+03
   311   -0.17308E+01    0.42485E-02    0.20067E+00    0.70881E+06    0.22505E+03
   312   -0.18299E+01    0.38496E-02    0.22671E+00    0.70586E+06    0.22312E+03
   313   -0.19696E+01    0.37674E-02    0.24545E+00    0.70294E+06    0.22121E+03
   314   -0.20849E+01    0.40740E-02    0.27154E+00    0.70004E+06    0.21932E+03
   315   -0.21847E+01    0.33559E-02    0.28990E+00    0.69715E+06    0.21745E+03
   316   -0.22782E+01    0.31709E-02    0.30775E+00    0.69428E+06    0.21561E+03
   317   -0.23745E+01    0.21055E-02    0.32487E+00    0.69142E+06    0.21379E+03
   318   -0.24826E+01    0.24602E-02    0.34105E+00    0.68856E+06    0.21199E+03
   319   -0.25373E+01    0.20787E-02    0.35606E+00    0.68571E+06    0.21020E+03
   320   -0.25478E+01    0.17759E-02    0.37712E+00    0.68285E+06    0.20844E+03
   321   -0.25973E+01    0.23668E-02    0.38916E+00    0.67999E+06    0.20670E+03
   322   -0.26208E+01    0.16949E-02    0.39938E+00    0.67712E+06    0.20498E+03
   323   -0.26272E+01    0.13182E-02    0.40758E+00    0.67424E+06    0.20328E+03
   324   -0.26256E+01    0.20516E-02    0.40610E+00    0.67134E+06    0.20160E+03
   325   -0.25510E+01    0.25286E-03    0.41702E+00    0.66842E+06    0.19994E+03
   326   -0.25608E+01    0.45130E-03    0.41041E+00    0.66548E+06    0.19830E+03
   327   -0.25156E+01    0.49047E-03    0.40833E+00    0.66250E+06    0.19667E+03
   328   -0.24246E+01   -0.30035E-03    0.41057E+00    0.65950E+06    0.19507E+03
   329   -0.23711E+01   -0.36335E-03    0.40205E+00    0.65646E+06    0.19348E+03
   330   -0.22898E+01   -0.11121E-02    0.38999E+00    0.65338E+06    0.19191E+03
   331   -0.21156E+01   -0.17316E-02    0.38160E+00    0.65025E+06    0.19036E+03
   332   -0.20061E+01   -0.14070E-02    0.37666E+00    0.64708E+06    0.18882E+03
   333   -0.18962E+01   -0.15517E-02    0.36752E+00    0.64385E+06    0.18730E+03
   334   -0.17206E+01   -0.13509E-02    0.35398E+00    0.64057E+06    0.18580E+03
   335   -0.16369E+01   -0.22180E-02    0.33582E+00    0.63724E+06    0.18432E+03
   336   -0.15058E+01   -0.25953E-02    0.32024E+00    0.63383E+06    0.18285E+03
   337   -0.13363E+01   -0.24107E-02    0.29217E+00    0.63037E+06    0.18140E+03
   338   -0.12117E+01   -0.30777E-02    0.27369E+00    0.62683E+06    0.17997E+03
   339   -0.99253E+00   -0.22956E-02    0.24972E+00    0.62322E+06    0.17855E+03
   340   -0.83652E+00   -0.22210E-02    0.23489E+00    0.61952E+06    0.17715E+03
   341   -0.75271E+00   -0.27816E-02    0.20672E+00    0.61575E+06    0.17576E+03
   342   -0.60162E+00   -0.16768E-02    0.17983E+00    0.61189E+06    0.17439E+03
   343   -0.46662E+00   -0.18059E-02    0.15401E+00    0.60794E+06    0.17303E+03
   344   -0.28251E+00   -0.16110E-02    0.12905E+00    0.60390E+06    0.17168E+03
   345   -0.20694E+00   -0.17629E-02    0.10473E+00    0.59976E+06    0.17035E+03
   346   -0.10042E+00   -0.70383E-03    0.88264E-01    0.59552E+06    0.16904E+03
   347   -0.46328E-01   -0.59009E-03    0.64572E-01    0.59117E+06    0.16774E+03
   348    0.20542E-01   -0.60675E-03    0.40871E-01    0.58672E+06    0.16645E+03
   349    0.16820E-01    0.61127E-04    0.16943E-01    0.58215E+06    0.16518E+03
   350    0.77055E-02    0.00000E+00    0.00000E+00    0.57747E+06    0.16391E+03
   351    0.13397E+00    0.76342E-03   -0.17693E-01    0.57267E+06    0.16267E+03
   352    0.21570E-01    0.16595E-02   -0.36808E-01    0.56776E+06    0.16143E+03
   353   -0.33710E-01    0.19922E-02   -0.43252E-01    0.56276E+06    0.16021E+03
   354   -0.18178E+00    0.25510E-02   -0.60074E-01    0.55767E+06    0.15899E+03
   355   -0.27540E+00    0.33826E-02   -0.73179E-01    0.55252E+06    0.15780E+03
   356   -0.39022E+00    0.45338E-02   -0.75903E-01    0.54732E+06    0.15661E+03
   357   -0.52757E+00    0.53084E-02   -0.83866E-01    0.54208E+06    0.15544E+03
   358   -0.61450E+00    0.50104E-02   -0.82973E-01    0.53680E+06    0.15427E+03
   359   -0.80093E+00    0.51721E-02   -0.88846E-01    0.53152E+06    0.15312E+03
   360   -0.93964E+00    0.58403E-02   -0.91104E-01    0.52623E+06    0.15198E+03
   361   -0.11062E+01    0.63189E-02   -0.94968E-01    0.52096E+06    0.15085E+03
   362   -0.12278E+01    0.66545E-02   -0.98230E-01    0.51571E+06    0.14974E+03
   363   -0.13800E+01    0.76368E-02   -0.99424E-01    0.51050E+06    0.14863E+03
   364   -0.14897E+01    0.70839E-02   -0.10303E+00    0.50534E+06    0.14754E+03
   365   -0.16328E+01    0.72711E-02   -0.10386E+00    0.50025E+06    0.14646E+03
   366   -0.17362E+01    0.75022E-02   -0.10566E+00    0.49524E+06    0.14538E+03
   367   -0.18012E+01    0.63384E-02   -0.10696E+00    0.49032E+06    0.14432E+03
   368   -0.19779E+01    0.60549E-02   -0.10704E+00    0.48550E+06    0.14327E+03
   369   -0.19703E+01    0.59554E-02   -0.10888E+00    0.48081E+06    0.14223E+03
   370   -0.20027E+01    0.53441E-02   -0.10806E+00    0.47624E+06    0.14120E+03
   371   -0.20764E+01    0.42674E-02   -0.10905E+00    0.47183E+06    0.14018E+03
   372   -0.21185E+01    0.35151E-02   -0.10815E+00    0.46757E+06    0.13917E+03
   373   -0.21303E+01    0.23910E-02   -0.10911E+00    0.46348E+06    0.13817E+03
   374   -0.21132E+01    0.16846E-02   -0.10896E+00    0.45958E+06    0.13718E+03
   375   -0.21428E+01    0.69991E-03   -0.10848E+00    0.45587E+06    0.13620E+03
   376   -0.20719E+01    0.22640E-03   -0.10842E+00    0.45238E+06    0.13523E+03
   377   -0.19760E+01   -0.11748E-02   -0.10658E+00    0.44911E+06    0.13427E+03
   378   -0.19309E+01   -0.27143E-02   -0.10670E+00    0.44608E+06    0.13332E+03
   379   -0.18635E+01   -0.36023E-02   -0.10507E+00    0.44331E+06    0.13237E+03
   380   -0.17010E+01   -0.37922E-02   -0.10469E+00    0.44079E+06    0.13144E+03
   381   -0.15932E+01   -0.69515E-02   -0.10335E+00    0.43856E+06    0.13051E+03
   382   -0.15415E+01   -0.78336E-02   -0.10108E+00    0.43662E+06    0.12960E+03
   383   -0.13987E+01   -0.93631E-02   -0.10012E+00    0.43498E+06    0.12869E+03
   384   -0.11660E+01   -0.11493E-01   -0.97518E-01    0.43366E+06    0.12779E+03
   385   -0.10678E+01   -0.11949E-01   -0.95526E-01    0.43267E+06    0.12690E+03
   386   -0.88247E+00   -0.12912E-01   -0.92679E-01    0.43203E+06    0.12602E+03
   387   -0.75993E+00   -0.14335E-01   -0.89739E-01    0.43174E+06    0.12514E+03
   388   -0.62724E+00   -0.15429E-01   -0.85984E-01    0.43183E+06    0.12427E+03
   389   -0.48575E+00   -0.18376E-01   -0.82178E-01    0.43230E+06    0.12341E+03
   390   -0.33681E+00   -0.17929E-01   -0.76854E-01    0.43316E+06    0.12256E+03
   391   -0.18175E+00   -0.18499E-01   -0.72262E-01    0.43444E+06    0.12172E+03
   392   -0.96203E-01   -0.17067E-01   -0.66193E-01    0.43615E+06    0.12088E+03
   393    0.67061E-01   -0.16558E-01   -0.60155E-01    0.43829E+06    0.12005E+03
   394    0.15813E+00   -0.15439E-01   -0.52680E-01    0.44088E+06    0.11923E+03
   395    0.17566E+00   -0.14407E-01   -0.46019E-01    0.44393E+06    0.11842E+03
   396    0.26688E+00   -0.12673E-01   -0.37369E-01    0.44747E+06    0.11761E+03
   397    0.20760E+00   -0.10189E-01   -0.28831E-01    0.45149E+06    0.11681E+03
   398    0.21931E+00   -0.76510E-02   -0.19829E-01    0.45602E+06    0.11601E+03
   399    0.15213E+00   -0.42704E-02   -0.10259E-01    0.46106E+06    0.11522E+03
   400    0.46896E-02    0.00000E+00    0.00000E+00    0.46664E+06    0.11444E+03
   401   -0.14854E+00    0.44423E-02    0.10795E-01    0.47275E+06    0.11367E+03
   402   -0.30137E+00    0.89950E-02    0.22317E-01    0.47939E+06    0.11290E+03
   403   -0.52036E+00    0.15060E-01    0.34445E-01    0.48653E+06    0.11213E+03
   404   -0.79780E+00    0.21069E-01    0.48024E-01    0.49414E+06    0.11138E+03
   405   -0.10517E+01    0.26938E-01    0.61523E-01    0.50222E+06    0.11063E+03
   406   -0.14229E+01    0.34070E-01    0.76456E-01    0.51073E+06    0.10988E+03
   407   -0.17551E+01    0.40895E-01    0.90621E-01    0.51965E+06    0.10914E+03
   408   -0.21149E+01    0.48074E-01    0.10776E+00    0.52897E+06    0.10841E+03
   409   -0.24203E+01    0.56265E-01    0.12493E+00    0.53865E+06    0.10768E+03
   410   -0.28122E+01    0.63157E-01    0.14217E+00    0.54869E+06    0.10696E+03
   411   -0.31342E+01    0.70895E-01    0.16097E+00    0.55905E+06    0.10624E+03
   412   -0.35272E+01    0.78652E-01    0.17990E+00    0.56972E+06    0.10554E+03
   413   -0.39092E+01    0.86346E-01    0.19971E+00    0.58068E+06    0.10483E+03
   414   -0.43469E+01    0.93893E-01    0.21969E+00    0.59190E+06    0.10413E+03
   415   -0.46838E+01    0.10195E+00    0.24136E+00    0.60335E+06    0.10344E+03
   416   -0.50610E+01    0.10896E+00    0.26252E+00    0.61503E+06    0.10275E+03
   417   -0.54705E+01    0.11630E+00    0.28318E+00    0.62691E+06    0.10207E+03
   418   -0.58305E+01    0.12169E+00    0.30562E+00    0.63896E+06    0.10139E+03
   419   -0.61333E+01    0.12799E+00    0.32838E+00    0.65117E+06    0.10072E+03
   420   -0.64453E+01    0.13439E+00    0.35073E+00    0.66351E+06    0.10006E+03
   421   -0.66847E+01    0.14007E+00    0.37345E+00    0.67596E+06    0.99399E+02
   422   -0.69179E+01    0.14492E+00    0.39508E+00    0.68850E+06    0.98745E+02
   423   -0.72116E+01    0.14888E+00    0.41714E+00    0.70111E+06    0.98095E+02
   424   -0.74838E+01    0.15261E+00    0.43816E+00    0.71377E+06    0.97451E+02
   425   -0.76523E+01    0.15526E+00    0.45967E+00    0.72645E+06    0.96813E+02
   426   -0.77839E+01    0.15826E+00    0.48020E+00    0.73913E+06    0.96179E+02
   427   -0.79451E+01    0.16003E+00    0.49830E+00    0.75180E+06    0.95551E+02
   428   -0.80539E+01    0.16123E+00    0.51696E+00    0.76442E+06    0.94927E+02
   429   -0.81769E+01    0.16177E+00    0.53399E+00    0.77699E+06    0.94309E+02
   430   -0.81577E+01    0.16232E+00    0.54867E+00    0.78947E+06    0.93696E+02
   431   -0.81373E+01    0.16130E+00    0.56177E+00    0.80184E+06    0.93087E+02
   432   -0.81821E+01    0.15938E+00    0.57184E+00    0.81409E+06    0.92484E+02
   433   -0.80618E+01    0.15796E+00    0.58112E+00    0.82619E+06    0.91885E+02
   434   -0.79912E+01    0.15472E+00    0.58595E+00    0.83813E+06    0.91291E+02
   435   -0.78886E+01    0.15182E+00    0.58782E+00    0.84987E+06    0.90702E+02
   436   -0.76718E+01    0.14768E+00    0.58602E+00    0.86140E+06    0.90118E+02
   437   -0.74075E+01    0.14222E+00    0.58133E+00    0.87269E+06    0.89538E+02
   438   -0.71622E+01    0.13609E+00    0.57303E+00    0.88373E+06    0.88963E+02
   439   -0.67796E+01    0.12997E+00    0.55891E+00    0.89448E+06    0.88393E+02
   440   -0.64007E+01    0.12227E+00    0.54125E+00    0.90494E+06    0.87827E+02
   441   -0.59433E+01    0.11366E+00    0.51708E+00    0.91508E+06    0.87266E+02
   442   -0.55484E+01    0.10406E+00    0.48794E+00    0.92488E+06    0.86709E+02
   443   -0.49853E+01    0.94122E-01    0.45235E+00    0.93431E+06    0.86157E+02
   444   -0.43950E+01    0.83765E-01    0.41109E+00    0.94336E+06    0.85609E+02
   445   -0.37697E+01    0.70679E-01    0.36271E+00    0.95199E+06    0.85066E+02
   446   -0.31760E+01    0.58492E-01    0.30797E+00    0.96020E+06    0.84526E+02
   447   -0.24576E+01    0.45638E-01    0.24393E+00    0.96796E+06    0.83991E+02
   448   -0.17553E+01    0.30545E-01    0.17136E+00    0.97525E+06    0.83461E+02
   449   -0.91294E+00    0.15360E-01    0.91029E-01    0.98204E+06    0.82934E+02
   450    0.29768E-02    0.00000E+00    0.00000E+00    0.98831E+06    0.82412E+02
   451    0.92482E+00   -0.17093E-01   -0.99948E-01    0.99406E+06    0.81893E+02
   452    0.18550E+01   -0.34455E-01   -0.21041E+00    0.99927E+06    0.81379E+02
   453    0.29434E+01   -0.52095E-01   -0.32828E+00    0.10040E+07    0.80868E+02
   454    0.39685E+01   -0.70766E-01   -0.45412E+00    0.10082E+07    0.80362E+02
   455    0.50061E+01   -0.89735E-01   -0.58705E+00    0.10119E+07    0.79859E+02
   456    0.62059E+01   -0.10975E+00   -0.71948E+00    0.10151E+07    0.79360E+02
   457    0.72721E+01   -0.12935E+00   -0.86463E+00    0.10178E+07    0.78865E+02
   458    0.84291E+01   -0.14927E+00   -0.10030E+01    0.10201E+07    0.78373E+02
   459    0.96038E+01   -0.16878E+00   -0.11494E+01    0.10220E+07    0.77884E+02
   460    0.10798E+02   -0.18938E+00   -0.12969E+01    0.10233E+07    0.77399E+02
   461    0.11938E+02   -0.20960E+00   -0.14453E+01    0.10243E+07    0.76917E+02
   462    0.13099E+02   -0.23018E+00   -0.15879E+01    0.10248E+07    0.76438E+02
   463    0.14210E+02   -0.24965E+00   -0.17422E+01    0.10250E+07    0.75963E+02
   464    0.15271E+02   -0.26877E+00   -0.18778E+01    0.10247E+07    0.75490E+02
   465    0.16283E+02   -0.28753E+00   -0.20233E+01    0.10241E+07    0.75020E+02
   466    0.17323E+02   -0.30670E+00   -0.21557E+01    0.10230E+07    0.74554E+02
   467    0.18391E+02   -0.32480E+00   -0.22888E+01    0.10217E+07    0.74090E+02
   468    0.19340E+02   -0.34183E+00   -0.24144E+01    0.10199E+07    0.73628E+02
   469    0.20246E+02   -0.35930E+00   -0.25390E+01    0.10178E+07    0.73170E+02
   470    0.21185E+02   -0.37498E+00   -0.26542E+01    0.10154E+07    0.72714E+02
   471    0.21861E+02   -0.38889E+00   -0.27592E+01    0.10126E+07    0.72260E+02
   472    0.22646E+02   -0.40251E+00   -0.28606E+01    0.10096E+07    0.71809E+02
   473    0.23319E+02   -0.41513E+00   -0.29498E+01    0.10062E+07    0.71360E+02
   474    0.23956E+02   -0.42599E+00   -0.30336E+01    0.10026E+07    0.70913E+02
   475    0.24558E+02   -0.43661E+00   -0.31036E+01    0.99865E+06    0.70468E+02
   476    0.24977E+02   -0.44475E+00   -0.31610E+01    0.99446E+06    0.70026E+02
   477    0.25290E+02   -0.45192E+00   -0.32148E+01    0.99000E+06    0.69585E+02
   478    0.25573E+02   -0.45812E+00   -0.32453E+01    0.98530E+06    0.69147E+02
   479    0.25751E+02   -0.46188E+00   -0.32762E+01    0.98036E+06    0.68710E+02
   480    0.25826E+02   -0.46395E+00   -0.32874E+01    0.97520E+06    0.68274E+02
   481    0.25801E+02   -0.46435E+00   -0.32816E+01    0.96982E+06    0.67841E+02
   482    0.25750E+02   -0.46233E+00   -0.32638E+01    0.96424E+06    0.67409E+02
   483    0.25451E+02   -0.45865E+00   -0.32355E+01    0.95846E+06    0.66978E+02
   484    0.24982E+02   -0.45258E+00   -0.31897E+01    0.95250E+06    0.66549E+02
   485    0.24565E+02   -0.44487E+00   -0.31271E+01    0.94637E+06    0.66121E+02
   486    0.23979E+02   -0.43404E+00   -0.30489E+01    0.94008E+06    0.65695E+02
   487    0.23226E+02   -0.42085E+00   -0.29543E+01    0.93364E+06    0.65269E+02
   488    0.22307E+02   -0.40604E+00   -0.28417E+01    0.92705E+06    0.64845E+02
   489    0.21297E+02   -0.38815E+00   -0.27116E+01    0.92034E+06    0.64421E+02
   490    0.20198E+02   -0.36718E+00   -0.25625E+01    0.91351E+06    0.63999E+02
   491    0.18789E+02   -0.34389E+00   -0.23962E+01    0.90658E+06    0.63577E+02
   492    0.17368E+02   -0.31754E+00   -0.22113E+01    0.89954E+06    0.63156E+02
   493    0.15787E+02   -0.28962E+00   -0.20054E+01    0.89242E+06    0.62736E+02
   494    0.14048E+02   -0.25718E+00   -0.17812E+01    0.88523E+06    0.62316E+02
   495    0.12078E+02   -0.22245E+00   -0.15364E+01    0.87797E+06    0.61897E+02
   496    0.99535E+01   -0.18396E+00   -0.12716E+01    0.87066E+06    0.61478E+02
   497    0.76746E+01   -0.14246E+00   -0.98510E+00    0.86330E+06    0.61060E+02
   498    0.52431E+01   -0.98705E-01   -0.67901E+00    0.85591E+06    0.60641E+02
   499    0.27346E+01   -0.50472E-01   -0.34946E+00    0.84850E+06    0.60223E+02
   500    0.19335E-02    0.00000E+00    0.00000E+00    0.84108E+06    0.59805E+02
