#    L    TT             EE             TE             PP             TP          
     2    0.10248E+04    0.12119E-05    0.27347E-01    0.10569E+07    0.28022E+05
     3    0.98874E+03    0.57211E-05    0.61974E-01    0.16289E+07    0.33239E+05
     4    0.95380E+03    0.16465E-04    0.10568E+00    0.21366E+07    0.35642E+05
     5    0.92908E+03    0.37122E-04    0.15767E+00    0.25853E+07    0.36585E+05
     6    0.91344E+03    0.72039E-04    0.21720E+00    0.29818E+07    0.36777E+05
     7    0.90470E+03    0.12621E-03    0.28354E+00    0.33340E+07    0.36562E+05
     8    0.90073E+03    0.20515E-03    0.35592E+00    0.36478E+07    0.36046E+05
     9    0.90065E+03    0.31488E-03    0.43372E+00    0.39288E+07    0.35296E+05
    10    0.90331E+03    0.46176E-03    0.51598E+00    0.41807E+07    0.34413E+05
    11    0.90790E+03    0.65310E-03    0.60210E+00    0.44082E+07    0.33523E+05
    12    0.91562E+03    0.10004E-02    0.69219E+00    0.46129E+07    0.32668E+05
    13    0.92470E+03    0.11980E-02    0.78470E+00    0.47973E+07    0.31836E+05
    14    0.93402E+03    0.15366E-02    0.87677E+00    0.49641E+07    0.31006E+05
    15    0.94418E+03    0.20051E-02    0.96963E+00    0.51150E+07    0.30166E+05
    16    0.95595E+03    0.25107E-02    0.10653E+01    0.52515E+07    0.29316E+05
    17    0.96936E+03    0.31573E-02    0.11618E+01    0.53752E+07    0.28481E+05
    18    0.98350E+03    0.38966E-02    0.12579E+01    0.54873E+07    0.27687E+05
    19    0.99914E+03    0.47242E-02    0.13535E+01    0.55886E+07    0.26927E+05
    20    0.10146E+04    0.56925E-02    0.14460E+01    0.56797E+07    0.26193E+05
    21    0.10302E+04    0.67694E-02    0.15352E+01    0.57617E+07    0.25486E+05
    22    0.10464E+04    0.79885E-02    0.16207E+01    0.58357E+07    0.24806E+05
    23    0.10630E+04    0.93697E-02    0.17023E+01    0.59022E+07    0.24150E+05
    24    0.10799E+04    0.10898E-01    0.17798E+01    0.59617E+07    0.23516E+05
    25    0.10973E+04    0.12603E-01    0.18521E+01    0.60147E+07    0.22904E+05
    26    0.11148E+04    0.14486E-01    0.19194E+01    0.60619E+07    0.22315E+05
    27    0.11328E+04    0.16544E-01    0.19803E+01    0.61037E+07    0.21748E+05
    28    0.11511E+04    0.18803E-01    0.20342E+01    0.61405E+07    0.21203E+05
    29    0.11698E+04    0.21264E-01    0.20810E+01    0.61724E+07    0.20680E+05
    30    0.11887E+04    0.23937E-01    0.21193E+01    0.61996E+07    0.20178E+05
    31    0.12076E+04    0.26837E-01    0.21490E+01    0.62225E+07    0.19694E+05
    32    0.12270E+04    0.29969E-01    0.21703E+01    0.62418E+07    0.19224E+05
    33    0.12467E+04    0.33337E-01    0.21822E+01    0.62576E+07    0.18770E+05
    34    0.12667E+04    0.36955E-01    0.21845E+01    0.62701E+07    0.18334E+05
    35    0.12868E+04    0.40828E-01    0.21777E+01    0.62796E+07    0.17912E+05
    36    0.13070E+04    0.44966E-01    0.21612E+01    0.62863E+07    0.17501E+05
    37    0.13273E+04    0.49373E-01    0.21326E+01    0.62903E+07    0.17104E+05
    38    0.13480E+04    0.54059E-01    0.20917E+01    0.62919E+07    0.16724E+05
    39    0.13692E+04    0.59025E-01    0.20389E+01    0.62911E+07    0.16360E+05
    40    0.13905E+04    0.64274E-01    0.19750E+01    0.62881E+07    0.16008E+05
    41    0.14121E+04    0.69815E-01    0.18999E+01    0.62831E+07    0.15665E+05
    42    0.14336E+04    0.75661E-01    0.18126E+01    0.62761E+07    0.15331E+05
    43    0.14554E+04    0.81823E-01    0.17116E+01    0.62672E+07    0.15007E+05
    44    0.14771E+04    0.88301E-01    0.15965E+01    0.62567E+07    0.14692E+05
    45    0.14992E+04    0.95101E-01    0.14669E+01    0.62445E+07    0.14387E+05
    46    0.15216E+04    0.10223E+00    0.13206E+01    0.62310E+07    0.14091E+05
    47    0.15442E+04    0.10969E+00    0.11587E+01    0.62161E+07    0.13805E+05
    48    0.15669E+04    0.11747E+00    0.98565E+00    0.61999E+07    0.13528E+05
    49    0.15897E+04    0.12555E+00    0.80533E+00    0.61826E+07    0.13259E+05
    50    0.16129E+04    0.13391E+00    0.61483E+00    0.61641E+07    0.12998E+05
    51    0.16364E+04    0.14250E+00    0.40973E+00    0.61447E+07    0.12744E+05
    52    0.16602E+04    0.15142E+00    0.18523E+00    0.61243E+07    0.12498E+05
    53    0.16841E+04    0.16082E+00   -0.61702E-01    0.61031E+07    0.12258E+05
    54    0.17079E+04    0.17069E+00   -0.32615E+00    0.60810E+07    0.12024E+05
    55    0.17319E+04    0.18101E+00   -0.60307E+00    0.60582E+07    0.11798E+05
    56    0.17563E+04    0.19165E+00   -0.89368E+00    0.60346E+07    0.11577E+05
    57    0.17809E+04    0.20249E+00   -0.11979E+01    0.60104E+07    0.11363E+05
    58    0.18059E+04    0.21354E+00   -0.15166E+01    0.59855E+07    0.11154E+05
    59    0.18311E+04    0.22484E+00   -0.18506E+01    0.59600E+07    0.10951E+05
    60    0.18565E+04    0.23643E+00   -0.21993E+01    0.59339E+07    0.10752E+05
    61    0.18824E+04    0.24841E+00   -0.25621E+01    0.59073E+07    0.10559E+05
    62    0.19081E+04    0.26076E+00   -0.29399E+01    0.58802E+07    0.10370E+05
    63    0.19341E+04    0.27345E+00   -0.33336E+01    0.58527E+07    0.10185E+05
    64    0.19604E+04    0.28649E+00   -0.37446E+01    0.58247E+07    0.10006E+05
    65    0.19868E+04    0.29986E+00   -0.41735E+01    0.57965E+07    0.98305E+04
    66    0.20136E+04    0.31348E+00   -0.46184E+01    0.57679E+07    0.96599E+04
    67    0.20406E+04    0.32735E+00   -0.50768E+01    0.57391E+07    0.94936E+04
    68    0.20680E+04    0.34153E+00   -0.55471E+01    0.57101E+07    0.93314E+04
    69    0.20957E+04    0.35595E+00   -0.60275E+01    0.56808E+07    0.91730E+04
    70    0.21236E+04    0.37067E+00   -0.65200E+01    0.56514E+07    0.90182E+04
    71    0.21518E+04    0.38567E+00   -0.70270E+01    0.56219E+07    0.88668E+04
    72    0.21801E+04    0.40092E+00   -0.75496E+01    0.55921E+07    0.87187E+04
    73    0.22086E+04    0.41638E+00   -0.80882E+01    0.55623E+07    0.85741E+04
    74    0.22374E+04    0.43205E+00   -0.86417E+01    0.55323E+07    0.84330E+04
    75    0.22665E+04    0.44793E+00   -0.92085E+01    0.55021E+07    0.82955E+04
    76    0.22959E+04    0.46402E+00   -0.97876E+01    0.54718E+07    0.81615E+04
    77    0.23258E+04    0.48031E+00   -0.10379E+02    0.54415E+07    0.80311E+04
    78    0.23560E+04    0.49683E+00   -0.10984E+02    0.54110E+07    0.79039E+04
    79    0.23865E+04    0.51352E+00   -0.11598E+02    0.53805E+07    0.77798E+04
    80    0.24173E+04    0.53039E+00   -0.12224E+02    0.53499E+07    0.76588E+04
    81    0.24483E+04    0.54738E+00   -0.12861E+02    0.53193E+07    0.75406E+04
    82    0.24796E+04    0.56450E+00   -0.13509E+02    0.52887E+07    0.74250E+04
    83    0.25111E+04    0.58174E+00   -0.14167E+02    0.52581E+07    0.73118E+04
    84    0.25429E+04    0.59909E+00   -0.14833E+02    0.52275E+07    0.72007E+04
    85    0.25749E+04    0.61652E+00   -0.15510E+02    0.51970E+07    0.70916E+04
    86    0.26071E+04    0.63403E+00   -0.16195E+02    0.51665E+07    0.69842E+04
    87    0.26398E+04    0.65160E+00   -0.16888E+02    0.51361E+07    0.68786E+04
    88    0.26724E+04    0.66924E+00   -0.17588E+02    0.51058E+07    0.67748E+04
    89    0.27055E+04    0.68694E+00   -0.18298E+02    0.50755E+07    0.66728E+04
    90    0.27389E+04    0.70464E+00   -0.19014E+02    0.50453E+07    0.65727E+04
    91    0.27724E+04    0.72236E+00   -0.19736E+02    0.50153E+07    0.64745E+04
    92    0.28062E+04    0.74006E+00   -0.20464E+02    0.49853E+07    0.63782E+04
    93    0.28404E+04    0.75774E+00   -0.21198E+02    0.49554E+07    0.62837E+04
    94    0.28746E+04    0.77536E+00   -0.21936E+02    0.49256E+07    0.61910E+04
    95    0.29092E+04    0.79292E+00   -0.22679E+02    0.48960E+07    0.61000E+04
    96    0.29438E+04    0.81040E+00   -0.23426E+02    0.48664E+07    0.60108E+04
    97    0.29789E+04    0.82778E+00   -0.24177E+02    0.48370E+07    0.59233E+04
    98    0.30143E+04    0.84506E+00   -0.24929E+02    0.48077E+07    0.58375E+04
    99    0.30497E+04    0.86220E+00   -0.25685E+02    0.47785E+07    0.57533E+04
   100    0.30855E+04    0.87918E+00   -0.26440E+02    0.47494E+07    0.56706E+04
   101    0.31215E+04    0.89608E+00   -0.27198E+02    0.47205E+07    0.55895E+04
   102    0.31580E+04    0.91274E+00   -0.27957E+02    0.46917E+07    0.55100E+04
   103    0.31944E+04    0.92923E+00   -0.28716E+02    0.46631E+07    0.54319E+04
   104    0.32312E+04    0.94556E+00   -0.29474E+02    0.46346E+07    0.53553E+04
   105    0.32681E+04    0.96163E+00   -0.30230E+02    0.46063E+07    0.52800E+04
   106    0.33053E+04    0.97754E+00   -0.30986E+02    0.45781E+07    0.52062E+04
   107    0.33424E+04    0.99312E+00   -0.31739E+02    0.45500E+07    0.51336E+04
   108    0.33799E+04    0.10084E+01   -0.32489E+02    0.45222E+07    0.50624E+04
   109    0.34177E+04    0.10234E+01   -0.33236E+02    0.44945E+07    0.49924E+04
   110    0.34555E+04    0.10381E+01   -0.33977E+02    0.44669E+07    0.49237E+04
   111    0.34935E+04    0.10525E+01   -0.34715E+02    0.44396E+07    0.48562E+04
   112    0.35318E+04    0.10666E+01   -0.35449E+02    0.44124E+07    0.47898E+04
   113    0.35702E+04    0.10803E+01   -0.36176E+02    0.43853E+07    0.47246E+04
   114    0.36088E+04    0.10937E+01   -0.36896E+02    0.43585E+07    0.46605E+04
   115    0.36476E+04    0.11067E+01   -0.37608E+02    0.43318E+07    0.45976E+04
   116    0.36865E+04    0.11193E+01   -0.38313E+02    0.43053E+07    0.45358E+04
   117    0.37257E+04    0.11315E+01   -0.39009E+02    0.42790E+07    0.44750E+04
   118    0.37650E+04    0.11434E+01   -0.39696E+02    0.42528E+07    0.44153E+04
   119    0.38044E+04    0.11548E+01   -0.40373E+02    0.42269E+07    0.43567E+04
   120    0.38440E+04    0.11657E+01   -0.41039E+02    0.42011E+07    0.42991E+04
   121    0.38835E+04    0.11763E+01   -0.41694E+02    0.41755E+07    0.42425E+04
   122    0.39232E+04    0.11863E+01   -0.42337E+02    0.41500E+07    0.41868E+04
   123    0.39630E+04    0.11959E+01   -0.42969E+02    0.41248E+07    0.41322E+04
   124    0.40028E+04    0.12050E+01   -0.43585E+02    0.40997E+07    0.40786E+04
   125    0.40427E+04    0.12136E+01   -0.44189E+02    0.40748E+07    0.40258E+04
   126    0.40826E+04    0.12217E+01   -0.44778E+02    0.40501E+07    0.39740E+04
   127    0.41225E+04    0.12293E+01   -0.45353E+02    0.40255E+07    0.39231E+04
   128    0.41625E+04    0.12364E+01   -0.45913E+02    0.40011E+07    0.38731E+04
   129    0.42025E+04    0.12429E+01   -0.46456E+02    0.39770E+07    0.38240E+04
   130    0.42425E+04    0.12489E+01   -0.46982E+02    0.39530E+07    0.37757E+04
   131    0.42826E+04    0.12544E+01   -0.47492E+02    0.39291E+07    0.37282E+04
   132    0.43227E+04    0.12593E+01   -0.47983E+02    0.39055E+07    0.36816E+04
   133    0.43627E+04    0.12636E+01   -0.48458E+02    0.38820E+07    0.36357E+04
   134    0.44027E+04    0.12675E+01   -0.48911E+02    0.38588E+07    0.35907E+04
   135    0.44427E+04    0.12707E+01   -0.49346E+02    0.38357E+07    0.35463E+04
   136    0.44826E+04    0.12734E+01   -0.49759E+02    0.38127E+07    0.35028E+04
   137    0.45224E+04    0.12755E+01   -0.50152E+02    0.37900E+07    0.34599E+04
   138    0.45622E+04    0.12771E+01   -0.50524E+02    0.37674E+07    0.34177E+04
   139    0.46017E+04    0.12782E+01   -0.50873E+02    0.37450E+07    0.33762E+04
   140    0.46413E+04    0.12786E+01   -0.51201E+02    0.37228E+07    0.33354E+04
   141    0.46806E+04    0.12784E+01   -0.51505E+02    0.37007E+07    0.32952E+04
   142    0.47199E+04    0.12777E+01   -0.51786E+02    0.36788E+07    0.32556E+04
   143    0.47592E+04    0.12765E+01   -0.52043E+02    0.36571E+07    0.32166E+04
   144    0.47981E+04    0.12747E+01   -0.52277E+02    0.36356E+07    0.31782E+04
   145    0.48369E+04    0.12724E+01   -0.52486E+02    0.36142E+07    0.31404E+04
   146    0.48757E+04    0.12695E+01   -0.52670E+02    0.35930E+07    0.31030E+04
   147    0.49142E+04    0.12661E+01   -0.52828E+02    0.35719E+07    0.30663E+04
   148    0.49524E+04    0.12621E+01   -0.52960E+02    0.35510E+07    0.30300E+04
   149    0.49906E+04    0.12576E+01   -0.53067E+02    0.35303E+07    0.29942E+04
   150    0.50284E+04    0.12527E+01   -0.53144E+02    0.35097E+07    0.29588E+04
   151    0.50660E+04    0.12472E+01   -0.53196E+02    0.34894E+07    0.29239E+04
   152    0.51033E+04    0.12411E+01   -0.53220E+02    0.34691E+07    0.28895E+04
   153    0.51403E+04    0.12346E+01   -0.53215E+02    0.34490E+07    0.28554E+04
   154    0.51772E+04    0.12276E+01   -0.53183E+02    0.34291E+07    0.28219E+04
   155    0.52137E+04    0.12202E+01   -0.53122E+02    0.34094E+07    0.27887E+04
   156    0.52498E+04    0.12123E+01   -0.53033E+02    0.33898E+07    0.27560E+04
   157    0.52859E+04    0.12040E+01   -0.52914E+02    0.33703E+07    0.27237E+04
   158    0.53215E+04    0.11954E+01   -0.52766E+02    0.33510E+07    0.26919E+04
   159    0.53568E+04    0.11862E+01   -0.52588E+02    0.33319E+07    0.26604E+04
   160    0.53919E+04    0.11767E+01   -0.52381E+02    0.33129E+07    0.26294E+04
   161    0.54266E+04    0.11669E+01   -0.52144E+02    0.32941E+07    0.25989E+04
   162    0.54610E+04    0.11566E+01   -0.51877E+02    0.32754E+07    0.25687E+04
   163    0.54952E+04    0.11460E+01   -0.51580E+02    0.32569E+07    0.25390E+04
   164    0.55289E+04    0.11352E+01   -0.51254E+02    0.32385E+07    0.25097E+04
   165    0.55624E+04    0.11240E+01   -0.50896E+02    0.32203E+07    0.24809E+04
   166    0.55955E+04    0.11125E+01   -0.50508E+02    0.32022E+07    0.24524E+04
   167    0.56284E+04    0.11007E+01   -0.50090E+02    0.31843E+07    0.24244E+04
   168    0.56607E+04    0.10888E+01   -0.49641E+02    0.31665E+07    0.23968E+04
   169    0.56927E+04    0.10766E+01   -0.49159E+02    0.31488E+07    0.23696E+04
   170    0.57243E+04    0.10643E+01   -0.48648E+02    0.31314E+07    0.23428E+04
   171    0.57553E+04    0.10518E+01   -0.48104E+02    0.31140E+07    0.23164E+04
   172    0.57860E+04    0.10391E+01   -0.47529E+02    0.30968E+07    0.22904E+04
   173    0.58161E+04    0.10263E+01   -0.46922E+02    0.30797E+07    0.22649E+04
   174    0.58458E+04    0.10136E+01   -0.46285E+02    0.30628E+07    0.22397E+04
   175    0.58751E+04    0.10007E+01   -0.45615E+02    0.30460E+07    0.22150E+04
   176    0.59038E+04    0.98784E+00   -0.44913E+02    0.30293E+07    0.21907E+04
   177    0.59321E+04    0.97495E+00   -0.44181E+02    0.30128E+07    0.21667E+04
   178    0.59598E+04    0.96227E+00   -0.43416E+02    0.29964E+07    0.21432E+04
   179    0.59870E+04    0.94949E+00   -0.42620E+02    0.29802E+07    0.21200E+04
   180    0.60138E+04    0.93684E+00   -0.41793E+02    0.29641E+07    0.20972E+04
   181    0.60401E+04    0.92434E+00   -0.40936E+02    0.29481E+07    0.20748E+04
   182    0.60658E+04    0.91205E+00   -0.40046E+02    0.29323E+07    0.20527E+04
   183    0.60909E+04    0.89991E+00   -0.39126E+02    0.29165E+07    0.20309E+04
   184    0.61155E+04    0.88800E+00   -0.38175E+02    0.29010E+07    0.20095E+04
   185    0.61397E+04    0.87647E+00   -0.37195E+02    0.28855E+07    0.19885E+04
   186    0.61629E+04    0.86518E+00   -0.36183E+02    0.28702E+07    0.19677E+04
   187    0.61859E+04    0.85428E+00   -0.35141E+02    0.28549E+07    0.19473E+04
   188    0.62083E+04    0.84375E+00   -0.34069E+02    0.28399E+07    0.19272E+04
   189    0.62300E+04    0.83365E+00   -0.32967E+02    0.28249E+07    0.19074E+04
   190    0.62515E+04    0.82402E+00   -0.31837E+02    0.28100E+07    0.18878E+04
   191    0.62720E+04    0.81490E+00   -0.30676E+02    0.27953E+07    0.18686E+04
   192    0.62921E+04    0.80631E+00   -0.29486E+02    0.27807E+07    0.18496E+04
   193    0.63115E+04    0.79830E+00   -0.28269E+02    0.27662E+07    0.18309E+04
   194    0.63304E+04    0.79090E+00   -0.27022E+02    0.27518E+07    0.18124E+04
   195    0.63487E+04    0.78415E+00   -0.25748E+02    0.27376E+07    0.17942E+04
   196    0.63663E+04    0.77810E+00   -0.24445E+02    0.27234E+07    0.17762E+04
   197    0.63833E+04    0.77280E+00   -0.23116E+02    0.27094E+07    0.17585E+04
   198    0.63998E+04    0.76826E+00   -0.21760E+02    0.26955E+07    0.17410E+04
   199    0.64157E+04    0.76455E+00   -0.20377E+02    0.26816E+07    0.17237E+04
   200    0.64309E+04    0.76168E+00   -0.18969E+02    0.26679E+07    0.17066E+04
   201    0.64455E+04    0.75972E+00   -0.17534E+02    0.26543E+07    0.16897E+04
   202    0.64594E+04    0.75869E+00   -0.16073E+02    0.26408E+07    0.16730E+04
   203    0.64727E+04    0.75864E+00   -0.14588E+02    0.26275E+07    0.16565E+04
   204    0.64853E+04    0.75962E+00   -0.13080E+02    0.26142E+07    0.16402E+04
   205    0.64972E+04    0.76165E+00   -0.11547E+02    0.26010E+07    0.16241E+04
   206    0.65084E+04    0.76480E+00   -0.99904E+01    0.25879E+07    0.16081E+04
   207    0.65189E+04    0.76908E+00   -0.84115E+01    0.25749E+07    0.15924E+04
   208    0.65287E+04    0.77456E+00   -0.68104E+01    0.25620E+07    0.15768E+04
   209    0.65377E+04    0.78126E+00   -0.51877E+01    0.25493E+07    0.15615E+04
   210    0.65461E+04    0.78923E+00   -0.35442E+01    0.25366E+07    0.15463E+04
   211    0.65538E+04    0.79852E+00   -0.18802E+01    0.25240E+07    0.15313E+04
   212    0.65607E+04    0.80915E+00   -0.19676E+00    0.25115E+07    0.15164E+04
   213    0.65669E+04    0.82119E+00    0.15062E+01    0.24991E+07    0.15018E+04
   214    0.65724E+04    0.83461E+00    0.32272E+01    0.24868E+07    0.14873E+04
   215    0.65772E+04    0.84963E+00    0.49656E+01    0.24746E+07    0.14730E+04
   216    0.65812E+04    0.86607E+00    0.67217E+01    0.24625E+07    0.14588E+04
   217    0.65846E+04    0.88407E+00    0.84934E+01    0.24505E+07    0.14449E+04
   218    0.65873E+04    0.90366E+00    0.10281E+02    0.24386E+07    0.14311E+04
   219    0.65893E+04    0.92483E+00    0.12085E+02    0.24268E+07    0.14174E+04
   220    0.65905E+04    0.94774E+00    0.13901E+02    0.24151E+07    0.14040E+04
   221    0.65911E+04    0.97231E+00    0.15732E+02    0.24034E+07    0.13907E+04
   222    0.65910E+04    0.99871E+00    0.17574E+02    0.23919E+07    0.13775E+04
   223    0.65901E+04    0.10269E+01    0.19431E+02    0.23804E+07    0.13645E+04
   224    0.65886E+04    0.10568E+01    0.21296E+02    0.23690E+07    0.13517E+04
   225    0.65864E+04    0.10886E+01    0.23174E+02    0.23577E+07    0.13390E+04
   226    0.65834E+04    0.11223E+01    0.25061E+02    0.23465E+07    0.13265E+04
   227    0.65797E+04    0.11580E+01    0.26957E+02    0.23354E+07    0.13141E+04
   228    0.65754E+04    0.11956E+01    0.28862E+02    0.23243E+07    0.13019E+04
   229    0.65704E+04    0.12352E+01    0.30774E+02    0.23134E+07    0.12898E+04
   230    0.65646E+04    0.12768E+01    0.32693E+02    0.23025E+07    0.12779E+04
   231    0.65580E+04    0.13205E+01    0.34618E+02    0.22917E+07    0.12661E+04
   232    0.65508E+04    0.13662E+01    0.36549E+02    0.22810E+07    0.12545E+04
   233    0.65430E+04    0.14142E+01    0.38482E+02    0.22703E+07    0.12430E+04
   234    0.65342E+04    0.14643E+01    0.40420E+02    0.22598E+07    0.12316E+04
   235    0.65249E+04    0.15166E+01    0.42360E+02    0.22493E+07    0.12204E+04
   236    0.65147E+04    0.15710E+01    0.44303E+02    0.22389E+07    0.12093E+04
   237    0.65039E+04    0.16277E+01    0.46247E+02    0.22286E+07    0.11983E+04
   238    0.64924E+04    0.16868E+01    0.48191E+02    0.22183E+07    0.11875E+04
   239    0.64802E+04    0.17481E+01    0.50135E+02    0.22081E+07    0.11768E+04
   240    0.64672E+04    0.18117E+01    0.52076E+02    0.21980E+07    0.11662E+04
   241    0.64537E+04    0.18777E+01    0.54016E+02    0.21880E+07    0.11558E+04
   242    0.64394E+04    0.19460E+01    0.55952E+02    0.21781E+07    0.11454E+04
   243    0.64245E+04    0.20168E+01    0.57885E+02    0.21682E+07    0.11352E+04
   244    0.64088E+04    0.20899E+01    0.59814E+02    0.21583E+07    0.11252E+04
   245    0.63924E+04    0.21655E+01    0.61736E+02    0.21486E+07    0.11152E+04
   246    0.63754E+04    0.22436E+01    0.63653E+02    0.21389E+07    0.11053E+04
   247    0.63578E+04    0.23241E+01    0.65563E+02    0.21293E+07    0.10956E+04
   248    0.63394E+04    0.24073E+01    0.67465E+02    0.21197E+07    0.10860E+04
   249    0.63205E+04    0.24928E+01    0.69358E+02    0.21103E+07    0.10765E+04
   250    0.63009E+04    0.25811E+01    0.71241E+02    0.21008E+07    0.10671E+04
   251    0.62808E+04    0.26717E+01    0.73114E+02    0.20915E+07    0.10578E+04
   252    0.62598E+04    0.27650E+01    0.74976E+02    0.20822E+07    0.10486E+04
   253    0.62385E+04    0.28606E+01    0.76826E+02    0.20730E+07    0.10395E+04
   254    0.62164E+04    0.29590E+01    0.78663E+02    0.20638E+07    0.10305E+04
   255    0.61937E+04    0.30598E+01    0.80487E+02    0.20547E+07    0.10217E+04
   256    0.61705E+04    0.31634E+01    0.82298E+02    0.20457E+07    0.10129E+04
   257    0.61467E+04    0.32693E+01    0.84088E+02    0.20367E+07    0.10042E+04
   258    0.61223E+04    0.33780E+01    0.85869E+02    0.20278E+07    0.99565E+03
   259    0.60974E+04    0.34892E+01    0.87626E+02    0.20189E+07    0.98718E+03
   260    0.60719E+04    0.36029E+01    0.89375E+02    0.20101E+07    0.97880E+03
   261    0.60459E+04    0.37191E+01    0.91092E+02    0.20014E+07    0.97052E+03
   262    0.60193E+04    0.38380E+01    0.92800E+02    0.19927E+07    0.96234E+03
   263    0.59924E+04    0.39594E+01    0.94491E+02    0.19841E+07    0.95425E+03
   264    0.59648E+04    0.40833E+01    0.96158E+02    0.19755E+07    0.94626E+03
   265    0.59366E+04    0.42097E+01    0.97793E+02    0.19670E+07    0.93836E+03
   266    0.59081E+04    0.43388E+01    0.99419E+02    0.19585E+07    0.93054E+03
   267    0.58789E+04    0.44702E+01    0.10101E+03    0.19501E+07    0.92282E+03
   268    0.58493E+04    0.46044E+01    0.10259E+03    0.19418E+07    0.91519E+03
   269    0.58191E+04    0.47409E+01    0.10414E+03    0.19335E+07    0.90765E+03
   270    0.57885E+04    0.48798E+01    0.10567E+03    0.19253E+07    0.90020E+03
   271    0.57575E+04    0.50212E+01    0.10717E+03    0.19171E+07    0.89283E+03
   272    0.57261E+04    0.51652E+01    0.10864E+03    0.19090E+07    0.88554E+03
   273    0.56943E+04    0.53113E+01    0.11009E+03    0.19009E+07    0.87834E+03
   274    0.56620E+04    0.54601E+01    0.11150E+03    0.18929E+07    0.87122E+03
   275    0.56294E+04    0.56111E+01    0.11290E+03    0.18849E+07    0.86419E+03
   276    0.55964E+04    0.57644E+01    0.11425E+03    0.18770E+07    0.85723E+03
   277    0.55629E+04    0.59201E+01    0.11558E+03    0.18692E+07    0.85036E+03
   278    0.55291E+04    0.60782E+01    0.11688E+03    0.18613E+07    0.84356E+03
   279    0.54950E+04    0.62384E+01    0.11814E+03    0.18536E+07    0.83685E+03
   280    0.54605E+04    0.64009E+01    0.11938E+03    0.18459E+07    0.83020E+03
   281    0.54258E+04    0.65657E+01    0.12058E+03    0.18382E+07    0.82364E+03
   282    0.53906E+04    0.67325E+01    0.12175E+03    0.18306E+07    0.81715E+03
   283    0.53552E+04    0.69015E+01    0.12289E+03    0.18230E+07    0.81073E+03
   284    0.53196E+04    0.70726E+01    0.12399E+03    0.18155E+07    0.80438E+03
   285    0.52836E+04    0.72459E+01    0.12505E+03    0.18081E+07    0.79811E+03
   286    0.52473E+04    0.74212E+01    0.12608E+03    0.18006E+07    0.79190E+03
   287    0.52107E+04    0.75985E+01    0.12708E+03    0.17933E+07    0.78577E+03
   288    0.51740E+04    0.77778E+01    0.12804E+03    0.17859E+07    0.77970E+03
   289    0.51370E+04    0.79590E+01    0.12896E+03    0.17786E+07    0.77370E+03
   290    0.50997E+04    0.81419E+01    0.12985E+03    0.17714E+07    0.76777E+03
   291    0.50623E+04    0.83274E+01    0.13069E+03    0.17642E+07    0.76190E+03
   292    0.50244E+04    0.85142E+01    0.13150E+03    0.17571E+07    0.75610E+03
   293    0.49866E+04    0.87021E+01    0.13226E+03    0.17499E+07    0.75036E+03
   294    0.49485E+04    0.88925E+01    0.13300E+03    0.17429E+07    0.74468E+03
   295    0.49104E+04    0.90839E+01    0.13369E+03    0.17359E+07    0.73906E+03
   296    0.48720E+04    0.92778E+01    0.13434E+03    0.17289E+07    0.73350E+03
   297    0.48335E+04    0.94719E+01    0.13495E+03    0.17219E+07    0.72800E+03
   298    0.47948E+04    0.96686E+01    0.13552E+03    0.17150E+07    0.72256E+03
   299    0.47560E+04    0.98670E+01    0.13604E+03    0.17082E+07    0.71717E+03
   300    0.47170E+04    0.10066E+02    0.13652E+03    0.17014E+07    0.71184E+03
   301    0.46780E+04    0.10266E+02    0.13696E+03    0.16946E+07    0.70656E+03
   302    0.46389E+04    0.10468E+02    0.13737E+03    0.16878E+07    0.70134E+03
   303    0.45997E+04    0.10671E+02    0.13773E+03    0.16811E+07    0.69617E+03
   304    0.45605E+04    0.10876E+02    0.13804E+03    0.16745E+07    0.69106E+03
   305    0.45212E+04    0.11081E+02    0.13831E+03    0.16679E+07    0.68599E+03
   306    0.44818E+04    0.11287E+02    0.13854E+03    0.16613E+07    0.68098E+03
   307    0.44425E+04    0.11494E+02    0.13872E+03    0.16547E+07    0.67601E+03
   308    0.44031E+04    0.11703E+02    0.13887E+03    0.16482E+07    0.67110E+03
   309    0.43637E+04    0.11912E+02    0.13896E+03    0.16418E+07    0.66623E+03
   310    0.43243E+04    0.12121E+02    0.13902E+03    0.16353E+07    0.66142E+03
   311    0.42850E+04    0.12332E+02    0.13903E+03    0.16289E+07    0.65665E+03
   312    0.42457E+04    0.12543E+02    0.13900E+03    0.16226E+07    0.65193E+03
   313    0.42064E+04    0.12755E+02    0.13892E+03    0.16162E+07    0.64725E+03
   314    0.41672E+04    0.12968E+02    0.13881E+03    0.16099E+07    0.64262E+03
   315    0.41281E+04    0.13179E+02    0.13864E+03    0.16037E+07    0.63804E+03
   316    0.40890E+04    0.13392E+02    0.13844E+03    0.15975E+07    0.63350E+03
   317    0.40500E+04    0.13604E+02    0.13819E+03    0.15913E+07    0.62900E+03
   318    0.40111E+04    0.13818E+02    0.13789E+03    0.15851E+07    0.62455E+03
   319    0.39724E+04    0.14031E+02    0.13756E+03    0.15790E+07    0.62014E+03
   320    0.39338E+04    0.14244E+02    0.13719E+03    0.15730E+07    0.61577E+03
   321    0.38953E+04    0.14458E+02    0.13676E+03    0.15669E+07    0.61144E+03
   322    0.38569E+04    0.14671E+02    0.13630E+03    0.15609E+07    0.60715E+03
   323    0.38187E+04    0.14883E+02    0.13579E+03    0.15549E+07    0.60290E+03
   324    0.37807E+04    0.15097E+02    0.13523E+03    0.15490E+07    0.59869E+03
   325    0.37429E+04    0.15307E+02    0.13465E+03    0.15431E+07    0.59452E+03
   326    0.37052E+04    0.15519E+02    0.13400E+03    0.15372E+07    0.59039E+03
   327    0.36677E+04    0.15730E+02    0.13332E+03    0.15313E+07    0.58629E+03
   328    0.36305E+04    0.15940E+02    0.13261E+03    0.15255E+07    0.58223E+03
   329    0.35934E+04    0.16149E+02    0.13184E+03    0.15197E+07    0.57821E+03
   330    0.35566E+04    0.16357E+02    0.13103E+03    0.15140E+07    0.57422E+03
   331    0.35201E+04    0.16565E+02    0.13019E+03    0.15083E+07    0.57026E+03
   332    0.34838E+04    0.16772E+02    0.12931E+03    0.15026E+07    0.56634E+03
   333    0.34477E+04    0.16977E+02    0.12838E+03    0.14969E+07    0.56245E+03
   334    0.34119E+04    0.17182E+02    0.12742E+03    0.14913E+07    0.55859E+03
   335    0.33764E+04    0.17385E+02    0.12641E+03    0.14857E+07    0.55477E+03
   336    0.33411E+04    0.17587E+02    0.12537E+03    0.14801E+07    0.55097E+03
   337    0.33062E+04    0.17787E+02    0.12427E+03    0.14746E+07    0.54721E+03
   338    0.32715E+04    0.17986E+02    0.12315E+03    0.14691E+07    0.54347E+03
   339    0.32373E+04    0.18184E+02    0.12198E+03    0.14636E+07    0.53977E+03
   340    0.32033E+04    0.18380E+02    0.12079E+03    0.14581E+07    0.53609E+03
   341    0.31696E+04    0.18574E+02    0.11955E+03    0.14527E+07    0.53244E+03
   342    0.31362E+04    0.18767E+02    0.11827E+03    0.14473E+07    0.52882E+03
   343    0.31033E+04    0.18958E+02    0.11695E+03    0.14420E+07    0.52522E+03
   344    0.30707E+04    0.19146E+02    0.11560E+03    0.14366E+07    0.52165E+03
   345    0.30384E+04    0.19333E+02    0.11421E+03    0.14313E+07    0.51810E+03
   346    0.30065E+04    0.19518E+02    0.11280E+03    0.14260E+07    0.51458E+03
   347    0.29750E+04    0.19700E+02    0.11134E+03    0.14208E+07    0.51108E+03
   348    0.29438E+04    0.19880E+02    0.10985E+03    0.14155E+07    0.50760E+03
   349    0.29131E+04    0.20058E+02    0.10832E+03    0.14103E+07    0.50415E+03
   350    0.28827E+04    0.20232E+02    0.10677E+03    0.14051E+07    0.50071E+03
   351    0.28529E+04    0.20405E+02    0.10518E+03    0.14000E+07    0.49730E+03
   352    0.28234E+04    0.20576E+02    0.10355E+03    0.13949E+07    0.49391E+03
   353    0.27943E+04    0.20743E+02    0.10190E+03    0.13898E+07    0.49054E+03
   354    0.27656E+04    0.20908E+02    0.10021E+03    0.13847E+07    0.48719E+03
   355    0.27373E+04    0.21070E+02    0.98493E+02    0.13796E+07    0.48387E+03
   356    0.27095E+04    0.21230E+02    0.96755E+02    0.13746E+07    0.48057E+03
   357    0.26822E+04    0.21386E+02    0.94983E+02    0.13696E+07    0.47729E+03
   358    0.26553E+04    0.21539E+02    0.93190E+02    0.13646E+07    0.47404E+03
   359    0.26288E+04    0.21689E+02    0.91363E+02    0.13597E+07    0.47081E+03
   360    0.26028E+04    0.21836E+02    0.89513E+02    0.13547E+07    0.46760E+03
   361    0.25772E+04    0.21980E+02    0.87635E+02    0.13498E+07    0.46442E+03
   362    0.25522E+04    0.22121E+02    0.85733E+02    0.13450E+07    0.46126E+03
   363    0.25275E+04    0.22259E+02    0.83808E+02    0.13401E+07    0.45814E+03
   364    0.25034E+04    0.22393E+02    0.81858E+02    0.13353E+07    0.45503E+03
   365    0.24797E+04    0.22523E+02    0.79888E+02    0.13305E+07    0.45196E+03
   366    0.24565E+04    0.22651E+02    0.77895E+02    0.13257E+07    0.44891E+03
   367    0.24338E+04    0.22773E+02    0.75882E+02    0.13209E+07    0.44589E+03
   368    0.24115E+04    0.22893E+02    0.73850E+02    0.13162E+07    0.44290E+03
   369    0.23898E+04    0.23010E+02    0.71798E+02    0.13114E+07    0.43993E+03
   370    0.23686E+04    0.23123E+02    0.69730E+02    0.13068E+07    0.43700E+03
   371    0.23478E+04    0.23231E+02    0.67643E+02    0.13021E+07    0.43410E+03
   372    0.23275E+04    0.23336E+02    0.65542E+02    0.12974E+07    0.43122E+03
   373    0.23077E+04    0.23437E+02    0.63423E+02    0.12928E+07    0.42838E+03
   374    0.22885E+04    0.23535E+02    0.61291E+02    0.12882E+07    0.42556E+03
   375    0.22697E+04    0.23628E+02    0.59146E+02    0.12836E+07    0.42278E+03
   376    0.22514E+04    0.23718E+02    0.56987E+02    0.12791E+07    0.42003E+03
   377    0.22337E+04    0.23803E+02    0.54818E+02    0.12745E+07    0.41731E+03
   378    0.22164E+04    0.23884E+02    0.52637E+02    0.12700E+07    0.41462E+03
   379    0.21996E+04    0.23962E+02    0.50446E+02    0.12655E+07    0.41197E+03
   380    0.21835E+04    0.24036E+02    0.48246E+02    0.12610E+07    0.40935E+03
   381    0.21677E+04    0.24103E+02    0.46037E+02    0.12566E+07    0.40677E+03
   382    0.21524E+04    0.24167E+02    0.43823E+02    0.12522E+07    0.40421E+03
   383    0.21377E+04    0.24227E+02    0.41600E+02    0.12477E+07    0.40170E+03
   384    0.21236E+04    0.24282E+02    0.39373E+02    0.12434E+07    0.39922E+03
   385    0.21099E+04    0.24335E+02    0.37141E+02    0.12390E+07    0.39677E+03
   386    0.20967E+04    0.24382E+02    0.34905E+02    0.12346E+07    0.39436E+03
   387    0.20840E+04    0.24424E+02    0.32667E+02    0.12303E+07    0.39199E+03
   388    0.20718E+04    0.24462E+02    0.30427E+02    0.12260E+07    0.38965E+03
   389    0.20602E+04    0.24494E+02    0.28186E+02    0.12217E+07    0.38735E+03
   390    0.20490E+04    0.24524E+02    0.25946E+02    0.12174E+07    0.38509E+03
   391    0.20384E+04    0.24549E+02    0.23705E+02    0.12132E+07    0.38287E+03
   392    0.20282E+04    0.24571E+02    0.21468E+02    0.12090E+07    0.38069E+03
   393    0.20187E+04    0.24587E+02    0.19232E+02    0.12047E+07    0.37854E+03
   394    0.20095E+04    0.24598E+02    0.17001E+02    0.12006E+07    0.37644E+03
   395    0.20009E+04    0.24605E+02    0.14773E+02    0.11964E+07    0.37437E+03
   396    0.19928E+04    0.24607E+02    0.12552E+02    0.11922E+07    0.37235E+03
   397    0.19851E+04    0.24605E+02    0.10337E+02    0.11881E+07    0.37036E+03
   398    0.19780E+04    0.24598E+02    0.81285E+01    0.11840E+07    0.36842E+03
   399    0.19713E+04    0.24587E+02    0.59282E+01    0.11799E+07    0.36652E+03
   400    0.19651E+04    0.24571E+02    0.37369E+01    0.11758E+07    0.36466E+03
   401    0.19595E+04    0.24551E+02    0.15554E+01    0.11717E+07    0.36285E+03
   402    0.19543E+04    0.24525E+02   -0.61539E+00    0.11677E+07    0.36107E+03
   403    0.19496E+04    0.24495E+02   -0.27747E+01    0.11637E+07    0.35934E+03
   404    0.19454E+04    0.24461E+02   -0.49208E+01    0.11597E+07    0.35766E+03
   405    0.19416E+04    0.24421E+02   -0.70545E+01    0.11557E+07    0.35602E+03
   406    0.19383E+04    0.24378E+02   -0.91734E+01    0.11517E+07    0.35443E+03
   407    0.19355E+04    0.24330E+02   -0.11279E+02    0.11478E+07    0.35289E+03
   408    0.19331E+04    0.24278E+02   -0.13366E+02    0.11438E+07    0.35139E+03
   409    0.19312E+04    0.24222E+02   -0.15438E+02    0.11399E+07    0.34994E+03
   410    0.19298E+04    0.24160E+02   -0.17493E+02    0.11360E+07    0.34854E+03
   411    0.19288E+04    0.24094E+02   -0.19529E+02    0.11321E+07    0.34719E+03
   412    0.19282E+04    0.24025E+02   -0.21547E+02    0.11282E+07    0.34589E+03
   413    0.19280E+04    0.23951E+02   -0.23545E+02    0.11244E+07    0.34464E+03
   414    0.19282E+04    0.23873E+02   -0.25522E+02    0.11206E+07    0.34344E+03
   415    0.19290E+04    0.23791E+02   -0.27478E+02    0.11167E+07    0.34230E+03
   416    0.19301E+04    0.23704E+02   -0.29412E+02    0.11130E+07    0.34120E+03
   417    0.19315E+04    0.23614E+02   -0.31324E+02    0.11092E+07    0.34017E+03
   418    0.19334E+04    0.23518E+02   -0.33212E+02    0.11054E+07    0.33918E+03
   419    0.19357E+04    0.23419E+02   -0.35075E+02    0.11017E+07    0.33826E+03
   420    0.19384E+04    0.23317E+02   -0.36913E+02    0.10979E+07    0.33738E+03
   421    0.19416E+04    0.23211E+02   -0.38726E+02    0.10942E+07    0.33657E+03
   422    0.19451E+04    0.23100E+02   -0.40513E+02    0.10905E+07    0.33581E+03
   423    0.19488E+04    0.22985E+02   -0.42273E+02    0.10868E+07    0.33511E+03
   424    0.19530E+04    0.22867E+02   -0.44005E+02    0.10832E+07    0.33447E+03
   425    0.19575E+04    0.22744E+02   -0.45709E+02    0.10795E+07    0.33389E+03
   426    0.19625E+04    0.22619E+02   -0.47383E+02    0.10759E+07    0.33337E+03
   427    0.19677E+04    0.22489E+02   -0.49029E+02    0.10723E+07    0.33291E+03
   428    0.19732E+04    0.22356E+02   -0.50644E+02    0.10687E+07    0.33251E+03
   429    0.19791E+04    0.22219E+02   -0.52227E+02    0.10651E+07    0.33217E+03
   430    0.19853E+04    0.22080E+02   -0.53780E+02    0.10615E+07    0.33190E+03
   431    0.19919E+04    0.21937E+02   -0.55301E+02    0.10580E+07    0.33169E+03
   432    0.19986E+04    0.21790E+02   -0.56790E+02    0.10544E+07    0.33155E+03
   433    0.20058E+04    0.21641E+02   -0.58245E+02    0.10509E+07    0.33147E+03
   434    0.20132E+04    0.21488E+02   -0.59668E+02    0.10474E+07    0.33145E+03
   435    0.20209E+04    0.21333E+02   -0.61056E+02    0.10439E+07    0.33151E+03
   436    0.20289E+04    0.21175E+02   -0.62410E+02    0.10404E+07    0.33163E+03
   437    0.20371E+04    0.21013E+02   -0.63729E+02    0.10370E+07    0.33182E+03
   438    0.20456E+04    0.20849E+02   -0.65011E+02    0.10335E+07    0.33207E+03
   439    0.20544E+04    0.20683E+02   -0.66259E+02    0.10301E+07    0.33240E+03
   440    0.20634E+04    0.20513E+02   -0.67469E+02    0.10267E+07    0.33280E+03
   441    0.20727E+04    0.20341E+02   -0.68644E+02    0.10233E+07    0.33326E+03
   442    0.20821E+04    0.20166E+02   -0.69781E+02    0.10199E+07    0.33380E+03
   443    0.20919E+04    0.19989E+02   -0.70880E+02    0.10165E+07    0.33441E+03
   444    0.21018E+04    0.19810E+02   -0.71941E+02    0.10132E+07    0.33510E+03
   445    0.21120E+04    0.19627E+02   -0.72963E+02    0.10098E+07    0.33585E+03
   446    0.21222E+04    0.19444E+02   -0.73946E+02    0.10065E+07    0.33669E+03
   447    0.21327E+04    0.19259E+02   -0.74891E+02    0.10032E+07    0.33759E+03
   448    0.21434E+04    0.19070E+02   -0.75797E+02    0.99989E+06    0.33858E+03
   449    0.21542E+04    0.18881E+02   -0.76662E+02    0.99660E+06    0.33964E+03
   450    0.21653E+04    0.18690E+02   -0.77488E+02    0.99334E+06    0.34077E+03
   451    0.21765E+04    0.18497E+02   -0.78274E+02    0.99008E+06    0.34199E+03
   452    0.21878E+04    0.18302E+02   -0.79020E+02    0.98684E+06    0.34327E+03
   453    0.21994E+04    0.18107E+02   -0.79726E+02    0.98361E+06    0.34464E+03
   454    0.22110E+04    0.17909E+02   -0.80391E+02    0.98040E+06    0.34607E+03
   455    0.22227E+04    0.17711E+02   -0.81018E+02    0.97720E+06    0.34756E+03
   456    0.22347E+04    0.17511E+02   -0.81598E+02    0.97402E+06    0.34913E+03
   457    0.22466E+04    0.17310E+02   -0.82146E+02    0.97085E+06    0.35075E+03
   458    0.22587E+04    0.17109E+02   -0.82643E+02    0.96769E+06    0.35243E+03
   459    0.22709E+04    0.16907E+02   -0.83106E+02    0.96455E+06    0.35417E+03
   460    0.22832E+04    0.16704E+02   -0.83527E+02    0.96142E+06    0.35596E+03
   461    0.22955E+04    0.16500E+02   -0.83908E+02    0.95830E+06    0.35780E+03
   462    0.23079E+04    0.16296E+02   -0.84243E+02    0.95520E+06    0.35969E+03
   463    0.23204E+04    0.16092E+02   -0.84550E+02    0.95211E+06    0.36163E+03
   464    0.23329E+04    0.15887E+02   -0.84800E+02    0.94903E+06    0.36360E+03
   465    0.23454E+04    0.15683E+02   -0.85023E+02    0.94597E+06    0.36562E+03
   466    0.23580E+04    0.15478E+02   -0.85195E+02    0.94292E+06    0.36767E+03
   467    0.23706E+04    0.15273E+02   -0.85333E+02    0.93989E+06    0.36976E+03
   468    0.23833E+04    0.15069E+02   -0.85428E+02    0.93686E+06    0.37188E+03
   469    0.23959E+04    0.14864E+02   -0.85488E+02    0.93385E+06    0.37403E+03
   470    0.24087E+04    0.14661E+02   -0.85506E+02    0.93085E+06    0.37620E+03
   471    0.24212E+04    0.14459E+02   -0.85482E+02    0.92787E+06    0.37840E+03
   472    0.24339E+04    0.14257E+02   -0.85422E+02    0.92490E+06    0.38062E+03
   473    0.24465E+04    0.14055E+02   -0.85320E+02    0.92194E+06    0.38285E+03
   474    0.24591E+04    0.13855E+02   -0.85183E+02    0.91899E+06    0.38511E+03
   475    0.24718E+04    0.13655E+02   -0.85004E+02    0.91606E+06    0.38737E+03
   476    0.24843E+04    0.13458E+02   -0.84784E+02    0.91314E+06    0.38964E+03
   477    0.24968E+04    0.13261E+02   -0.84534E+02    0.91023E+06    0.39192E+03
   478    0.25092E+04    0.13065E+02   -0.84236E+02    0.90733E+06    0.39420E+03
   479    0.25216E+04    0.12871E+02   -0.83912E+02    0.90445E+06    0.39649E+03
   480    0.25339E+04    0.12679E+02   -0.83545E+02    0.90158E+06    0.39877E+03
   481    0.25461E+04    0.12488E+02   -0.83137E+02    0.89872E+06    0.40105E+03
   482    0.25584E+04    0.12299E+02   -0.82696E+02    0.89587E+06    0.40333E+03
   483    0.25704E+04    0.12113E+02   -0.82222E+02    0.89303E+06    0.40559E+03
   484    0.25823E+04    0.11928E+02   -0.81711E+02    0.89021E+06    0.40784E+03
   485    0.25942E+04    0.11745E+02   -0.81163E+02    0.88740E+06    0.41008E+03
   486    0.26060E+04    0.11566E+02   -0.80582E+02    0.88460E+06    0.41229E+03
   487    0.26176E+04    0.11388E+02   -0.79966E+02    0.88181E+06    0.41449E+03
   488    0.26291E+04    0.11213E+02   -0.79315E+02    0.87903E+06    0.41667E+03
   489    0.26405E+04    0.11040E+02   -0.78631E+02    0.87627E+06    0.41882E+03
   490    0.26518E+04    0.10871E+02   -0.77913E+02    0.87352E+06    0.42094E+03
   491    0.26628E+04    0.10704E+02   -0.77163E+02    0.87078E+06    0.42303E+03
   492    0.26738E+04    0.10541E+02   -0.76382E+02    0.86805E+06    0.42508E+03
   493    0.26847E+04    0.10379E+02   -0.75567E+02    0.86533E+06    0.42710E+03
   494    0.26954E+04    0.10222E+02   -0.74723E+02    0.86262E+06    0.42908E+03
   495    0.27058E+04    0.10067E+02   -0.73848E+02    0.85992E+06    0.43101E+03
   496    0.27161E+04    0.99164E+01   -0.72943E+02    0.85724E+06    0.43290E+03
   497    0.27262E+04    0.97691E+01   -0.72008E+02    0.85457E+06    0.43475E+03
   498    0.27362E+04    0.96244E+01   -0.71045E+02    0.85190E+06    0.43654E+03
   499    0.27460E+04    0.94845E+01   -0.70052E+02    0.84925E+06    0.43828E+03
   500    0.27556E+04    0.93473E+01   -0.69034E+02    0.84661E+06    0.43996E+03
   501    0.27649E+04    0.92148E+01   -0.67988E+02    0.84398E+06    0.44159E+03
   502    0.27742E+04    0.90864E+01   -0.66914E+02    0.84136E+06    0.44316E+03
   503    0.27832E+04    0.89615E+01   -0.65816E+02    0.83876E+06    0.44467E+03
   504    0.27919E+04    0.88406E+01   -0.64692E+02    0.83616E+06    0.44612E+03
   505    0.28006E+04    0.87246E+01   -0.63545E+02    0.83357E+06    0.44751E+03
   506    0.28089E+04    0.86130E+01   -0.62373E+02    0.83100E+06    0.44885E+03
   507    0.28171E+04    0.85053E+01   -0.61180E+02    0.82843E+06    0.45013E+03
   508    0.28249E+04    0.84027E+01   -0.59963E+02    0.82588E+06    0.45135E+03
   509    0.28326E+04    0.83041E+01   -0.58727E+02    0.82333E+06    0.45252E+03
   510    0.28400E+04    0.82104E+01   -0.57470E+02    0.82080E+06    0.45363E+03
   511    0.28473E+04    0.81211E+01   -0.56193E+02    0.81827E+06    0.45468E+03
   512    0.28543E+04    0.80368E+01   -0.54898E+02    0.81576E+06    0.45568E+03
   513    0.28611E+04    0.79572E+01   -0.53585E+02    0.81326E+06    0.45663E+03
   514    0.28676E+04    0.78827E+01   -0.52255E+02    0.81077E+06    0.45752E+03
   515    0.28739E+04    0.78131E+01   -0.50909E+02    0.80828E+06    0.45835E+03
   516    0.28799E+04    0.77486E+01   -0.49547E+02    0.80581E+06    0.45913E+03
   517    0.28856E+04    0.76893E+01   -0.48171E+02    0.80335E+06    0.45985E+03
   518    0.28912E+04    0.76351E+01   -0.46781E+02    0.80090E+06    0.46053E+03
   519    0.28965E+04    0.75861E+01   -0.45377E+02    0.79846E+06    0.46114E+03
   520    0.29016E+04    0.75424E+01   -0.43962E+02    0.79603E+06    0.46171E+03
   521    0.29063E+04    0.75041E+01   -0.42536E+02    0.79360E+06    0.46222E+03
   522    0.29107E+04    0.74713E+01   -0.41099E+02    0.79119E+06    0.46268E+03
   523    0.29150E+04    0.74439E+01   -0.39653E+02    0.78879E+06    0.46309E+03
   524    0.29190E+04    0.74219E+01   -0.38199E+02    0.78640E+06    0.46344E+03
   525    0.29226E+04    0.74056E+01   -0.36735E+02    0.78402E+06    0.46374E+03
   526    0.29261E+04    0.73948E+01   -0.35265E+02    0.78165E+06    0.46399E+03
   527    0.29294E+04    0.73896E+01   -0.33789E+02    0.77928E+06    0.46419E+03
   528    0.29324E+04    0.73900E+01   -0.32308E+02    0.77693E+06    0.46434E+03
   529    0.29350E+04    0.73964E+01   -0.30822E+02    0.77459E+06    0.46444E+03
   530    0.29374E+04    0.74085E+01   -0.29334E+02    0.77226E+06    0.46448E+03
   531    0.29397E+04    0.74262E+01   -0.27842E+02    0.76993E+06    0.46448E+03
   532    0.29415E+04    0.74498E+01   -0.26349E+02    0.76762E+06    0.46443E+03
   533    0.29431E+04    0.74793E+01   -0.24855E+02    0.76531E+06    0.46432E+03
   534    0.29444E+04    0.75147E+01   -0.23361E+02    0.76302E+06    0.46417E+03
   535    0.29455E+04    0.75560E+01   -0.21868E+02    0.76073E+06    0.46397E+03
   536    0.29463E+04    0.76032E+01   -0.20376E+02    0.75846E+06    0.46372E+03
   537    0.29469E+04    0.76563E+01   -0.18887E+02    0.75619E+06    0.46342E+03
   538    0.29472E+04    0.77154E+01   -0.17401E+02    0.75393E+06    0.46307E+03
   539    0.29472E+04    0.77804E+01   -0.15920E+02    0.75168E+06    0.46268E+03
   540    0.29470E+04    0.78516E+01   -0.14444E+02    0.74945E+06    0.46223E+03
   541    0.29464E+04    0.79286E+01   -0.12973E+02    0.74722E+06    0.46174E+03
   542    0.29456E+04    0.80117E+01   -0.11510E+02    0.74499E+06    0.46120E+03
   543    0.29446E+04    0.81009E+01   -0.10055E+02    0.74278E+06    0.46062E+03
   544    0.29433E+04    0.81961E+01   -0.86080E+01    0.74058E+06    0.45999E+03
   545    0.29417E+04    0.82973E+01   -0.71702E+01    0.73839E+06    0.45931E+03
   546    0.29399E+04    0.84042E+01   -0.57426E+01    0.73620E+06    0.45859E+03
   547    0.29378E+04    0.85172E+01   -0.43258E+01    0.73403E+06    0.45782E+03
   548    0.29354E+04    0.86362E+01   -0.29209E+01    0.73186E+06    0.45700E+03
   549    0.29329E+04    0.87612E+01   -0.15287E+01    0.72970E+06    0.45614E+03
   550    0.29300E+04    0.88923E+01   -0.14984E+00    0.72755E+06    0.45524E+03
   551    0.29270E+04    0.90294E+01    0.12149E+01    0.72541E+06    0.45429E+03
   552    0.29236E+04    0.91726E+01    0.25644E+01    0.72328E+06    0.45329E+03
   553    0.29200E+04    0.93203E+01    0.38982E+01    0.72116E+06    0.45225E+03
   554    0.29162E+04    0.94755E+01    0.52156E+01    0.71904E+06    0.45117E+03
   555    0.29121E+04    0.96360E+01    0.65155E+01    0.71693E+06    0.45005E+03
   556    0.29078E+04    0.98025E+01    0.77977E+01    0.71484E+06    0.44888E+03
   557    0.29032E+04    0.99743E+01    0.90603E+01    0.71275E+06    0.44766E+03
   558    0.28985E+04    0.10153E+02    0.10304E+02    0.71067E+06    0.44641E+03
   559    0.28934E+04    0.10336E+02    0.11527E+02    0.70860E+06    0.44511E+03
   560    0.28882E+04    0.10524E+02    0.12730E+02    0.70653E+06    0.44377E+03
   561    0.28827E+04    0.10718E+02    0.13910E+02    0.70448E+06    0.44238E+03
   562    0.28771E+04    0.10919E+02    0.15068E+02    0.70243E+06    0.44096E+03
   563    0.28712E+04    0.11123E+02    0.16205E+02    0.70039E+06    0.43949E+03
   564    0.28651E+04    0.11334E+02    0.17316E+02    0.69836E+06    0.43798E+03
   565    0.28588E+04    0.11550E+02    0.18404E+02    0.69634E+06    0.43643E+03
   566    0.28524E+04    0.11771E+02    0.19466E+02    0.69432E+06    0.43484E+03
   567    0.28457E+04    0.11996E+02    0.20503E+02    0.69232E+06    0.43320E+03
   568    0.28389E+04    0.12227E+02    0.21513E+02    0.69032E+06    0.43153E+03
   569    0.28318E+04    0.12464E+02    0.22499E+02    0.68833E+06    0.42981E+03
   570    0.28245E+04    0.12705E+02    0.23454E+02    0.68635E+06    0.42806E+03
   571    0.28171E+04    0.12951E+02    0.24382E+02    0.68438E+06    0.42626E+03
   572    0.28094E+04    0.13201E+02    0.25282E+02    0.68241E+06    0.42443E+03
   573    0.28017E+04    0.13456E+02    0.26152E+02    0.68045E+06    0.42255E+03
   574    0.27938E+04    0.13716E+02    0.26993E+02    0.67850E+06    0.42064E+03
   575    0.27857E+04    0.13979E+02    0.27803E+02    0.67656E+06    0.41868E+03
   576    0.27775E+04    0.14248E+02    0.28583E+02    0.67463E+06    0.41669E+03
   577    0.27691E+04    0.14521E+02    0.29331E+02    0.67270E+06    0.41466E+03
   578    0.27605E+04    0.14798E+02    0.30048E+02    0.67078E+06    0.41259E+03
   579    0.27519E+04    0.15079E+02    0.30732E+02    0.66887E+06    0.41048E+03
   580    0.27431E+04    0.15365E+02    0.31383E+02    0.66697E+06    0.40833E+03
   581    0.27340E+04    0.15653E+02    0.32003E+02    0.66507E+06    0.40615E+03
   582    0.27250E+04    0.15947E+02    0.32588E+02    0.66319E+06    0.40393E+03
   583    0.27158E+04    0.16243E+02    0.33138E+02    0.66131E+06    0.40167E+03
   584    0.27065E+04    0.16543E+02    0.33654E+02    0.65943E+06    0.39937E+03
   585    0.26971E+04    0.16847E+02    0.34136E+02    0.65757E+06    0.39704E+03
   586    0.26875E+04    0.17154E+02    0.34582E+02    0.65571E+06    0.39466E+03
   587    0.26779E+04    0.17465E+02    0.34993E+02    0.65386E+06    0.39226E+03
   588    0.26682E+04    0.17778E+02    0.35367E+02    0.65202E+06    0.38981E+03
   589    0.26584E+04    0.18095E+02    0.35706E+02    0.65018E+06    0.38733E+03
   590    0.26484E+04    0.18415E+02    0.36008E+02    0.64835E+06    0.38482E+03
   591    0.26385E+04    0.18738E+02    0.36273E+02    0.64653E+06    0.38227E+03
   592    0.26284E+04    0.19063E+02    0.36500E+02    0.64472E+06    0.37968E+03
   593    0.26183E+04    0.19392E+02    0.36691E+02    0.64291E+06    0.37706E+03
   594    0.26080E+04    0.19722E+02    0.36843E+02    0.64111E+06    0.37440E+03
   595    0.25976E+04    0.20054E+02    0.36958E+02    0.63932E+06    0.37171E+03
   596    0.25874E+04    0.20391E+02    0.37034E+02    0.63753E+06    0.36899E+03
   597    0.25770E+04    0.20727E+02    0.37072E+02    0.63575E+06    0.36623E+03
   598    0.25668E+04    0.21066E+02    0.37071E+02    0.63398E+06    0.36343E+03
   599    0.25564E+04    0.21407E+02    0.37033E+02    0.63222E+06    0.36060E+03
   600    0.25459E+04    0.21751E+02    0.36955E+02    0.63046E+06    0.35774E+03
   601    0.25354E+04    0.22096E+02    0.36838E+02    0.62871E+06    0.35485E+03
   602    0.25249E+04    0.22442E+02    0.36681E+02    0.62697E+06    0.35192E+03
   603    0.25143E+04    0.22790E+02    0.36487E+02    0.62523E+06    0.34896E+03
   604    0.25039E+04    0.23139E+02    0.36253E+02    0.62350E+06    0.34597E+03
   605    0.24933E+04    0.23488E+02    0.35980E+02    0.62178E+06    0.34295E+03
   606    0.24828E+04    0.23839E+02    0.35669E+02    0.62006E+06    0.33990E+03
   607    0.24721E+04    0.24191E+02    0.35319E+02    0.61835E+06    0.33681E+03
   608    0.24616E+04    0.24544E+02    0.34930E+02    0.61665E+06    0.33371E+03
   609    0.24512E+04    0.24897E+02    0.34502E+02    0.61495E+06    0.33057E+03
   610    0.24407E+04    0.25249E+02    0.34036E+02    0.61326E+06    0.32741E+03
   611    0.24302E+04    0.25603E+02    0.33532E+02    0.61158E+06    0.32422E+03
   612    0.24199E+04    0.25958E+02    0.32990E+02    0.60990E+06    0.32100E+03
   613    0.24094E+04    0.26310E+02    0.32409E+02    0.60823E+06    0.31776E+03
   614    0.23991E+04    0.26663E+02    0.31790E+02    0.60657E+06    0.31450E+03
   615    0.23888E+04    0.27016E+02    0.31135E+02    0.60491E+06    0.31121E+03
   616    0.23785E+04    0.27369E+02    0.30442E+02    0.60326E+06    0.30790E+03
   617    0.23685E+04    0.27722E+02    0.29712E+02    0.60162E+06    0.30457E+03
   618    0.23584E+04    0.28074E+02    0.28944E+02    0.59998E+06    0.30121E+03
   619    0.23483E+04    0.28426E+02    0.28142E+02    0.59835E+06    0.29784E+03
   620    0.23384E+04    0.28775E+02    0.27302E+02    0.59673E+06    0.29445E+03
   621    0.23284E+04    0.29125E+02    0.26427E+02    0.59511E+06    0.29103E+03
   622    0.23186E+04    0.29473E+02    0.25515E+02    0.59350E+06    0.28760E+03
   623    0.23090E+04    0.29818E+02    0.24569E+02    0.59189E+06    0.28415E+03
   624    0.22994E+04    0.30163E+02    0.23588E+02    0.59029E+06    0.28069E+03
   625    0.22898E+04    0.30505E+02    0.22571E+02    0.58870E+06    0.27721E+03
   626    0.22804E+04    0.30847E+02    0.21521E+02    0.58711E+06    0.27371E+03
   627    0.22711E+04    0.31185E+02    0.20437E+02    0.58553E+06    0.27020E+03
   628    0.22620E+04    0.31522E+02    0.19319E+02    0.58396E+06    0.26667E+03
   629    0.22529E+04    0.31857E+02    0.18168E+02    0.58239E+06    0.26313E+03
   630    0.22439E+04    0.32189E+02    0.16984E+02    0.58083E+06    0.25958E+03
   631    0.22351E+04    0.32518E+02    0.15768E+02    0.57927E+06    0.25601E+03
   632    0.22265E+04    0.32845E+02    0.14520E+02    0.57772E+06    0.25244E+03
   633    0.22179E+04    0.33170E+02    0.13241E+02    0.57618E+06    0.24885E+03
   634    0.22095E+04    0.33490E+02    0.11931E+02    0.57464E+06    0.24525E+03
   635    0.22013E+04    0.33809E+02    0.10591E+02    0.57310E+06    0.24165E+03
   636    0.21931E+04    0.34125E+02    0.92220E+01    0.57158E+06    0.23804E+03
   637    0.21851E+04    0.34436E+02    0.78224E+01    0.57006E+06    0.23441E+03
   638    0.21773E+04    0.34745E+02    0.63948E+01    0.56854E+06    0.23079E+03
   639    0.21696E+04    0.35049E+02    0.49384E+01    0.56703E+06    0.22715E+03
   640    0.21622E+04    0.35351E+02    0.34546E+01    0.56553E+06    0.22351E+03
   641    0.21549E+04    0.35649E+02    0.19436E+01    0.56403E+06    0.21987E+03
   642    0.21476E+04    0.35942E+02    0.40610E+00    0.56254E+06    0.21622E+03
   643    0.21407E+04    0.36232E+02   -0.11574E+01    0.56106E+06    0.21257E+03
   644    0.21339E+04    0.36517E+02   -0.27461E+01    0.55958E+06    0.20891E+03
   645    0.21273E+04    0.36797E+02   -0.43598E+01    0.55810E+06    0.20525E+03
   646    0.21208E+04    0.37074E+02   -0.59977E+01    0.55663E+06    0.20160E+03
   647    0.21147E+04    0.37346E+02   -0.76598E+01    0.55517E+06    0.19794E+03
   648    0.21085E+04    0.37614E+02   -0.93439E+01    0.55371E+06    0.19428E+03
   649    0.21027E+04    0.37876E+02   -0.11051E+02    0.55226E+06    0.19062E+03
   650    0.20971E+04    0.38133E+02   -0.12779E+02    0.55081E+06    0.18697E+03
   651    0.20916E+04    0.38387E+02   -0.14529E+02    0.54937E+06    0.18331E+03
   652    0.20863E+04    0.38635E+02   -0.16299E+02    0.54794E+06    0.17966E+03
   653    0.20813E+04    0.38876E+02   -0.18088E+02    0.54651E+06    0.17601E+03
   654    0.20764E+04    0.39113E+02   -0.19895E+02    0.54508E+06    0.17237E+03
   655    0.20717E+04    0.39346E+02   -0.21720E+02    0.54366E+06    0.16873E+03
   656    0.20674E+04    0.39572E+02   -0.23563E+02    0.54225E+06    0.16509E+03
   657    0.20632E+04    0.39793E+02   -0.25421E+02    0.54084E+06    0.16146E+03
   658    0.20591E+04    0.40009E+02   -0.27295E+02    0.53944E+06    0.15784E+03
   659    0.20554E+04    0.40219E+02   -0.29184E+02    0.53804E+06    0.15422E+03
   660    0.20518E+04    0.40422E+02   -0.31086E+02    0.53665E+06    0.15060E+03
   661    0.20485E+04    0.40620E+02   -0.33001E+02    0.53526E+06    0.14700E+03
   662    0.20454E+04    0.40813E+02   -0.34929E+02    0.53388E+06    0.14340E+03
   663    0.20424E+04    0.41000E+02   -0.36868E+02    0.53250E+06    0.13980E+03
   664    0.20397E+04    0.41179E+02   -0.38818E+02    0.53113E+06    0.13622E+03
   665    0.20372E+04    0.41353E+02   -0.40777E+02    0.52976E+06    0.13264E+03
   666    0.20350E+04    0.41521E+02   -0.42745E+02    0.52840E+06    0.12908E+03
   667    0.20330E+04    0.41682E+02   -0.44721E+02    0.52704E+06    0.12552E+03
   668    0.20311E+04    0.41837E+02   -0.46705E+02    0.52569E+06    0.12197E+03
   669    0.20296E+04    0.41986E+02   -0.48695E+02    0.52434E+06    0.11843E+03
   670    0.20282E+04    0.42128E+02   -0.50690E+02    0.52300E+06    0.11490E+03
   671    0.20271E+04    0.42265E+02   -0.52690E+02    0.52166E+06    0.11138E+03
   672    0.20261E+04    0.42394E+02   -0.54694E+02    0.52033E+06    0.10787E+03
   673    0.20255E+04    0.42517E+02   -0.56701E+02    0.51900E+06    0.10438E+03
   674    0.20250E+04    0.42633E+02   -0.58709E+02    0.51768E+06    0.10089E+03
   675    0.20248E+04    0.42743E+02   -0.60720E+02    0.51636E+06    0.97424E+02
   676    0.20248E+04    0.42846E+02   -0.62729E+02    0.51505E+06    0.93966E+02
   677    0.20250E+04    0.42942E+02   -0.64739E+02    0.51374E+06    0.90521E+02
   678    0.20255E+04    0.43030E+02   -0.66748E+02    0.51244E+06    0.87090E+02
   679    0.20262E+04    0.43113E+02   -0.68754E+02    0.51114E+06    0.83673E+02
   680    0.20272E+04    0.43189E+02   -0.70758E+02    0.50984E+06    0.80271E+02
   681    0.20283E+04    0.43257E+02   -0.72757E+02    0.50855E+06    0.76884E+02
   682    0.20297E+04    0.43318E+02   -0.74752E+02    0.50727E+06    0.73512E+02
   683    0.20313E+04    0.43373E+02   -0.76743E+02    0.50599E+06    0.70156E+02
   684    0.20331E+04    0.43420E+02   -0.78727E+02    0.50471E+06    0.66816E+02
   685    0.20351E+04    0.43460E+02   -0.80704E+02    0.50344E+06    0.63493E+02
   686    0.20373E+04    0.43493E+02   -0.82666E+02    0.50218E+06    0.60187E+02
   687    0.20399E+04    0.43520E+02   -0.84622E+02    0.50091E+06    0.56899E+02
   688    0.20425E+04    0.43538E+02   -0.86571E+02    0.49966E+06    0.53628E+02
   689    0.20454E+04    0.43550E+02   -0.88506E+02    0.49840E+06    0.50376E+02
   690    0.20485E+04    0.43555E+02   -0.90433E+02    0.49715E+06    0.47143E+02
   691    0.20519E+04    0.43552E+02   -0.92346E+02    0.49591E+06    0.43929E+02
   692    0.20554E+04    0.43543E+02   -0.94243E+02    0.49467E+06    0.40734E+02
   693    0.20592E+04    0.43526E+02   -0.96133E+02    0.49343E+06    0.37560E+02
   694    0.20631E+04    0.43502E+02   -0.98000E+02    0.49220E+06    0.34406E+02
   695    0.20674E+04    0.43472E+02   -0.99851E+02    0.49097E+06    0.31273E+02
   696    0.20718E+04    0.43434E+02   -0.10170E+03    0.48975E+06    0.28162E+02
   697    0.20764E+04    0.43389E+02   -0.10352E+03    0.48853E+06    0.25072E+02
   698    0.20812E+04    0.43336E+02   -0.10533E+03    0.48732E+06    0.22004E+02
   699    0.20862E+04    0.43277E+02   -0.10711E+03    0.48610E+06    0.18959E+02
   700    0.20914E+04    0.43211E+02   -0.10888E+03    0.48490E+06    0.15937E+02
   701    0.20968E+04    0.43137E+02   -0.11063E+03    0.48370E+06    0.12938E+02
   702    0.21025E+04    0.43057E+02   -0.11234E+03    0.48250E+06    0.99634E+01
   703    0.21082E+04    0.42969E+02   -0.11406E+03    0.48130E+06    0.70127E+01
   704    0.21142E+04    0.42876E+02   -0.11574E+03    0.48011E+06    0.40866E+01
   705    0.21203E+04    0.42774E+02   -0.11740E+03    0.47892E+06    0.11855E+01
   706    0.21266E+04    0.42666E+02   -0.11903E+03    0.47774E+06   -0.16904E+01
   707    0.21331E+04    0.42552E+02   -0.12065E+03    0.47656E+06   -0.45405E+01
   708    0.21399E+04    0.42431E+02   -0.12222E+03    0.47539E+06   -0.73647E+01
   709    0.21467E+04    0.42304E+02   -0.12379E+03    0.47422E+06   -0.10162E+02
   710    0.21537E+04    0.42169E+02   -0.12532E+03    0.47305E+06   -0.12933E+02
   711    0.21609E+04    0.42029E+02   -0.12682E+03    0.47189E+06   -0.15677E+02
   712    0.21682E+04    0.41882E+02   -0.12831E+03    0.47073E+06   -0.18393E+02
   713    0.21758E+04    0.41728E+02   -0.12975E+03    0.46958E+06   -0.21081E+02
   714    0.21834E+04    0.41570E+02   -0.13117E+03    0.46843E+06   -0.23741E+02
   715    0.21912E+04    0.41404E+02   -0.13257E+03    0.46728E+06   -0.26373E+02
   716    0.21991E+04    0.41232E+02   -0.13393E+03    0.46614E+06   -0.28975E+02
   717    0.22072E+04    0.41055E+02   -0.13525E+03    0.46500E+06   -0.31548E+02
   718    0.22154E+04    0.40872E+02   -0.13655E+03    0.46387E+06   -0.34091E+02
   719    0.22237E+04    0.40682E+02   -0.13780E+03    0.46274E+06   -0.36604E+02
   720    0.22320E+04    0.40487E+02   -0.13904E+03    0.46161E+06   -0.39086E+02
   721    0.22407E+04    0.40287E+02   -0.14023E+03    0.46049E+06   -0.41538E+02
   722    0.22494E+04    0.40081E+02   -0.14138E+03    0.45937E+06   -0.43958E+02
   723    0.22582E+04    0.39870E+02   -0.14251E+03    0.45826E+06   -0.46346E+02
   724    0.22670E+04    0.39654E+02   -0.14361E+03    0.45715E+06   -0.48703E+02
   725    0.22760E+04    0.39432E+02   -0.14466E+03    0.45605E+06   -0.51027E+02
   726    0.22852E+04    0.39208E+02   -0.14567E+03    0.45494E+06   -0.53318E+02
   727    0.22944E+04    0.38976E+02   -0.14666E+03    0.45385E+06   -0.55576E+02
   728    0.23036E+04    0.38739E+02   -0.14760E+03    0.45275E+06   -0.57801E+02
   729    0.23130E+04    0.38498E+02   -0.14851E+03    0.45166E+06   -0.59992E+02
   730    0.23223E+04    0.38252E+02   -0.14938E+03    0.45058E+06   -0.62149E+02
   731    0.23319E+04    0.38001E+02   -0.15020E+03    0.44950E+06   -0.64270E+02
   732    0.23415E+04    0.37748E+02   -0.15098E+03    0.44842E+06   -0.66357E+02
   733    0.23512E+04    0.37488E+02   -0.15174E+03    0.44735E+06   -0.68409E+02
   734    0.23609E+04    0.37225E+02   -0.15244E+03    0.44628E+06   -0.70425E+02
   735    0.23707E+04    0.36957E+02   -0.15311E+03    0.44521E+06   -0.72404E+02
   736    0.23805E+04    0.36686E+02   -0.15374E+03    0.44415E+06   -0.74347E+02
   737    0.23904E+04    0.36412E+02   -0.15433E+03    0.44309E+06   -0.76254E+02
   738    0.24002E+04    0.36134E+02   -0.15486E+03    0.44204E+06   -0.78123E+02
   739    0.24101E+04    0.35852E+02   -0.15536E+03    0.44099E+06   -0.79954E+02
   740    0.24201E+04    0.35566E+02   -0.15582E+03    0.43995E+06   -0.81747E+02
   741    0.24301E+04    0.35276E+02   -0.15624E+03    0.43891E+06   -0.83502E+02
   742    0.24401E+04    0.34986E+02   -0.15661E+03    0.43787E+06   -0.85219E+02
   743    0.24501E+04    0.34692E+02   -0.15694E+03    0.43684E+06   -0.86896E+02
   744    0.24602E+04    0.34395E+02   -0.15722E+03    0.43581E+06   -0.88533E+02
   745    0.24702E+04    0.34095E+02   -0.15748E+03    0.43478E+06   -0.90131E+02
   746    0.24802E+04    0.33793E+02   -0.15766E+03    0.43376E+06   -0.91689E+02
   747    0.24902E+04    0.33487E+02   -0.15782E+03    0.43274E+06   -0.93206E+02
   748    0.25002E+04    0.33180E+02   -0.15793E+03    0.43173E+06   -0.94682E+02
   749    0.25103E+04    0.32870E+02   -0.15801E+03    0.43072E+06   -0.96116E+02
   750    0.25202E+04    0.32558E+02   -0.15803E+03    0.42972E+06   -0.97509E+02
   751    0.25302E+04    0.32244E+02   -0.15801E+03    0.42872E+06   -0.98860E+02
   752    0.25402E+04    0.31930E+02   -0.15794E+03    0.42772E+06   -0.10017E+03
   753    0.25501E+04    0.31612E+02   -0.15783E+03    0.42673E+06   -0.10144E+03
   754    0.25599E+04    0.31294E+02   -0.15766E+03    0.42574E+06   -0.10267E+03
   755    0.25698E+04    0.30974E+02   -0.15747E+03    0.42475E+06   -0.10386E+03
   756    0.25795E+04    0.30653E+02   -0.15722E+03    0.42377E+06   -0.10501E+03
   757    0.25893E+04    0.30332E+02   -0.15693E+03    0.42279E+06   -0.10613E+03
   758    0.25989E+04    0.30009E+02   -0.15659E+03    0.42182E+06   -0.10721E+03
   759    0.26086E+04    0.29684E+02   -0.15622E+03    0.42084E+06   -0.10825E+03
   760    0.26181E+04    0.29359E+02   -0.15580E+03    0.41988E+06   -0.10926E+03
   761    0.26276E+04    0.29034E+02   -0.15535E+03    0.41891E+06   -0.11024E+03
   762    0.26371E+04    0.28709E+02   -0.15484E+03    0.41795E+06   -0.11118E+03
   763    0.26464E+04    0.28384E+02   -0.15430E+03    0.41699E+06   -0.11210E+03
   764    0.26557E+04    0.28058E+02   -0.15372E+03    0.41603E+06   -0.11298E+03
   765    0.26649E+04    0.27732E+02   -0.15309E+03    0.41508E+06   -0.11383E+03
   766    0.26740E+04    0.27407E+02   -0.15242E+03    0.41413E+06   -0.11465E+03
   767    0.26831E+04    0.27082E+02   -0.15172E+03    0.41318E+06   -0.11544E+03
   768    0.26920E+04    0.26757E+02   -0.15096E+03    0.41224E+06   -0.11620E+03
   769    0.27009E+04    0.26432E+02   -0.15017E+03    0.41130E+06   -0.11694E+03
   770    0.27096E+04    0.26109E+02   -0.14935E+03    0.41036E+06   -0.11765E+03
   771    0.27182E+04    0.25786E+02   -0.14848E+03    0.40942E+06   -0.11834E+03
   772    0.27267E+04    0.25465E+02   -0.14756E+03    0.40848E+06   -0.11900E+03
   773    0.27351E+04    0.25145E+02   -0.14662E+03    0.40755E+06   -0.11964E+03
   774    0.27434E+04    0.24826E+02   -0.14565E+03    0.40662E+06   -0.12025E+03
   775    0.27517E+04    0.24508E+02   -0.14463E+03    0.40569E+06   -0.12084E+03
   776    0.27596E+04    0.24193E+02   -0.14358E+03    0.40476E+06   -0.12142E+03
   777    0.27675E+04    0.23878E+02   -0.14248E+03    0.40384E+06   -0.12197E+03
   778    0.27755E+04    0.23566E+02   -0.14135E+03    0.40292E+06   -0.12250E+03
   779    0.27831E+04    0.23256E+02   -0.14019E+03    0.40199E+06   -0.12301E+03
   780    0.27906E+04    0.22946E+02   -0.13900E+03    0.40107E+06   -0.12351E+03
   781    0.27981E+04    0.22641E+02   -0.13777E+03    0.40016E+06   -0.12399E+03
   782    0.28053E+04    0.22337E+02   -0.13652E+03    0.39924E+06   -0.12445E+03
   783    0.28125E+04    0.22035E+02   -0.13523E+03    0.39833E+06   -0.12490E+03
   784    0.28195E+04    0.21737E+02   -0.13390E+03    0.39741E+06   -0.12534E+03
   785    0.28263E+04    0.21441E+02   -0.13255E+03    0.39650E+06   -0.12576E+03
   786    0.28330E+04    0.21147E+02   -0.13114E+03    0.39559E+06   -0.12617E+03
   787    0.28395E+04    0.20857E+02   -0.12972E+03    0.39468E+06   -0.12656E+03
   788    0.28458E+04    0.20570E+02   -0.12827E+03    0.39377E+06   -0.12695E+03
   789    0.28520E+04    0.20284E+02   -0.12680E+03    0.39286E+06   -0.12732E+03
   790    0.28581E+04    0.20004E+02   -0.12528E+03    0.39196E+06   -0.12769E+03
   791    0.28640E+04    0.19727E+02   -0.12374E+03    0.39105E+06   -0.12805E+03
   792    0.28698E+04    0.19453E+02   -0.12218E+03    0.39014E+06   -0.12839E+03
   793    0.28753E+04    0.19185E+02   -0.12059E+03    0.38924E+06   -0.12874E+03
   794    0.28806E+04    0.18919E+02   -0.11897E+03    0.38833E+06   -0.12908E+03
   795    0.28857E+04    0.18657E+02   -0.11733E+03    0.38743E+06   -0.12941E+03
   796    0.28909E+04    0.18400E+02   -0.11567E+03    0.38653E+06   -0.12974E+03
   797    0.28957E+04    0.18146E+02   -0.11398E+03    0.38562E+06   -0.13006E+03
   798    0.29003E+04    0.17897E+02   -0.11228E+03    0.38472E+06   -0.13038E+03
   799    0.29048E+04    0.17652E+02   -0.11055E+03    0.38382E+06   -0.13070E+03
   800    0.29091E+04    0.17411E+02   -0.10880E+03    0.38292E+06   -0.13102E+03
