#    L    TT             EE             TE             PP             TP          
     2    0.32875E+03    0.73184E-10   -0.11588E-04    0.94325E+06    0.32891E+05
     3    0.23043E+03    0.22530E-10    0.73386E-05    0.14439E+07    0.36743E+05
     4    0.17320E+03    0.60270E-11    0.57739E-05    0.18820E+07    0.38019E+05
     5    0.13616E+03    0.19801E-11    0.31040E-05    0.22636E+07    0.38071E+05
     6    0.11042E+03    0.82869E-12    0.32970E-05    0.25953E+07    0.37485E+05
     7    0.91607E+02    0.61596E-12    0.43192E-05    0.28844E+07    0.36562E+05
     8    0.77346E+02    0.60568E-12    0.41780E-05    0.31369E+07    0.35464E+05
     9    0.66233E+02    0.42430E-12    0.28930E-05    0.33580E+07    0.34288E+05
    10    0.57366E+02    0.19313E-12    0.15438E-05    0.35518E+07    0.33080E+05
    11    0.50172E+02    0.93917E-13    0.86432E-06    0.37224E+07    0.31882E+05
    12    0.44380E+02    0.10382E-03   -0.23713E-03    0.38718E+07    0.30702E+05
    13    0.39262E+02    0.14013E-12    0.10619E-05    0.40025E+07    0.29550E+05
    14    0.35022E+02   -0.27194E-04    0.79695E-04    0.41170E+07    0.28439E+05
    15    0.31480E+02    0.10958E-12    0.10784E-05    0.42171E+07    0.27371E+05
    16    0.28364E+02   -0.22586E-04    0.32395E-03    0.43043E+07    0.26345E+05
    17    0.25720E+02    0.42516E-13    0.52034E-06    0.43798E+07    0.25363E+05
    18    0.22951E+02    0.11488E-04   -0.52576E-03    0.44452E+07    0.24425E+05
    19    0.21336E+02    0.18995E-13    0.24358E-06    0.45009E+07    0.23528E+05
    20    0.19563E+02    0.10034E-04   -0.10622E-04    0.45479E+07    0.22669E+05
    21    0.17916E+02    0.31611E-13    0.40622E-06    0.45869E+07    0.21847E+05
    22    0.16528E+02   -0.67106E-05   -0.42582E-04    0.46191E+07    0.21063E+05
    23    0.15203E+02    0.77385E-13    0.62417E-06    0.46450E+07    0.20315E+05
    24    0.14029E+02   -0.45945E-05    0.19331E-03    0.46650E+07    0.19599E+05
    25    0.13014E+02    0.91402E-13    0.62743E-06    0.46796E+07    0.18914E+05
    26    0.12022E+02    0.45677E-05    0.17374E-03    0.46894E+07    0.18260E+05
    27    0.11227E+02    0.57492E-13    0.44134E-06    0.46949E+07    0.17635E+05
    28    0.10428E+02    0.62322E-06   -0.24441E-03    0.46964E+07    0.17036E+05
    29    0.97508E+01    0.25854E-13    0.22122E-06    0.46941E+07    0.16463E+05
    30    0.91774E+01   -0.21393E-05    0.16622E-04    0.46881E+07    0.15914E+05
    31    0.85174E+01    0.16112E-13    0.83811E-07    0.46788E+07    0.15386E+05
    32    0.79448E+01    0.18985E-05    0.16029E-03    0.46668E+07    0.14882E+05
    33    0.74798E+01    0.13865E-13    0.59407E-07    0.46523E+07    0.14398E+05
    34    0.70047E+01    0.58091E-06   -0.27662E-03    0.46355E+07    0.13934E+05
    35    0.66001E+01    0.13027E-13    0.11241E-06    0.46165E+07    0.13489E+05
    36    0.62656E+01   -0.13653E-06    0.46389E-03    0.45955E+07    0.13062E+05
    37    0.58492E+01    0.18049E-13    0.18557E-06    0.45727E+07    0.12652E+05
    38    0.54899E+01    0.41830E-05   -0.55386E-03    0.45483E+07    0.12258E+05
    39    0.52289E+01    0.55145E-05   -0.64606E-03    0.45224E+07    0.11879E+05
    40    0.49159E+01    0.31327E-13    0.24780E-06    0.44951E+07    0.11516E+05
    41    0.47547E+01   -0.10177E-04    0.12921E-02    0.44666E+07    0.11166E+05
    42    0.45074E+01   -0.18179E-04    0.24752E-02    0.44368E+07    0.10829E+05
    43    0.42902E+01   -0.16190E-04    0.26483E-02    0.44061E+07    0.10505E+05
    44    0.39221E+01   -0.11250E-04    0.18018E-02    0.43744E+07    0.10193E+05
    45    0.37421E+01    0.24014E-13    0.18399E-06    0.43418E+07    0.98930E+04
    46    0.36511E+01    0.21386E-04   -0.44409E-02    0.43086E+07    0.96037E+04
    47    0.35072E+01    0.45231E-04   -0.10322E-01    0.42747E+07    0.93251E+04
    48    0.32503E+01    0.68040E-04   -0.13066E-01    0.42402E+07    0.90567E+04
    49    0.29691E+01    0.64032E-04   -0.86923E-02    0.42053E+07    0.87980E+04
    50    0.29008E+01    0.74070E-14    0.68149E-07    0.41699E+07    0.85486E+04
    51    0.28316E+01   -0.15865E-03    0.87113E-02    0.41342E+07    0.83081E+04
    52    0.29739E+01   -0.32573E-03    0.12776E-01    0.40982E+07    0.80761E+04
    53    0.29406E+01   -0.34961E-03    0.92855E-02    0.40619E+07    0.78524E+04
    54    0.26416E+01   -0.23463E-03    0.33016E-02    0.40255E+07    0.76364E+04
    55    0.22841E+01    0.38207E-14    0.25113E-07    0.39889E+07    0.74280E+04
    56    0.20800E+01    0.21343E-03   -0.17291E-02    0.39522E+07    0.72267E+04
    57    0.19635E+01    0.29820E-03   -0.18358E-02    0.39154E+07    0.70323E+04
    58    0.19474E+01    0.26287E-03   -0.12124E-02    0.38785E+07    0.68445E+04
    59    0.18962E+01    0.14575E-03   -0.77347E-03    0.38416E+07    0.66630E+04
    60    0.18231E+01    0.25784E-14    0.37582E-07    0.38047E+07    0.64875E+04
    61    0.20343E+01   -0.80085E-04    0.18113E-02    0.37678E+07    0.63178E+04
    62    0.19292E+01   -0.10301E-03    0.37229E-02    0.37310E+07    0.61537E+04
    63    0.17207E+01   -0.10297E-03    0.47585E-02    0.36943E+07    0.59950E+04
    64    0.16956E+01   -0.62183E-04    0.37192E-02    0.36577E+07    0.58414E+04
    65    0.14726E+01    0.69850E-14    0.53420E-07    0.36212E+07    0.56929E+04
    66    0.13381E+01    0.21984E-04   -0.46037E-02    0.35849E+07    0.55491E+04
    67    0.11307E+01    0.10896E-04   -0.77600E-02    0.35488E+07    0.54100E+04
    68    0.11345E+01    0.13330E-04   -0.83024E-02    0.35130E+07    0.52754E+04
    69    0.11133E+01   -0.58331E-05   -0.49903E-02    0.34773E+07    0.51451E+04
    70    0.12026E+01    0.63756E-14    0.48625E-07    0.34419E+07    0.50189E+04
    71    0.12464E+01    0.25785E-04    0.38996E-02    0.34068E+07    0.48967E+04
    72    0.12616E+01    0.53062E-04    0.55055E-02    0.33719E+07    0.47782E+04
    73    0.11967E+01    0.56304E-04    0.45079E-02    0.33373E+07    0.46635E+04
    74    0.10744E+01    0.32269E-04    0.20827E-02    0.33029E+07    0.45523E+04
    75    0.99187E+00    0.32816E-14    0.34542E-07    0.32689E+07    0.44445E+04
    76    0.89010E+00   -0.30693E-04   -0.95235E-03    0.32351E+07    0.43399E+04
    77    0.82925E+00   -0.57223E-04   -0.10189E-02    0.32015E+07    0.42385E+04
    78    0.86208E+00   -0.41664E-04   -0.21692E-02    0.31683E+07    0.41401E+04
    79    0.81848E+00   -0.27803E-04   -0.11730E-02    0.31354E+07    0.40447E+04
    80    0.82547E+00    0.28128E-14    0.23106E-07    0.31029E+07    0.39521E+04
    81    0.79179E+00    0.27379E-05    0.31531E-03    0.30706E+07    0.38623E+04
    82    0.79299E+00    0.12525E-04    0.24967E-03    0.30387E+07    0.37752E+04
    83    0.76063E+00    0.14258E-04   -0.27075E-03    0.30072E+07    0.36906E+04
    84    0.77481E+00    0.15117E-04    0.16588E-03    0.29761E+07    0.36086E+04
    85    0.69279E+00    0.20627E-14    0.17541E-07    0.29453E+07    0.35289E+04
    86    0.59395E+00   -0.80104E-05   -0.13641E-03    0.29149E+07    0.34517E+04
    87    0.70330E+00   -0.26216E-04    0.24022E-03    0.28849E+07    0.33766E+04
    88    0.57654E+00   -0.26302E-04    0.83363E-03    0.28552E+07    0.33038E+04
    89    0.58652E+00   -0.96688E-05   -0.13813E-03    0.28260E+07    0.32330E+04
    90    0.58609E+00    0.11251E-14    0.13984E-07    0.27971E+07    0.31642E+04
    91    0.50274E+00    0.88892E-05    0.16983E-03    0.27686E+07    0.30973E+04
    92    0.48829E+00    0.16379E-04    0.62229E-03    0.27405E+07    0.30323E+04
    93    0.54638E+00    0.29435E-04    0.82642E-03    0.27127E+07    0.29691E+04
    94    0.45778E+00    0.25308E-04    0.17369E-02    0.26854E+07    0.29076E+04
    95    0.44896E+00    0.18391E-04    0.20800E-02    0.26584E+07    0.28479E+04
    96    0.22642E+00    0.82198E-05    0.20674E-02    0.26317E+07    0.27898E+04
    97    0.23948E+00   -0.56680E-05    0.19112E-02    0.26055E+07    0.27334E+04
    98    0.26891E+00   -0.16308E-04    0.33088E-02    0.25796E+07    0.26785E+04
    99    0.16977E+00   -0.46450E-04    0.27578E-02    0.25540E+07    0.26252E+04
   100    0.16855E+00   -0.81699E-04    0.41844E-02    0.25288E+07    0.25733E+04
   101    0.12028E+00   -0.48236E-04    0.40862E-02    0.25040E+07    0.25229E+04
   102    0.40003E+00   -0.80235E-04    0.41607E-02    0.24795E+07    0.24738E+04
   103    0.41714E+00   -0.89020E-04    0.31342E-02    0.24553E+07    0.24261E+04
   104    0.47238E+00   -0.60196E-04    0.34469E-02    0.24315E+07    0.23797E+04
   105    0.49508E+00   -0.53656E-04    0.30823E-02    0.24080E+07    0.23346E+04
   106    0.56315E+00    0.19279E-04    0.22523E-02    0.23849E+07    0.22906E+04
   107    0.38309E+00    0.24434E-04    0.19114E-02    0.23621E+07    0.22478E+04
   108    0.40422E+00    0.50485E-04    0.78595E-03    0.23396E+07    0.22061E+04
   109    0.40731E+00    0.37543E-04   -0.16941E-03    0.23175E+07    0.21655E+04
   110    0.32171E+00    0.11251E-14    0.60753E-08    0.22957E+07    0.21259E+04
   111    0.22602E+00    0.25783E-04   -0.72092E-03    0.22742E+07    0.20872E+04
   112    0.12735E+00    0.51254E-04   -0.21128E-02    0.22530E+07    0.20496E+04
   113    0.10776E+00    0.86308E-04   -0.32119E-02    0.22321E+07    0.20128E+04
   114    0.26507E-01    0.66557E-04   -0.37972E-02    0.22116E+07    0.19769E+04
   115    0.39941E-01    0.15046E-03   -0.43908E-02    0.21913E+07    0.19419E+04
   116   -0.66987E-01    0.12507E-03   -0.47717E-02    0.21714E+07    0.19078E+04
   117    0.10656E-01    0.74553E-04   -0.47190E-02    0.21517E+07    0.18745E+04
   118    0.13210E+00    0.15738E-03   -0.54974E-02    0.21324E+07    0.18421E+04
   119    0.15658E+00    0.23488E-03   -0.54004E-02    0.21133E+07    0.18104E+04
   120    0.24045E+00    0.16838E-03   -0.49499E-02    0.20945E+07    0.17795E+04
   121    0.24296E+00    0.26490E-03   -0.46678E-02    0.20760E+07    0.17494E+04
   122    0.24617E+00    0.23721E-03   -0.43333E-02    0.20578E+07    0.17200E+04
   123    0.25790E+00    0.16949E-03   -0.44681E-02    0.20398E+07    0.16913E+04
   124    0.28593E+00    0.14592E-03   -0.26230E-02    0.20222E+07    0.16633E+04
   125    0.26378E+00    0.10210E-03   -0.15484E-02    0.20047E+07    0.16360E+04
   126    0.27354E+00    0.12222E-03   -0.10233E-02    0.19876E+07    0.16093E+04
   127    0.24872E+00    0.67608E-04   -0.82677E-03    0.19707E+07    0.15832E+04
   128    0.19711E+00    0.96719E-04   -0.73800E-03    0.19541E+07    0.15577E+04
   129    0.20080E+00    0.70884E-04   -0.53605E-03    0.19377E+07    0.15329E+04
   130    0.19330E+00    0.11251E-14    0.63982E-08    0.19215E+07    0.15086E+04
   131    0.18275E+00    0.40701E-04   -0.11275E-02    0.19056E+07    0.14848E+04
   132    0.25290E+00    0.45184E-04   -0.14194E-02    0.18900E+07    0.14615E+04
   133    0.26499E+00    0.86669E-04   -0.35664E-02    0.18746E+07    0.14388E+04
   134    0.30311E+00    0.16409E-03   -0.35737E-02    0.18594E+07    0.14166E+04
   135    0.37707E+00    0.20211E-03   -0.48750E-02    0.18444E+07    0.13949E+04
   136    0.34810E+00    0.19965E-03   -0.42183E-02    0.18297E+07    0.13736E+04
   137    0.37459E+00    0.22994E-03   -0.42943E-02    0.18151E+07    0.13528E+04
   138    0.39205E+00    0.21763E-03   -0.40796E-02    0.18008E+07    0.13325E+04
   139    0.26172E+00    0.31022E-03   -0.32936E-02    0.17867E+07    0.13126E+04
   140    0.29055E+00    0.28381E-03   -0.31413E-02    0.17728E+07    0.12932E+04
   141    0.19120E+00    0.21161E-03   -0.18566E-02    0.17591E+07    0.12742E+04
   142    0.19634E+00    0.16683E-03   -0.64437E-03    0.17456E+07    0.12555E+04
   143    0.24148E+00    0.14843E-03    0.33035E-04    0.17323E+07    0.12373E+04
   144    0.18787E+00    0.81045E-04    0.45624E-03    0.17192E+07    0.12195E+04
   145    0.11960E+00    0.11218E-03    0.90586E-03    0.17063E+07    0.12020E+04
   146    0.26932E+00    0.17933E-04    0.91965E-03    0.16935E+07    0.11849E+04
   147    0.20115E+00    0.20080E-04    0.15210E-02    0.16809E+07    0.11682E+04
   148    0.14773E+00   -0.31007E-04    0.76213E-03    0.16685E+07    0.11517E+04
   149    0.19315E+00   -0.62107E-04   -0.33364E-03    0.16563E+07    0.11356E+04
   150    0.12438E+00    0.00000E+00    0.48584E-09    0.16442E+07    0.11199E+04
   151    0.99469E-01    0.77267E-04   -0.16144E-02    0.16323E+07    0.11044E+04
   152   -0.21939E-01    0.80850E-04   -0.38724E-02    0.16206E+07    0.10892E+04
   153   -0.83380E-01    0.14206E-03   -0.46709E-02    0.16089E+07    0.10743E+04
   154   -0.15124E+00    0.24362E-03   -0.63636E-02    0.15975E+07    0.10597E+04
   155   -0.21763E+00    0.36829E-03   -0.83328E-02    0.15862E+07    0.10454E+04
   156   -0.42322E+00    0.49880E-03   -0.10704E-01    0.15750E+07    0.10313E+04
   157   -0.46298E+00    0.61790E-03   -0.12116E-01    0.15640E+07    0.10175E+04
   158   -0.55186E+00    0.78259E-03   -0.13437E-01    0.15532E+07    0.10040E+04
   159   -0.68198E+00    0.82706E-03   -0.14794E-01    0.15424E+07    0.99070E+03
   160   -0.77114E+00    0.88262E-03   -0.14824E-01    0.15318E+07    0.97767E+03
   161   -0.81147E+00    0.10063E-02   -0.15139E-01    0.15214E+07    0.96489E+03
   162   -0.86933E+00    0.10322E-02   -0.15864E-01    0.15110E+07    0.95234E+03
   163   -0.78829E+00    0.10175E-02   -0.15639E-01    0.15008E+07    0.94003E+03
   164   -0.85756E+00    0.10190E-02   -0.16075E-01    0.14907E+07    0.92795E+03
   165   -0.77213E+00    0.94538E-03   -0.15068E-01    0.14808E+07    0.91609E+03
   166   -0.67267E+00    0.92781E-03   -0.14230E-01    0.14709E+07    0.90445E+03
   167   -0.47699E+00    0.72622E-03   -0.14427E-01    0.14612E+07    0.89302E+03
   168   -0.40005E+00    0.69477E-03   -0.13558E-01    0.14516E+07    0.88179E+03
   169   -0.28540E+00    0.51905E-03   -0.11747E-01    0.14421E+07    0.87076E+03
   170   -0.12513E+00    0.40467E-03   -0.10605E-01    0.14327E+07    0.85992E+03
   171   -0.59918E-01    0.33435E-03   -0.80286E-02    0.14234E+07    0.84928E+03
   172   -0.75869E-02    0.21656E-03   -0.56291E-02    0.14142E+07    0.83881E+03
   173   -0.34524E-01    0.34034E-04   -0.35315E-02    0.14051E+07    0.82852E+03
   174    0.15734E-01    0.66645E-04   -0.18610E-02    0.13961E+07    0.81841E+03
   175    0.76796E-01    0.00000E+00    0.39064E-11    0.13872E+07    0.80846E+03
   176    0.81155E-02    0.36738E-04    0.19737E-02    0.13785E+07    0.79867E+03
   177   -0.33230E-01    0.70562E-04    0.26861E-02    0.13697E+07    0.78903E+03
   178   -0.11289E+00    0.28936E-03    0.37823E-02    0.13611E+07    0.77956E+03
   179   -0.22223E+00    0.36102E-03    0.54213E-02    0.13526E+07    0.77023E+03
   180   -0.20404E+00    0.47345E-03    0.62767E-02    0.13441E+07    0.76105E+03
   181   -0.27254E+00    0.59167E-03    0.65077E-02    0.13358E+07    0.75202E+03
   182   -0.34482E+00    0.75500E-03    0.77592E-02    0.13275E+07    0.74313E+03
   183   -0.48653E+00    0.85420E-03    0.87047E-02    0.13193E+07    0.73438E+03
   184   -0.54045E+00    0.92858E-03    0.10246E-01    0.13112E+07    0.72576E+03
   185   -0.57224E+00    0.10917E-02    0.10315E-01    0.13032E+07    0.71729E+03
   186   -0.94468E+00    0.11676E-02    0.12040E-01    0.12952E+07    0.70894E+03
   187   -0.98059E+00    0.12623E-02    0.14096E-01    0.12873E+07    0.70072E+03
   188   -0.10427E+01    0.13260E-02    0.15157E-01    0.12795E+07    0.69263E+03
   189   -0.11968E+01    0.13610E-02    0.16867E-01    0.12717E+07    0.68466E+03
   190   -0.98841E+00    0.13842E-02    0.17157E-01    0.12641E+07    0.67681E+03
   191   -0.11518E+01    0.13829E-02    0.19157E-01    0.12565E+07    0.66908E+03
   192   -0.11583E+01    0.13446E-02    0.20798E-01    0.12489E+07    0.66146E+03
   193   -0.12222E+01    0.12787E-02    0.20754E-01    0.12414E+07    0.65396E+03
   194   -0.11119E+01    0.11801E-02    0.21412E-01    0.12340E+07    0.64656E+03
   195   -0.10417E+01    0.10509E-02    0.20704E-01    0.12267E+07    0.63927E+03
   196   -0.10030E+01    0.89326E-03    0.19530E-01    0.12194E+07    0.63209E+03
   197   -0.83855E+00    0.71685E-03    0.16565E-01    0.12122E+07    0.62500E+03
   198   -0.61398E+00    0.50895E-03    0.12711E-01    0.12050E+07    0.61801E+03
   199   -0.32067E+00    0.27175E-03    0.73839E-02    0.11979E+07    0.61112E+03
   200    0.50008E-01    0.00000E+00   -0.47705E-12    0.11908E+07    0.60432E+03
   201    0.43083E+00   -0.28135E-03   -0.84539E-02    0.11838E+07    0.59760E+03
   202    0.89680E+00   -0.59737E-03   -0.18882E-01    0.11768E+07    0.59098E+03
   203    0.13728E+01   -0.92061E-03   -0.29875E-01    0.11699E+07    0.58444E+03
   204    0.17837E+01   -0.12608E-02   -0.43737E-01    0.11630E+07    0.57799E+03
   205    0.22771E+01   -0.16054E-02   -0.57575E-01    0.11562E+07    0.57162E+03
   206    0.27038E+01   -0.19491E-02   -0.71984E-01    0.11494E+07    0.56534E+03
   207    0.32113E+01   -0.23019E-02   -0.86745E-01    0.11427E+07    0.55914E+03
   208    0.35760E+01   -0.26435E-02   -0.10171E+00    0.11361E+07    0.55302E+03
   209    0.39457E+01   -0.29838E-02   -0.11658E+00    0.11294E+07    0.54699E+03
   210    0.43193E+01   -0.33028E-02   -0.13159E+00    0.11228E+07    0.54103E+03
   211    0.46962E+01   -0.36027E-02   -0.14613E+00    0.11163E+07    0.53515E+03
   212    0.49269E+01   -0.38858E-02   -0.16047E+00    0.11098E+07    0.52935E+03
   213    0.52333E+01   -0.41395E-02   -0.17389E+00    0.11034E+07    0.52363E+03
   214    0.54661E+01   -0.44033E-02   -0.18694E+00    0.10970E+07    0.51798E+03
   215    0.56986E+01   -0.45160E-02   -0.19969E+00    0.10906E+07    0.51241E+03
   216    0.58558E+01   -0.46954E-02   -0.21095E+00    0.10843E+07    0.50691E+03
   217    0.60854E+01   -0.48174E-02   -0.22206E+00    0.10780E+07    0.50149E+03
   218    0.62380E+01   -0.49140E-02   -0.23214E+00    0.10718E+07    0.49614E+03
   219    0.63869E+01   -0.50172E-02   -0.23956E+00    0.10655E+07    0.49085E+03
   220    0.65313E+01   -0.50105E-02   -0.24809E+00    0.10594E+07    0.48564E+03
   221    0.66704E+01   -0.50002E-02   -0.25486E+00    0.10533E+07    0.48050E+03
   222    0.68033E+01   -0.48696E-02   -0.26067E+00    0.10472E+07    0.47542E+03
   223    0.67807E+01   -0.47250E-02   -0.26412E+00    0.10411E+07    0.47042E+03
   224    0.68987E+01   -0.45985E-02   -0.26826E+00    0.10351E+07    0.46547E+03
   225    0.69337E+01   -0.43735E-02   -0.26945E+00    0.10291E+07    0.46060E+03
   226    0.69590E+01   -0.40820E-02   -0.27073E+00    0.10232E+07    0.45578E+03
   227    0.68997E+01   -0.37559E-02   -0.26996E+00    0.10173E+07    0.45103E+03
   228    0.69034E+01   -0.34273E-02   -0.26795E+00    0.10114E+07    0.44634E+03
   229    0.68949E+01   -0.30538E-02   -0.26553E+00    0.10055E+07    0.44171E+03
   230    0.67991E+01   -0.26675E-02   -0.26128E+00    0.99971E+06    0.43715E+03
   231    0.66152E+01   -0.22262E-02   -0.25528E+00    0.99393E+06    0.43264E+03
   232    0.64909E+01   -0.18360E-02   -0.24836E+00    0.98817E+06    0.42819E+03
   233    0.63510E+01   -0.13061E-02   -0.24132E+00    0.98244E+06    0.42379E+03
   234    0.60461E+01   -0.81706E-03   -0.23276E+00    0.97675E+06    0.41945E+03
   235    0.57982E+01   -0.32665E-03   -0.22351E+00    0.97108E+06    0.41517E+03
   236    0.54580E+01    0.13318E-03   -0.21288E+00    0.96544E+06    0.41094E+03
   237    0.50988E+01    0.60470E-03   -0.20172E+00    0.95982E+06    0.40676E+03
   238    0.47197E+01    0.11302E-02   -0.18933E+00    0.95423E+06    0.40264E+03
   239    0.43943E+01    0.15291E-02   -0.17582E+00    0.94867E+06    0.39857E+03
   240    0.38988E+01    0.18438E-02   -0.16272E+00    0.94313E+06    0.39454E+03
   241    0.35294E+01    0.21907E-02   -0.14865E+00    0.93761E+06    0.39057E+03
   242    0.31369E+01    0.23893E-02   -0.13367E+00    0.93212E+06    0.38664E+03
   243    0.27202E+01    0.25562E-02   -0.11859E+00    0.92665E+06    0.38276E+03
   244    0.22786E+01    0.25851E-02   -0.10203E+00    0.92120E+06    0.37892E+03
   245    0.18113E+01    0.25182E-02   -0.86270E-01    0.91578E+06    0.37513E+03
   246    0.13915E+01    0.23237E-02   -0.69168E-01    0.91037E+06    0.37139E+03
   247    0.10186E+01    0.18952E-02   -0.52285E-01    0.90499E+06    0.36768E+03
   248    0.61732E+00    0.15721E-02   -0.34955E-01    0.89962E+06    0.36402E+03
   249    0.33540E+00    0.80248E-03   -0.17253E-01    0.89427E+06    0.36040E+03
   250    0.23431E-01    0.00000E+00   -0.48005E-13    0.88894E+06    0.35682E+03
   251   -0.17238E+00   -0.11553E-02    0.18203E-01    0.88362E+06    0.35328E+03
   252   -0.48328E+00   -0.24267E-02    0.36481E-01    0.87833E+06    0.34977E+03
   253   -0.54776E+00   -0.40141E-02    0.53948E-01    0.87305E+06    0.34631E+03
   254   -0.67284E+00   -0.55973E-02    0.71205E-01    0.86779E+06    0.34288E+03
   255   -0.79414E+00   -0.74504E-02    0.88851E-01    0.86256E+06    0.33949E+03
   256   -0.84729E+00   -0.91791E-02    0.10749E+00    0.85734E+06    0.33614E+03
   257   -0.84218E+00   -0.11206E-01    0.11954E+00    0.85215E+06    0.33282E+03
   258   -0.86300E+00   -0.13137E-01    0.13824E+00    0.84698E+06    0.32954E+03
   259   -0.84536E+00   -0.15097E-01    0.14933E+00    0.84183E+06    0.32630E+03
   260   -0.72489E+00   -0.17063E-01    0.16826E+00    0.83671E+06    0.32309E+03
   261   -0.66005E+00   -0.19087E-01    0.17336E+00    0.83162E+06    0.31992E+03
   262   -0.66074E+00   -0.20923E-01    0.18751E+00    0.82656E+06    0.31678E+03
   263   -0.36544E+00   -0.22770E-01    0.20387E+00    0.82152E+06    0.31368E+03
   264   -0.22977E+00   -0.24532E-01    0.21562E+00    0.81651E+06    0.31062E+03
   265   -0.18933E+00   -0.26259E-01    0.21593E+00    0.81154E+06    0.30758E+03
   266   -0.31173E-01   -0.27706E-01    0.22769E+00    0.80659E+06    0.30459E+03
   267    0.11944E-01   -0.29221E-01    0.22921E+00    0.80168E+06    0.30162E+03
   268    0.78689E-01   -0.30410E-01    0.23595E+00    0.79680E+06    0.29869E+03
   269    0.10593E-01   -0.31547E-01    0.24107E+00    0.79195E+06    0.29579E+03
   270    0.94891E-01   -0.32534E-01    0.24519E+00    0.78714E+06    0.29293E+03
   271    0.98830E-01   -0.33424E-01    0.24889E+00    0.78236E+06    0.29010E+03
   272    0.23536E+00   -0.33894E-01    0.24536E+00    0.77763E+06    0.28730E+03
   273    0.27173E+00   -0.34518E-01    0.25005E+00    0.77293E+06    0.28453E+03
   274    0.34660E+00   -0.34678E-01    0.24127E+00    0.76826E+06    0.28179E+03
   275    0.37580E+00   -0.34870E-01    0.24190E+00    0.76364E+06    0.27909E+03
   276    0.49798E+00   -0.34849E-01    0.23027E+00    0.75906E+06    0.27641E+03
   277    0.48039E+00   -0.34591E-01    0.22926E+00    0.75452E+06    0.27377E+03
   278    0.53599E+00   -0.34149E-01    0.21717E+00    0.75003E+06    0.27116E+03
   279    0.58059E+00   -0.33573E-01    0.20206E+00    0.74557E+06    0.26857E+03
   280    0.60429E+00   -0.32841E-01    0.19935E+00    0.74116E+06    0.26602E+03
   281    0.74575E+00   -0.31854E-01    0.18738E+00    0.73680E+06    0.26350E+03
   282    0.69794E+00   -0.30888E-01    0.17418E+00    0.73249E+06    0.26100E+03
   283    0.74809E+00   -0.29696E-01    0.16033E+00    0.72822E+06    0.25854E+03
   284    0.81202E+00   -0.28329E-01    0.14644E+00    0.72400E+06    0.25610E+03
   285    0.87983E+00   -0.26765E-01    0.13312E+00    0.71983E+06    0.25369E+03
   286    0.86733E+00   -0.25130E-01    0.11352E+00    0.71570E+06    0.25131E+03
   287    0.83890E+00   -0.23399E-01    0.10312E+00    0.71163E+06    0.24896E+03
   288    0.85893E+00   -0.21551E-01    0.87651E-01    0.70762E+06    0.24663E+03
   289    0.84323E+00   -0.19636E-01    0.75142E-01    0.70365E+06    0.24433E+03
   290    0.85619E+00   -0.17779E-01    0.66194E-01    0.69974E+06    0.24206E+03
   291    0.88789E+00   -0.15217E-01    0.46550E-01    0.69589E+06    0.23981E+03
   292    0.63132E+00   -0.13038E-01    0.39095E-01    0.69209E+06    0.23759E+03
   293    0.67083E+00   -0.11592E-01    0.22144E-01    0.68835E+06    0.23539E+03
   294    0.55083E+00   -0.93704E-02    0.18583E-01    0.68466E+06    0.23322E+03
   295    0.63282E+00   -0.78354E-02    0.67261E-02    0.68104E+06    0.23108E+03
   296    0.53550E+00   -0.54786E-02    0.20301E-02    0.67747E+06    0.22896E+03
   297    0.47180E+00   -0.45053E-02    0.50950E-02    0.67397E+06    0.22686E+03
   298    0.28327E+00   -0.26641E-02    0.16641E-02    0.67053E+06    0.22479E+03
   299    0.18285E+00   -0.67475E-03   -0.23422E-03    0.66715E+06    0.22274E+03
   300    0.12071E-01    0.00000E+00    0.00000E+00    0.66383E+06    0.22072E+03
   301   -0.16455E+00    0.87705E-03    0.10259E-01    0.66058E+06    0.21872E+03
   302   -0.28194E+00    0.12775E-02    0.30463E-01    0.65739E+06    0.21674E+03
   303   -0.42347E+00    0.20163E-02    0.45537E-01    0.65425E+06    0.21479E+03
   304   -0.59823E+00    0.31656E-02    0.55267E-01    0.65117E+06    0.21285E+03
   305   -0.74102E+00    0.33118E-02    0.74293E-01    0.64815E+06    0.21094E+03
   306   -0.93520E+00    0.32699E-02    0.94968E-01    0.64517E+06    0.20905E+03
   307   -0.11156E+01    0.31120E-02    0.10965E+00    0.64223E+06    0.20719E+03
   308   -0.12912E+01    0.43959E-02    0.14041E+00    0.63933E+06    0.20534E+03
   309   -0.13970E+01    0.42224E-02    0.15731E+00    0.63647E+06    0.20352E+03
   310   -0.15904E+01    0.34063E-02    0.18242E+00    0.63365E+06    0.20172E+03
   311   -0.17321E+01    0.42485E-02    0.20067E+00    0.63085E+06    0.19993E+03
   312   -0.18312E+01    0.38496E-02    0.22671E+00    0.62809E+06    0.19817E+03
   313   -0.19709E+01    0.37674E-02    0.24545E+00    0.62534E+06    0.19643E+03
   314   -0.20862E+01    0.40740E-02    0.27154E+00    0.62262E+06    0.19471E+03
   315   -0.21860E+01    0.33559E-02    0.28990E+00    0.61991E+06    0.19301E+03
   316   -0.22795E+01    0.31709E-02    0.30775E+00    0.61722E+06    0.19133E+03
   317   -0.23758E+01    0.21055E-02    0.32487E+00    0.61453E+06    0.18967E+03
   318   -0.24838E+01    0.24602E-02    0.34105E+00    0.61185E+06    0.18803E+03
   319   -0.25386E+01    0.20787E-02    0.35606E+00    0.60918E+06    0.18641E+03
   320   -0.25490E+01    0.17759E-02    0.37712E+00    0.60650E+06    0.18481E+03
   321   -0.25985E+01    0.23668E-02    0.38916E+00    0.60382E+06    0.18322E+03
   322   -0.26220E+01    0.16949E-02    0.39938E+00    0.60114E+06    0.18166E+03
   323   -0.26284E+01    0.13182E-02    0.40758E+00    0.59844E+06    0.18011E+03
   324   -0.26268E+01    0.20516E-02    0.40610E+00    0.59573E+06    0.17858E+03
   325   -0.25521E+01    0.25286E-03    0.41702E+00    0.59300E+06    0.17707E+03
   326   -0.25619E+01    0.45130E-03    0.41041E+00    0.59025E+06    0.17558E+03
   327   -0.25168E+01    0.49047E-03    0.40833E+00    0.58748E+06    0.17410E+03
   328   -0.24257E+01   -0.30035E-03    0.41057E+00    0.58467E+06    0.17264E+03
   329   -0.23722E+01   -0.36335E-03    0.40205E+00    0.58184E+06    0.17120E+03
   330   -0.22909E+01   -0.11121E-02    0.38999E+00    0.57897E+06    0.16977E+03
   331   -0.21167E+01   -0.17316E-02    0.38160E+00    0.57607E+06    0.16837E+03
   332   -0.20072E+01   -0.14070E-02    0.37666E+00    0.57312E+06    0.16697E+03
   333   -0.18972E+01   -0.15517E-02    0.36752E+00    0.57013E+06    0.16560E+03
   334   -0.17216E+01   -0.13509E-02    0.35398E+00    0.56709E+06    0.16424E+03
   335   -0.16380E+01   -0.22180E-02    0.33582E+00    0.56399E+06    0.16289E+03
   336   -0.15069E+01   -0.25953E-02    0.32024E+00    0.56085E+06    0.16156E+03
   337   -0.13373E+01   -0.24107E-02    0.29217E+00    0.55764E+06    0.16025E+03
   338   -0.12127E+01   -0.30777E-02    0.27369E+00    0.55437E+06    0.15895E+03
   339   -0.99355E+00   -0.22956E-02    0.24972E+00    0.55104E+06    0.15766E+03
   340   -0.83753E+00   -0.22210E-02    0.23489E+00    0.54763E+06    0.15639E+03
   341   -0.75371E+00   -0.27816E-02    0.20672E+00    0.54416E+06    0.15514E+03
   342   -0.60262E+00   -0.16768E-02    0.17983E+00    0.54061E+06    0.15390E+03
   343   -0.46761E+00   -0.18059E-02    0.15401E+00    0.53698E+06    0.15267E+03
   344   -0.28349E+00   -0.16110E-02    0.12905E+00    0.53326E+06    0.15146E+03
   345   -0.20790E+00   -0.17629E-02    0.10473E+00    0.52946E+06    0.15026E+03
   346   -0.10138E+00   -0.70383E-03    0.88264E-01    0.52557E+06    0.14907E+03
   347   -0.47274E-01   -0.59009E-03    0.64572E-01    0.52159E+06    0.14789E+03
   348    0.19605E-01   -0.60675E-03    0.40871E-01    0.51752E+06    0.14673E+03
   349    0.15892E-01    0.61127E-04    0.16943E-01    0.51334E+06    0.14558E+03
   350    0.67863E-02    0.00000E+00    0.00000E+00    0.50906E+06    0.14445E+03
   351    0.13306E+00    0.76342E-03   -0.17693E-01    0.50467E+06    0.14332E+03
   352    0.20668E-01    0.16595E-02   -0.36808E-01    0.50019E+06    0.14221E+03
   353   -0.34603E-01    0.19922E-02   -0.43252E-01    0.49563E+06    0.14111E+03
   354   -0.18266E+00    0.25510E-02   -0.60074E-01    0.49100E+06    0.14002E+03
   355   -0.27628E+00    0.33826E-02   -0.73179E-01    0.48631E+06    0.13894E+03
   356   -0.39109E+00    0.45338E-02   -0.75903E-01    0.48157E+06    0.13788E+03
   357   -0.52843E+00    0.53084E-02   -0.83866E-01    0.47680E+06    0.13682E+03
   358   -0.61535E+00    0.50104E-02   -0.82973E-01    0.47200E+06    0.13578E+03
   359   -0.80178E+00    0.51721E-02   -0.88846E-01    0.46720E+06    0.13475E+03
   360   -0.94048E+00    0.58403E-02   -0.91104E-01    0.46239E+06    0.13373E+03
   361   -0.11071E+01    0.63189E-02   -0.94968E-01    0.45760E+06    0.13272E+03
   362   -0.12286E+01    0.66545E-02   -0.98230E-01    0.45284E+06    0.13172E+03
   363   -0.13808E+01    0.76368E-02   -0.99424E-01    0.44811E+06    0.13073E+03
   364   -0.14906E+01    0.70839E-02   -0.10303E+00    0.44343E+06    0.12975E+03
   365   -0.16336E+01    0.72711E-02   -0.10386E+00    0.43882E+06    0.12878E+03
   366   -0.17370E+01    0.75022E-02   -0.10566E+00    0.43427E+06    0.12782E+03
   367   -0.18020E+01    0.63384E-02   -0.10696E+00    0.42981E+06    0.12688E+03
   368   -0.19787E+01    0.60549E-02   -0.10704E+00    0.42545E+06    0.12594E+03
   369   -0.19711E+01    0.59554E-02   -0.10888E+00    0.42120E+06    0.12501E+03
   370   -0.20035E+01    0.53441E-02   -0.10806E+00    0.41707E+06    0.12409E+03
   371   -0.20772E+01    0.42674E-02   -0.10905E+00    0.41307E+06    0.12318E+03
   372   -0.21193E+01    0.35151E-02   -0.10815E+00    0.40922E+06    0.12228E+03
   373   -0.21311E+01    0.23910E-02   -0.10911E+00    0.40553E+06    0.12139E+03
   374   -0.21140E+01    0.16846E-02   -0.10896E+00    0.40200E+06    0.12051E+03
   375   -0.21435E+01    0.69991E-03   -0.10848E+00    0.39866E+06    0.11964E+03
   376   -0.20726E+01    0.22640E-03   -0.10842E+00    0.39551E+06    0.11878E+03
   377   -0.19767E+01   -0.11748E-02   -0.10658E+00    0.39256E+06    0.11792E+03
   378   -0.19316E+01   -0.27143E-02   -0.10670E+00    0.38984E+06    0.11708E+03
   379   -0.18642E+01   -0.36023E-02   -0.10507E+00    0.38734E+06    0.11624E+03
   380   -0.17017E+01   -0.37922E-02   -0.10469E+00    0.38508E+06    0.11541E+03
   381   -0.15939E+01   -0.69515E-02   -0.10335E+00    0.38308E+06    0.11459E+03
   382   -0.15422E+01   -0.78336E-02   -0.10108E+00    0.38134E+06    0.11378E+03
   383   -0.13993E+01   -0.93631E-02   -0.10012E+00    0.37988E+06    0.11297E+03
   384   -0.11667E+01   -0.11493E-01   -0.97518E-01    0.37870E+06    0.11218E+03
   385   -0.10685E+01   -0.11949E-01   -0.95526E-01    0.37783E+06    0.11139E+03
   386   -0.88312E+00   -0.12912E-01   -0.92679E-01    0.37728E+06    0.11061E+03
   387   -0.76057E+00   -0.14335E-01   -0.89739E-01    0.37704E+06    0.10984E+03
   388   -0.62788E+00   -0.15429E-01   -0.85984E-01    0.37715E+06    0.10907E+03
   389   -0.48639E+00   -0.18376E-01   -0.82178E-01    0.37760E+06    0.10831E+03
   390   -0.33744E+00   -0.17929E-01   -0.76854E-01    0.37842E+06    0.10756E+03
   391   -0.18238E+00   -0.18499E-01   -0.72262E-01    0.37961E+06    0.10682E+03
   392   -0.96821E-01   -0.17067E-01   -0.66193E-01    0.38118E+06    0.10608E+03
   393    0.66448E-01   -0.16558E-01   -0.60155E-01    0.38315E+06    0.10535E+03
   394    0.15752E+00   -0.15439E-01   -0.52680E-01    0.38553E+06    0.10462E+03
   395    0.17506E+00   -0.14407E-01   -0.46019E-01    0.38834E+06    0.10390E+03
   396    0.26629E+00   -0.12673E-01   -0.37369E-01    0.39157E+06    0.10319E+03
   397    0.20701E+00   -0.10189E-01   -0.28831E-01    0.39525E+06    0.10249E+03
   398    0.21873E+00   -0.76510E-02   -0.19829E-01    0.39939E+06    0.10179E+03
   399    0.15155E+00   -0.42704E-02   -0.10259E-01    0.40400E+06    0.10110E+03
   400    0.41157E-02    0.00000E+00    0.00000E+00    0.40908E+06    0.10041E+03
   401   -0.14911E+00    0.44423E-02    0.10795E-01    0.41466E+06    0.99728E+02
   402   -0.30194E+00    0.89950E-02    0.22317E-01    0.42071E+06    0.99052E+02
   403   -0.52092E+00    0.15060E-01    0.34445E-01    0.42721E+06    0.98382E+02
   404   -0.79835E+00    0.21069E-01    0.48024E-01    0.43415E+06    0.97718E+02
   405   -0.10522E+01    0.26938E-01    0.61523E-01    0.44150E+06    0.97059E+02
   406   -0.14234E+01    0.34070E-01    0.76456E-01    0.44925E+06    0.96406E+02
   407   -0.17556E+01    0.40895E-01    0.90621E-01    0.45737E+06    0.95758E+02
   408   -0.21154E+01    0.48074E-01    0.10776E+00    0.46585E+06    0.95115E+02
   409   -0.24208E+01    0.56265E-01    0.12493E+00    0.47467E+06    0.94478E+02
   410   -0.28127E+01    0.63157E-01    0.14217E+00    0.48380E+06    0.93846E+02
   411   -0.31347E+01    0.70895E-01    0.16097E+00    0.49323E+06    0.93220E+02
   412   -0.35277E+01    0.78652E-01    0.17990E+00    0.50293E+06    0.92599E+02
   413   -0.39098E+01    0.86346E-01    0.19971E+00    0.51290E+06    0.91983E+02
   414   -0.43474E+01    0.93893E-01    0.21969E+00    0.52310E+06    0.91372E+02
   415   -0.46843E+01    0.10195E+00    0.24136E+00    0.53352E+06    0.90766E+02
   416   -0.50615E+01    0.10896E+00    0.26252E+00    0.54414E+06    0.90165E+02
   417   -0.54710E+01    0.11630E+00    0.28318E+00    0.55494E+06    0.89569E+02
   418   -0.58310E+01    0.12169E+00    0.30562E+00    0.56589E+06    0.88979E+02
   419   -0.61338E+01    0.12799E+00    0.32838E+00    0.57699E+06    0.88393E+02
   420   -0.64458E+01    0.13439E+00    0.35073E+00    0.58821E+06    0.87812E+02
   421   -0.66852E+01    0.14007E+00    0.37345E+00    0.59953E+06    0.87236E+02
   422   -0.69184E+01    0.14492E+00    0.39508E+00    0.61093E+06    0.86664E+02
   423   -0.72121E+01    0.14888E+00    0.41714E+00    0.62239E+06    0.86098E+02
   424   -0.74842E+01    0.15261E+00    0.43816E+00    0.63389E+06    0.85536E+02
   425   -0.76528E+01    0.15526E+00    0.45967E+00    0.64541E+06    0.84978E+02
   426   -0.77844E+01    0.15826E+00    0.48020E+00    0.65694E+06    0.84426E+02
   427   -0.79456E+01    0.16003E+00    0.49830E+00    0.66845E+06    0.83877E+02
   428   -0.80544E+01    0.16123E+00    0.51696E+00    0.67992E+06    0.83334E+02
   429   -0.81773E+01    0.16177E+00    0.53399E+00    0.69134E+06    0.82795E+02
   430   -0.81581E+01    0.16232E+00    0.54867E+00    0.70268E+06    0.82260E+02
   431   -0.81377E+01    0.16130E+00    0.56177E+00    0.71393E+06    0.81730E+02
   432   -0.81826E+01    0.15938E+00    0.57184E+00    0.72506E+06    0.81204E+02
   433   -0.80622E+01    0.15796E+00    0.58112E+00    0.73605E+06    0.80682E+02
   434   -0.79916E+01    0.15472E+00    0.58595E+00    0.74689E+06    0.80164E+02
   435   -0.78890E+01    0.15182E+00    0.58782E+00    0.75756E+06    0.79651E+02
   436   -0.76722E+01    0.14768E+00    0.58602E+00    0.76803E+06    0.79142E+02
   437   -0.74079E+01    0.14222E+00    0.58133E+00    0.77829E+06    0.78637E+02
   438   -0.71626E+01    0.13609E+00    0.57303E+00    0.78832E+06    0.78136E+02
   439   -0.67800E+01    0.12997E+00    0.55891E+00    0.79809E+06    0.77639E+02
   440   -0.64011E+01    0.12227E+00    0.54125E+00    0.80760E+06    0.77146E+02
   441   -0.59437E+01    0.11366E+00    0.51708E+00    0.81680E+06    0.76657E+02
   442   -0.55487E+01    0.10406E+00    0.48794E+00    0.82570E+06    0.76171E+02
   443   -0.49857E+01    0.94122E-01    0.45235E+00    0.83427E+06    0.75690E+02
   444   -0.43954E+01    0.83765E-01    0.41109E+00    0.84249E+06    0.75212E+02
   445   -0.37701E+01    0.70679E-01    0.36271E+00    0.85033E+06    0.74739E+02
   446   -0.31763E+01    0.58492E-01    0.30797E+00    0.85779E+06    0.74268E+02
   447   -0.24579E+01    0.45638E-01    0.24393E+00    0.86483E+06    0.73802E+02
   448   -0.17557E+01    0.30545E-01    0.17136E+00    0.87145E+06    0.73339E+02
   449   -0.91331E+00    0.15360E-01    0.91029E-01    0.87762E+06    0.72880E+02
   450    0.26149E-02    0.00000E+00    0.00000E+00    0.88332E+06    0.72424E+02
   451    0.92446E+00   -0.17093E-01   -0.99948E-01    0.88853E+06    0.71971E+02
   452    0.18546E+01   -0.34455E-01   -0.21041E+00    0.89327E+06    0.71522E+02
   453    0.29430E+01   -0.52095E-01   -0.32828E+00    0.89754E+06    0.71077E+02
   454    0.39682E+01   -0.70766E-01   -0.45412E+00    0.90135E+06    0.70634E+02
   455    0.50057E+01   -0.89735E-01   -0.58705E+00    0.90471E+06    0.70195E+02
   456    0.62055E+01   -0.10975E+00   -0.71948E+00    0.90763E+06    0.69759E+02
   457    0.72718E+01   -0.12935E+00   -0.86463E+00    0.91012E+06    0.69326E+02
   458    0.84288E+01   -0.14927E+00   -0.10030E+01    0.91220E+06    0.68896E+02
   459    0.96035E+01   -0.16878E+00   -0.11494E+01    0.91386E+06    0.68469E+02
   460    0.10797E+02   -0.18938E+00   -0.12969E+01    0.91512E+06    0.68045E+02
   461    0.11937E+02   -0.20960E+00   -0.14453E+01    0.91599E+06    0.67623E+02
   462    0.13099E+02   -0.23018E+00   -0.15879E+01    0.91648E+06    0.67204E+02
   463    0.14210E+02   -0.24965E+00   -0.17422E+01    0.91660E+06    0.66788E+02
   464    0.15271E+02   -0.26877E+00   -0.18778E+01    0.91636E+06    0.66375E+02
   465    0.16283E+02   -0.28753E+00   -0.20233E+01    0.91576E+06    0.65964E+02
   466    0.17322E+02   -0.30670E+00   -0.21557E+01    0.91483E+06    0.65555E+02
   467    0.18390E+02   -0.32480E+00   -0.22888E+01    0.91356E+06    0.65149E+02
   468    0.19340E+02   -0.34183E+00   -0.24144E+01    0.91197E+06    0.64745E+02
   469    0.20246E+02   -0.35930E+00   -0.25390E+01    0.91007E+06    0.64343E+02
   470    0.21185E+02   -0.37498E+00   -0.26542E+01    0.90787E+06    0.63943E+02
   471    0.21861E+02   -0.38889E+00   -0.27592E+01    0.90537E+06    0.63546E+02
   472    0.22646E+02   -0.40251E+00   -0.28606E+01    0.90259E+06    0.63150E+02
   473    0.23319E+02   -0.41513E+00   -0.29498E+01    0.89954E+06    0.62756E+02
   474    0.23956E+02   -0.42599E+00   -0.30336E+01    0.89622E+06    0.62365E+02
   475    0.24558E+02   -0.43661E+00   -0.31036E+01    0.89265E+06    0.61975E+02
   476    0.24977E+02   -0.44475E+00   -0.31610E+01    0.88883E+06    0.61587E+02
   477    0.25290E+02   -0.45192E+00   -0.32148E+01    0.88478E+06    0.61200E+02
   478    0.25572E+02   -0.45812E+00   -0.32453E+01    0.88051E+06    0.60815E+02
   479    0.25750E+02   -0.46188E+00   -0.32762E+01    0.87602E+06    0.60432E+02
   480    0.25826E+02   -0.46395E+00   -0.32874E+01    0.87132E+06    0.60050E+02
   481    0.25800E+02   -0.46435E+00   -0.32816E+01    0.86643E+06    0.59669E+02
   482    0.25749E+02   -0.46233E+00   -0.32638E+01    0.86136E+06    0.59290E+02
   483    0.25451E+02   -0.45865E+00   -0.32355E+01    0.85611E+06    0.58912E+02
   484    0.24981E+02   -0.45258E+00   -0.31897E+01    0.85069E+06    0.58535E+02
   485    0.24564E+02   -0.44487E+00   -0.31271E+01    0.84512E+06    0.58159E+02
   486    0.23979E+02   -0.43404E+00   -0.30489E+01    0.83940E+06    0.57785E+02
   487    0.23226E+02   -0.42085E+00   -0.29543E+01    0.83354E+06    0.57411E+02
   488    0.22306E+02   -0.40604E+00   -0.28417E+01    0.82756E+06    0.57038E+02
   489    0.21297E+02   -0.38815E+00   -0.27116E+01    0.82146E+06    0.56666E+02
   490    0.20198E+02   -0.36718E+00   -0.25625E+01    0.81525E+06    0.56295E+02
   491    0.18789E+02   -0.34389E+00   -0.23962E+01    0.80895E+06    0.55925E+02
   492    0.17367E+02   -0.31754E+00   -0.22113E+01    0.80256E+06    0.55555E+02
   493    0.15787E+02   -0.28962E+00   -0.20054E+01    0.79608E+06    0.55185E+02
   494    0.14048E+02   -0.25718E+00   -0.17812E+01    0.78954E+06    0.54816E+02
   495    0.12078E+02   -0.22245E+00   -0.15364E+01    0.78295E+06    0.54448E+02
   496    0.99533E+01   -0.18396E+00   -0.12716E+01    0.77630E+06    0.54080E+02
   497    0.76744E+01   -0.14246E+00   -0.98510E+00    0.76961E+06    0.53712E+02
   498    0.52429E+01   -0.98705E-01   -0.67901E+00    0.76290E+06    0.53345E+02
   499    0.27344E+01   -0.50472E-01   -0.34946E+00    0.75616E+06    0.52977E+02
   500    0.16984E-02    0.00000E+00    0.00000E+00    0.74942E+06    0.52610E+02
