#    L    TT             EE             TE             PP             TP          
     2    0.32879E+03    0.75751E-10   -0.11923E-04    0.94688E+06    0.32913E+05
     3    0.23050E+03    0.23305E-10    0.76251E-05    0.14506E+07    0.36780E+05
     4    0.17327E+03    0.62561E-11    0.61930E-05    0.18918E+07    0.38070E+05
     5    0.13625E+03    0.21026E-11    0.31187E-05    0.22765E+07    0.38136E+05
     6    0.11052E+03    0.86663E-12    0.28696E-05    0.26115E+07    0.37564E+05
     7    0.91710E+02    0.57332E-12    0.39524E-05    0.29039E+07    0.36654E+05
     8    0.77456E+02    0.59756E-12    0.42636E-05    0.31596E+07    0.35569E+05
     9    0.66349E+02    0.49214E-12    0.33384E-05    0.33841E+07    0.34404E+05
    10    0.57487E+02    0.25616E-12    0.19984E-05    0.35812E+07    0.33208E+05
    11    0.50297E+02    0.95551E-13    0.10851E-05    0.37552E+07    0.32020E+05
    12    0.44509E+02    0.10382E-03   -0.23713E-03    0.39079E+07    0.30850E+05
    13    0.39393E+02    0.10348E-12    0.95594E-06    0.40419E+07    0.29708E+05
    14    0.35155E+02   -0.27194E-04    0.79643E-04    0.41598E+07    0.28606E+05
    15    0.31614E+02    0.12221E-12    0.11497E-05    0.42632E+07    0.27546E+05
    16    0.28500E+02   -0.22586E-04    0.32411E-03    0.43536E+07    0.26529E+05
    17    0.25857E+02    0.63717E-13    0.70849E-06    0.44325E+07    0.25555E+05
    18    0.23088E+02    0.11488E-04   -0.52562E-03    0.45011E+07    0.24624E+05
    19    0.21473E+02    0.29247E-13    0.29718E-06    0.45601E+07    0.23733E+05
    20    0.19700E+02    0.10034E-04   -0.10653E-04    0.46103E+07    0.22880E+05
    21    0.18053E+02    0.23870E-13    0.31774E-06    0.46526E+07    0.22065E+05
    22    0.16664E+02   -0.67106E-05   -0.42685E-04    0.46879E+07    0.21287E+05
    23    0.15338E+02    0.64345E-13    0.54483E-06    0.47170E+07    0.20544E+05
    24    0.14163E+02   -0.45945E-05    0.19328E-03    0.47400E+07    0.19833E+05
    25    0.13148E+02    0.10484E-12    0.65313E-06    0.47578E+07    0.19153E+05
    26    0.12154E+02    0.45677E-05    0.17382E-03    0.47706E+07    0.18503E+05
    27    0.11358E+02    0.88860E-13    0.54937E-06    0.47792E+07    0.17882E+05
    28    0.10558E+02    0.62322E-06   -0.24429E-03    0.47837E+07    0.17287E+05
    29    0.98792E+01    0.47835E-13    0.33605E-06    0.47843E+07    0.16718E+05
    30    0.93044E+01   -0.21393E-05    0.16715E-04    0.47813E+07    0.16171E+05
    31    0.86428E+01    0.26343E-13    0.14608E-06    0.47749E+07    0.15647E+05
    32    0.80686E+01    0.18985E-05    0.16032E-03    0.47658E+07    0.15145E+05
    33    0.76019E+01    0.21143E-13    0.52154E-07    0.47541E+07    0.14663E+05
    34    0.71251E+01    0.58091E-06   -0.27666E-03    0.47401E+07    0.14202E+05
    35    0.67189E+01    0.17105E-13    0.56833E-07    0.47238E+07    0.13759E+05
    36    0.63826E+01   -0.13653E-06    0.46382E-03    0.47055E+07    0.13333E+05
    37    0.59646E+01    0.15300E-13    0.11854E-06    0.46854E+07    0.12925E+05
    38    0.56035E+01    0.41830E-05   -0.55392E-03    0.46636E+07    0.12533E+05
    39    0.53407E+01    0.55145E-05   -0.64611E-03    0.46403E+07    0.12156E+05
    40    0.50260E+01    0.26159E-13    0.21424E-06    0.46156E+07    0.11793E+05
    41    0.48630E+01   -0.10177E-04    0.12921E-02    0.45896E+07    0.11444E+05
    42    0.46139E+01   -0.18179E-04    0.24752E-02    0.45623E+07    0.11108E+05
    43    0.43950E+01   -0.16190E-04    0.26483E-02    0.45340E+07    0.10785E+05
    44    0.40251E+01   -0.11250E-04    0.18018E-02    0.45046E+07    0.10473E+05
    45    0.38433E+01    0.32546E-13    0.21611E-06    0.44744E+07    0.10174E+05
    46    0.37506E+01    0.21386E-04   -0.44408E-02    0.44435E+07    0.98846E+04
    47    0.36050E+01    0.45231E-04   -0.10322E-01    0.44118E+07    0.96061E+04
    48    0.33464E+01    0.68040E-04   -0.13066E-01    0.43796E+07    0.93377E+04
    49    0.30635E+01    0.64032E-04   -0.86922E-02    0.43468E+07    0.90789E+04
    50    0.29934E+01    0.10103E-13    0.98707E-07    0.43136E+07    0.88293E+04
    51    0.29227E+01   -0.15865E-03    0.87114E-02    0.42799E+07    0.85885E+04
    52    0.30633E+01   -0.32573E-03    0.12776E-01    0.42459E+07    0.83561E+04
    53    0.30283E+01   -0.34961E-03    0.92855E-02    0.42117E+07    0.81318E+04
    54    0.27277E+01   -0.23463E-03    0.33016E-02    0.41772E+07    0.79153E+04
    55    0.23686E+01    0.40316E-14    0.25220E-07    0.41425E+07    0.77062E+04
    56    0.21630E+01    0.21343E-03   -0.17291E-02    0.41076E+07    0.75041E+04
    57    0.20449E+01    0.29820E-03   -0.18358E-02    0.40726E+07    0.73089E+04
    58    0.20273E+01    0.26287E-03   -0.12124E-02    0.40375E+07    0.71201E+04
    59    0.19747E+01    0.14575E-03   -0.77348E-03    0.40023E+07    0.69377E+04
    60    0.19000E+01    0.26487E-14    0.22217E-07    0.39671E+07    0.67612E+04
    61    0.21098E+01   -0.80085E-04    0.18113E-02    0.39319E+07    0.65904E+04
    62    0.20033E+01   -0.10301E-03    0.37228E-02    0.38967E+07    0.64251E+04
    63    0.17933E+01   -0.10297E-03    0.47585E-02    0.38615E+07    0.62651E+04
    64    0.17669E+01   -0.62183E-04    0.37191E-02    0.38264E+07    0.61103E+04
    65    0.15425E+01    0.55318E-14    0.43650E-07    0.37914E+07    0.59605E+04
    66    0.14066E+01    0.21984E-04   -0.46037E-02    0.37565E+07    0.58154E+04
    67    0.11980E+01    0.10896E-04   -0.77600E-02    0.37218E+07    0.56749E+04
    68    0.12005E+01    0.13330E-04   -0.83024E-02    0.36873E+07    0.55388E+04
    69    0.11780E+01   -0.58331E-05   -0.49903E-02    0.36530E+07    0.54070E+04
    70    0.12660E+01    0.86727E-14    0.49413E-07    0.36189E+07    0.52793E+04
    71    0.13086E+01    0.25785E-04    0.38996E-02    0.35850E+07    0.51555E+04
    72    0.13226E+01    0.53062E-04    0.55055E-02    0.35513E+07    0.50355E+04
    73    0.12566E+01    0.56304E-04    0.45079E-02    0.35178E+07    0.49191E+04
    74    0.11331E+01    0.32269E-04    0.20827E-02    0.34846E+07    0.48063E+04
    75    0.10494E+01    0.50630E-14    0.37805E-07    0.34516E+07    0.46968E+04
    76    0.94651E+00   -0.30693E-04   -0.95234E-03    0.34188E+07    0.45905E+04
    77    0.88457E+00   -0.57223E-04   -0.10189E-02    0.33863E+07    0.44874E+04
    78    0.91632E+00   -0.41664E-04   -0.21692E-02    0.33540E+07    0.43873E+04
    79    0.87165E+00   -0.27803E-04   -0.11730E-02    0.33220E+07    0.42900E+04
    80    0.87760E+00    0.21565E-14    0.23748E-07    0.32903E+07    0.41957E+04
    81    0.84290E+00    0.27379E-05    0.31531E-03    0.32588E+07    0.41040E+04
    82    0.84310E+00    0.12525E-04    0.24967E-03    0.32277E+07    0.40150E+04
    83    0.80976E+00    0.14258E-04   -0.27075E-03    0.31969E+07    0.39286E+04
    84    0.82297E+00    0.15117E-04    0.16587E-03    0.31665E+07    0.38447E+04
    85    0.74001E+00    0.16877E-14    0.15518E-07    0.31363E+07    0.37632E+04
    86    0.64024E+00   -0.80104E-05   -0.13641E-03    0.31066E+07    0.36840E+04
    87    0.74868E+00   -0.26216E-04    0.24021E-03    0.30771E+07    0.36070E+04
    88    0.62103E+00   -0.26302E-04    0.83362E-03    0.30480E+07    0.35323E+04
    89    0.63014E+00   -0.96688E-05   -0.13813E-03    0.30193E+07    0.34596E+04
    90    0.62884E+00    0.10313E-14    0.12209E-07    0.29909E+07    0.33888E+04
    91    0.54465E+00    0.88892E-05    0.16983E-03    0.29628E+07    0.33200E+04
    92    0.52939E+00    0.16379E-04    0.62229E-03    0.29351E+07    0.32531E+04
    93    0.58667E+00    0.29435E-04    0.82642E-03    0.29078E+07    0.31879E+04
    94    0.49728E+00    0.25308E-04    0.17369E-02    0.28807E+07    0.31246E+04
    95    0.48769E+00    0.18391E-04    0.20800E-02    0.28541E+07    0.30629E+04
    96    0.26439E+00    0.82198E-05    0.20674E-02    0.28277E+07    0.30029E+04
    97    0.27671E+00   -0.56680E-05    0.19112E-02    0.28017E+07    0.29445E+04
    98    0.30541E+00   -0.16308E-04    0.33087E-02    0.27760E+07    0.28877E+04
    99    0.20556E+00   -0.46450E-04    0.27578E-02    0.27507E+07    0.28325E+04
   100    0.20364E+00   -0.81699E-04    0.41844E-02    0.27257E+07    0.27787E+04
   101    0.15469E+00   -0.48236E-04    0.40862E-02    0.27010E+07    0.27263E+04
   102    0.43377E+00   -0.80235E-04    0.41607E-02    0.26766E+07    0.26754E+04
   103    0.45023E+00   -0.89020E-04    0.31342E-02    0.26525E+07    0.26258E+04
   104    0.50482E+00   -0.60196E-04    0.34469E-02    0.26288E+07    0.25775E+04
   105    0.52689E+00   -0.53656E-04    0.30823E-02    0.26054E+07    0.25304E+04
   106    0.59435E+00    0.19279E-04    0.22523E-02    0.25823E+07    0.24846E+04
   107    0.41368E+00    0.24434E-04    0.19114E-02    0.25594E+07    0.24399E+04
   108    0.43422E+00    0.50485E-04    0.78595E-03    0.25369E+07    0.23964E+04
   109    0.43674E+00    0.37543E-04   -0.16942E-03    0.25147E+07    0.23539E+04
   110    0.35057E+00    0.37504E-15    0.47843E-08    0.24928E+07    0.23124E+04
   111    0.25432E+00    0.25783E-04   -0.72092E-03    0.24712E+07    0.22719E+04
   112    0.15510E+00    0.51254E-04   -0.21128E-02    0.24499E+07    0.22324E+04
   113    0.13498E+00    0.86308E-04   -0.32119E-02    0.24288E+07    0.21938E+04
   114    0.53204E-01    0.66557E-04   -0.37972E-02    0.24081E+07    0.21561E+04
   115    0.66125E-01    0.15046E-03   -0.43908E-02    0.23876E+07    0.21193E+04
   116   -0.41305E-01    0.12507E-03   -0.47717E-02    0.23674E+07    0.20834E+04
   117    0.35846E-01    0.74553E-04   -0.47190E-02    0.23475E+07    0.20483E+04
   118    0.15681E+00    0.15738E-03   -0.54974E-02    0.23279E+07    0.20140E+04
   119    0.18081E+00    0.23488E-03   -0.54004E-02    0.23085E+07    0.19806E+04
   120    0.26423E+00    0.16838E-03   -0.49499E-02    0.22894E+07    0.19480E+04
   121    0.26628E+00    0.26490E-03   -0.46678E-02    0.22706E+07    0.19161E+04
   122    0.26905E+00    0.23721E-03   -0.43333E-02    0.22520E+07    0.18849E+04
   123    0.28034E+00    0.16949E-03   -0.44681E-02    0.22337E+07    0.18545E+04
   124    0.30795E+00    0.14592E-03   -0.26230E-02    0.22156E+07    0.18248E+04
   125    0.28538E+00    0.10210E-03   -0.15484E-02    0.21978E+07    0.17958E+04
   126    0.29473E+00    0.12222E-03   -0.10233E-02    0.21802E+07    0.17674E+04
   127    0.26951E+00    0.67608E-04   -0.82677E-03    0.21629E+07    0.17396E+04
   128    0.21751E+00    0.96719E-04   -0.73800E-03    0.21458E+07    0.17125E+04
   129    0.22082E+00    0.70884E-04   -0.53605E-03    0.21289E+07    0.16860E+04
   130    0.21294E+00    0.22502E-14    0.77895E-08    0.21123E+07    0.16601E+04
   131    0.20202E+00    0.40701E-04   -0.11275E-02    0.20959E+07    0.16347E+04
   132    0.27181E+00    0.45184E-04   -0.14194E-02    0.20797E+07    0.16098E+04
   133    0.28355E+00    0.86669E-04   -0.35664E-02    0.20637E+07    0.15855E+04
   134    0.32132E+00    0.16409E-03   -0.35737E-02    0.20480E+07    0.15617E+04
   135    0.39494E+00    0.20211E-03   -0.48750E-02    0.20325E+07    0.15384E+04
   136    0.36564E+00    0.19965E-03   -0.42183E-02    0.20172E+07    0.15156E+04
   137    0.39180E+00    0.22994E-03   -0.42943E-02    0.20020E+07    0.14933E+04
   138    0.40894E+00    0.21763E-03   -0.40796E-02    0.19871E+07    0.14714E+04
   139    0.27831E+00    0.31022E-03   -0.32936E-02    0.19724E+07    0.14500E+04
   140    0.30683E+00    0.28381E-03   -0.31413E-02    0.19579E+07    0.14291E+04
   141    0.20718E+00    0.21161E-03   -0.18566E-02    0.19436E+07    0.14086E+04
   142    0.21203E+00    0.16683E-03   -0.64437E-03    0.19294E+07    0.13885E+04
   143    0.25688E+00    0.14843E-03    0.33036E-04    0.19155E+07    0.13688E+04
   144    0.20300E+00    0.81045E-04    0.45625E-03    0.19017E+07    0.13495E+04
   145    0.13445E+00    0.11218E-03    0.90586E-03    0.18881E+07    0.13306E+04
   146    0.28390E+00    0.17933E-04    0.91965E-03    0.18747E+07    0.13121E+04
   147    0.21546E+00    0.20080E-04    0.15210E-02    0.18614E+07    0.12940E+04
   148    0.16178E+00   -0.31007E-04    0.76213E-03    0.18483E+07    0.12762E+04
   149    0.20695E+00   -0.62107E-04   -0.33364E-03    0.18353E+07    0.12587E+04
   150    0.13793E+00    0.18752E-15    0.12149E-08    0.18226E+07    0.12416E+04
   151    0.11278E+00    0.77267E-04   -0.16144E-02    0.18099E+07    0.12247E+04
   152   -0.88701E-02    0.80850E-04   -0.38724E-02    0.17974E+07    0.12082E+04
   153   -0.70545E-01    0.14206E-03   -0.46709E-02    0.17851E+07    0.11920E+04
   154   -0.13864E+00    0.24362E-03   -0.63636E-02    0.17729E+07    0.11761E+04
   155   -0.20525E+00    0.36829E-03   -0.83328E-02    0.17608E+07    0.11605E+04
   156   -0.41106E+00    0.49880E-03   -0.10704E-01    0.17489E+07    0.11451E+04
   157   -0.45104E+00    0.61790E-03   -0.12116E-01    0.17371E+07    0.11301E+04
   158   -0.54013E+00    0.78259E-03   -0.13437E-01    0.17255E+07    0.11153E+04
   159   -0.67045E+00    0.82706E-03   -0.14794E-01    0.17140E+07    0.11008E+04
   160   -0.75982E+00    0.88262E-03   -0.14824E-01    0.17026E+07    0.10865E+04
   161   -0.80034E+00    0.10063E-02   -0.15139E-01    0.16914E+07    0.10725E+04
   162   -0.85841E+00    0.10322E-02   -0.15864E-01    0.16802E+07    0.10588E+04
   163   -0.77755E+00    0.10175E-02   -0.15639E-01    0.16692E+07    0.10453E+04
   164   -0.84701E+00    0.10190E-02   -0.16075E-01    0.16583E+07    0.10321E+04
   165   -0.76177E+00    0.94538E-03   -0.15068E-01    0.16476E+07    0.10190E+04
   166   -0.66248E+00    0.92781E-03   -0.14230E-01    0.16369E+07    0.10062E+04
   167   -0.46698E+00    0.72622E-03   -0.14427E-01    0.16264E+07    0.99368E+03
   168   -0.39022E+00    0.69477E-03   -0.13558E-01    0.16160E+07    0.98133E+03
   169   -0.27573E+00    0.51905E-03   -0.11747E-01    0.16056E+07    0.96919E+03
   170   -0.11563E+00    0.40467E-03   -0.10605E-01    0.15954E+07    0.95726E+03
   171   -0.50579E-01    0.33435E-03   -0.80286E-02    0.15853E+07    0.94553E+03
   172    0.15935E-02    0.21656E-03   -0.56291E-02    0.15753E+07    0.93400E+03
   173   -0.25499E-01    0.34034E-04   -0.35315E-02    0.15654E+07    0.92266E+03
   174    0.24605E-01    0.66645E-04   -0.18610E-02    0.15556E+07    0.91149E+03
   175    0.85518E-01    0.00000E+00   -0.45316E-10    0.15459E+07    0.90051E+03
   176    0.16690E-01    0.36738E-04    0.19737E-02    0.15363E+07    0.88970E+03
   177   -0.24799E-01    0.70562E-04    0.26861E-02    0.15267E+07    0.87906E+03
   178   -0.10460E+00    0.28936E-03    0.37823E-02    0.15173E+07    0.86859E+03
   179   -0.21407E+00    0.36102E-03    0.54213E-02    0.15079E+07    0.85827E+03
   180   -0.19602E+00    0.47345E-03    0.62767E-02    0.14987E+07    0.84812E+03
   181   -0.26466E+00    0.59167E-03    0.65077E-02    0.14895E+07    0.83813E+03
   182   -0.33707E+00    0.75500E-03    0.77592E-02    0.14804E+07    0.82829E+03
   183   -0.47890E+00    0.85420E-03    0.87047E-02    0.14713E+07    0.81860E+03
   184   -0.53295E+00    0.92858E-03    0.10246E-01    0.14624E+07    0.80907E+03
   185   -0.56486E+00    0.10917E-02    0.10315E-01    0.14535E+07    0.79967E+03
   186   -0.93743E+00    0.11676E-02    0.12040E-01    0.14447E+07    0.79042E+03
   187   -0.97345E+00    0.12623E-02    0.14096E-01    0.14360E+07    0.78131E+03
   188   -0.10357E+01    0.13260E-02    0.15157E-01    0.14274E+07    0.77234E+03
   189   -0.11899E+01    0.13610E-02    0.16867E-01    0.14188E+07    0.76350E+03
   190   -0.98161E+00    0.13842E-02    0.17157E-01    0.14103E+07    0.75479E+03
   191   -0.11451E+01    0.13829E-02    0.19157E-01    0.14019E+07    0.74621E+03
   192   -0.11517E+01    0.13446E-02    0.20798E-01    0.13936E+07    0.73776E+03
   193   -0.12157E+01    0.12787E-02    0.20754E-01    0.13853E+07    0.72943E+03
   194   -0.11055E+01    0.11801E-02    0.21412E-01    0.13770E+07    0.72121E+03
   195   -0.10355E+01    0.10509E-02    0.20704E-01    0.13689E+07    0.71312E+03
   196   -0.99685E+00    0.89326E-03    0.19530E-01    0.13608E+07    0.70513E+03
   197   -0.83248E+00    0.71685E-03    0.16565E-01    0.13528E+07    0.69726E+03
   198   -0.60800E+00    0.50895E-03    0.12711E-01    0.13448E+07    0.68949E+03
   199   -0.31479E+00    0.27175E-03    0.73839E-02    0.13369E+07    0.68183E+03
   200    0.55798E-01    0.00000E+00   -0.11191E-11    0.13290E+07    0.67427E+03
   201    0.43653E+00   -0.28135E-03   -0.84539E-02    0.13212E+07    0.66681E+03
   202    0.90241E+00   -0.59737E-03   -0.18882E-01    0.13135E+07    0.65945E+03
   203    0.13783E+01   -0.92061E-03   -0.29875E-01    0.13058E+07    0.65218E+03
   204    0.17891E+01   -0.12608E-02   -0.43737E-01    0.12982E+07    0.64501E+03
   205    0.22825E+01   -0.16054E-02   -0.57575E-01    0.12906E+07    0.63793E+03
   206    0.27090E+01   -0.19491E-02   -0.71984E-01    0.12830E+07    0.63095E+03
   207    0.32165E+01   -0.23019E-02   -0.86745E-01    0.12756E+07    0.62406E+03
   208    0.35811E+01   -0.26435E-02   -0.10171E+00    0.12681E+07    0.61726E+03
   209    0.39507E+01   -0.29838E-02   -0.11658E+00    0.12608E+07    0.61055E+03
   210    0.43243E+01   -0.33028E-02   -0.13159E+00    0.12534E+07    0.60392E+03
   211    0.47011E+01   -0.36027E-02   -0.14613E+00    0.12462E+07    0.59739E+03
   212    0.49317E+01   -0.38858E-02   -0.16047E+00    0.12389E+07    0.59094E+03
   213    0.52380E+01   -0.41395E-02   -0.17389E+00    0.12317E+07    0.58458E+03
   214    0.54707E+01   -0.44033E-02   -0.18694E+00    0.12246E+07    0.57830E+03
   215    0.57032E+01   -0.45160E-02   -0.19969E+00    0.12175E+07    0.57211E+03
   216    0.58604E+01   -0.46954E-02   -0.21095E+00    0.12105E+07    0.56600E+03
   217    0.60899E+01   -0.48174E-02   -0.22206E+00    0.12035E+07    0.55996E+03
   218    0.62424E+01   -0.49140E-02   -0.23214E+00    0.11965E+07    0.55401E+03
   219    0.63912E+01   -0.50172E-02   -0.23956E+00    0.11896E+07    0.54814E+03
   220    0.65356E+01   -0.50105E-02   -0.24809E+00    0.11827E+07    0.54235E+03
   221    0.66746E+01   -0.50002E-02   -0.25486E+00    0.11759E+07    0.53663E+03
   222    0.68075E+01   -0.48696E-02   -0.26067E+00    0.11691E+07    0.53099E+03
   223    0.67847E+01   -0.47250E-02   -0.26412E+00    0.11624E+07    0.52542E+03
   224    0.69027E+01   -0.45985E-02   -0.26826E+00    0.11557E+07    0.51993E+03
   225    0.69376E+01   -0.43735E-02   -0.26945E+00    0.11490E+07    0.51451E+03
   226    0.69630E+01   -0.40820E-02   -0.27073E+00    0.11424E+07    0.50916E+03
   227    0.69036E+01   -0.37559E-02   -0.26996E+00    0.11358E+07    0.50388E+03
   228    0.69072E+01   -0.34273E-02   -0.26795E+00    0.11293E+07    0.49867E+03
   229    0.68986E+01   -0.30538E-02   -0.26553E+00    0.11228E+07    0.49352E+03
   230    0.68028E+01   -0.26675E-02   -0.26128E+00    0.11163E+07    0.48845E+03
   231    0.66188E+01   -0.22262E-02   -0.25528E+00    0.11099E+07    0.48344E+03
   232    0.64944E+01   -0.18360E-02   -0.24836E+00    0.11035E+07    0.47849E+03
   233    0.63545E+01   -0.13061E-02   -0.24132E+00    0.10971E+07    0.47361E+03
   234    0.60496E+01   -0.81706E-03   -0.23276E+00    0.10908E+07    0.46879E+03
   235    0.58017E+01   -0.32665E-03   -0.22351E+00    0.10845E+07    0.46403E+03
   236    0.54614E+01    0.13318E-03   -0.21288E+00    0.10782E+07    0.45934E+03
   237    0.51021E+01    0.60470E-03   -0.20172E+00    0.10720E+07    0.45470E+03
   238    0.47230E+01    0.11302E-02   -0.18933E+00    0.10658E+07    0.45012E+03
   239    0.43976E+01    0.15291E-02   -0.17582E+00    0.10596E+07    0.44560E+03
   240    0.39020E+01    0.18438E-02   -0.16272E+00    0.10534E+07    0.44113E+03
   241    0.35326E+01    0.21907E-02   -0.14865E+00    0.10473E+07    0.43672E+03
   242    0.31400E+01    0.23893E-02   -0.13367E+00    0.10412E+07    0.43236E+03
   243    0.27233E+01    0.25562E-02   -0.11859E+00    0.10352E+07    0.42806E+03
   244    0.22817E+01    0.25851E-02   -0.10203E+00    0.10291E+07    0.42380E+03
   245    0.18143E+01    0.25182E-02   -0.86270E-01    0.10231E+07    0.41960E+03
   246    0.13945E+01    0.23237E-02   -0.69168E-01    0.10171E+07    0.41545E+03
   247    0.10215E+01    0.18952E-02   -0.52285E-01    0.10112E+07    0.41134E+03
   248    0.62022E+00    0.15721E-02   -0.34955E-01    0.10053E+07    0.40728E+03
   249    0.33827E+00    0.80248E-03   -0.17253E-01    0.99935E+06    0.40327E+03
   250    0.26265E-01    0.00000E+00    0.60006E-13    0.99347E+06    0.39931E+03
   251   -0.16958E+00   -0.11553E-02    0.18203E-01    0.98761E+06    0.39538E+03
   252   -0.48052E+00   -0.24267E-02    0.36481E-01    0.98177E+06    0.39150E+03
   253   -0.54503E+00   -0.40141E-02    0.53948E-01    0.97595E+06    0.38767E+03
   254   -0.67014E+00   -0.55973E-02    0.71205E-01    0.97016E+06    0.38388E+03
   255   -0.79148E+00   -0.74504E-02    0.88851E-01    0.96440E+06    0.38013E+03
   256   -0.84466E+00   -0.91791E-02    0.10749E+00    0.95867E+06    0.37642E+03
   257   -0.83959E+00   -0.11206E-01    0.11954E+00    0.95296E+06    0.37275E+03
   258   -0.86044E+00   -0.13137E-01    0.13824E+00    0.94728E+06    0.36913E+03
   259   -0.84283E+00   -0.15097E-01    0.14933E+00    0.94163E+06    0.36554E+03
   260   -0.72239E+00   -0.17063E-01    0.16826E+00    0.93602E+06    0.36200E+03
   261   -0.65758E+00   -0.19087E-01    0.17336E+00    0.93043E+06    0.35850E+03
   262   -0.65830E+00   -0.20923E-01    0.18751E+00    0.92488E+06    0.35503E+03
   263   -0.36303E+00   -0.22770E-01    0.20387E+00    0.91937E+06    0.35161E+03
   264   -0.22739E+00   -0.24532E-01    0.21562E+00    0.91388E+06    0.34822E+03
   265   -0.18697E+00   -0.26259E-01    0.21593E+00    0.90844E+06    0.34488E+03
   266   -0.28847E-01   -0.27706E-01    0.22769E+00    0.90303E+06    0.34157E+03
   267    0.14242E-01   -0.29221E-01    0.22921E+00    0.89766E+06    0.33830E+03
   268    0.80959E-01   -0.30410E-01    0.23595E+00    0.89233E+06    0.33507E+03
   269    0.12837E-01   -0.31547E-01    0.24107E+00    0.88704E+06    0.33187E+03
   270    0.97108E-01   -0.32534E-01    0.24519E+00    0.88179E+06    0.32872E+03
   271    0.10102E+00   -0.33424E-01    0.24889E+00    0.87658E+06    0.32559E+03
   272    0.23753E+00   -0.33894E-01    0.24536E+00    0.87142E+06    0.32251E+03
   273    0.27387E+00   -0.34518E-01    0.25005E+00    0.86629E+06    0.31946E+03
   274    0.34872E+00   -0.34678E-01    0.24127E+00    0.86122E+06    0.31645E+03
   275    0.37789E+00   -0.34870E-01    0.24190E+00    0.85619E+06    0.31347E+03
   276    0.50004E+00   -0.34849E-01    0.23027E+00    0.85120E+06    0.31052E+03
   277    0.48244E+00   -0.34591E-01    0.22926E+00    0.84627E+06    0.30761E+03
   278    0.53801E+00   -0.34149E-01    0.21717E+00    0.84138E+06    0.30473E+03
   279    0.58259E+00   -0.33573E-01    0.20206E+00    0.83655E+06    0.30189E+03
   280    0.60626E+00   -0.32841E-01    0.19935E+00    0.83176E+06    0.29908E+03
   281    0.74770E+00   -0.31854E-01    0.18738E+00    0.82703E+06    0.29630E+03
   282    0.69987E+00   -0.30888E-01    0.17418E+00    0.82235E+06    0.29356E+03
   283    0.75000E+00   -0.29696E-01    0.16033E+00    0.81772E+06    0.29085E+03
   284    0.81391E+00   -0.28329E-01    0.14644E+00    0.81315E+06    0.28816E+03
   285    0.88170E+00   -0.26765E-01    0.13312E+00    0.80863E+06    0.28551E+03
   286    0.86917E+00   -0.25130E-01    0.11352E+00    0.80417E+06    0.28290E+03
   287    0.84073E+00   -0.23399E-01    0.10312E+00    0.79977E+06    0.28031E+03
   288    0.86074E+00   -0.21551E-01    0.87651E-01    0.79543E+06    0.27775E+03
   289    0.84502E+00   -0.19636E-01    0.75142E-01    0.79114E+06    0.27522E+03
   290    0.85795E+00   -0.17779E-01    0.66194E-01    0.78692E+06    0.27272E+03
   291    0.88964E+00   -0.15217E-01    0.46550E-01    0.78276E+06    0.27025E+03
   292    0.63305E+00   -0.13038E-01    0.39095E-01    0.77866E+06    0.26781E+03
   293    0.67255E+00   -0.11592E-01    0.22144E-01    0.77463E+06    0.26539E+03
   294    0.55252E+00   -0.93704E-02    0.18583E-01    0.77066E+06    0.26301E+03
   295    0.63450E+00   -0.78354E-02    0.67261E-02    0.76675E+06    0.26065E+03
   296    0.53716E+00   -0.54786E-02    0.20301E-02    0.76291E+06    0.25832E+03
   297    0.47344E+00   -0.45053E-02    0.50950E-02    0.75914E+06    0.25601E+03
   298    0.28489E+00   -0.26641E-02    0.16641E-02    0.75544E+06    0.25373E+03
   299    0.18445E+00   -0.67475E-03   -0.23422E-03    0.75181E+06    0.25148E+03
   300    0.13660E-01    0.00000E+00    0.00000E+00    0.74825E+06    0.24926E+03
   301   -0.16297E+00    0.87705E-03    0.10259E-01    0.74476E+06    0.24705E+03
   302   -0.28038E+00    0.12775E-02    0.30463E-01    0.74133E+06    0.24488E+03
   303   -0.42193E+00    0.20163E-02    0.45537E-01    0.73797E+06    0.24273E+03
   304   -0.59671E+00    0.31656E-02    0.55267E-01    0.73467E+06    0.24060E+03
   305   -0.73951E+00    0.33118E-02    0.74293E-01    0.73143E+06    0.23850E+03
   306   -0.93370E+00    0.32699E-02    0.94968E-01    0.72824E+06    0.23642E+03
   307   -0.11141E+01    0.31120E-02    0.10965E+00    0.72510E+06    0.23436E+03
   308   -0.12898E+01    0.43959E-02    0.14041E+00    0.72200E+06    0.23233E+03
   309   -0.13955E+01    0.42224E-02    0.15731E+00    0.71894E+06    0.23032E+03
   310   -0.15890E+01    0.34063E-02    0.18242E+00    0.71592E+06    0.22834E+03
   311   -0.17307E+01    0.42485E-02    0.20067E+00    0.71293E+06    0.22637E+03
   312   -0.18298E+01    0.38496E-02    0.22671E+00    0.70997E+06    0.22443E+03
   313   -0.19695E+01    0.37674E-02    0.24545E+00    0.70704E+06    0.22252E+03
   314   -0.20848E+01    0.40740E-02    0.27154E+00    0.70413E+06    0.22062E+03
   315   -0.21847E+01    0.33559E-02    0.28990E+00    0.70123E+06    0.21875E+03
   316   -0.22782E+01    0.31709E-02    0.30775E+00    0.69835E+06    0.21689E+03
   317   -0.23744E+01    0.21055E-02    0.32487E+00    0.69548E+06    0.21506E+03
   318   -0.24825E+01    0.24602E-02    0.34105E+00    0.69262E+06    0.21325E+03
   319   -0.25373E+01    0.20787E-02    0.35606E+00    0.68976E+06    0.21146E+03
   320   -0.25477E+01    0.17759E-02    0.37712E+00    0.68689E+06    0.20969E+03
   321   -0.25973E+01    0.23668E-02    0.38916E+00    0.68402E+06    0.20794E+03
   322   -0.26207E+01    0.16949E-02    0.39938E+00    0.68114E+06    0.20622E+03
   323   -0.26271E+01    0.13182E-02    0.40758E+00    0.67825E+06    0.20451E+03
   324   -0.26256E+01    0.20516E-02    0.40610E+00    0.67534E+06    0.20282E+03
   325   -0.25509E+01    0.25286E-03    0.41702E+00    0.67241E+06    0.20115E+03
   326   -0.25607E+01    0.45130E-03    0.41041E+00    0.66946E+06    0.19950E+03
   327   -0.25156E+01    0.49047E-03    0.40833E+00    0.66647E+06    0.19786E+03
   328   -0.24246E+01   -0.30035E-03    0.41057E+00    0.66346E+06    0.19625E+03
   329   -0.23710E+01   -0.36335E-03    0.40205E+00    0.66040E+06    0.19466E+03
   330   -0.22897E+01   -0.11121E-02    0.38999E+00    0.65731E+06    0.19308E+03
   331   -0.21155E+01   -0.17316E-02    0.38160E+00    0.65417E+06    0.19152E+03
   332   -0.20060E+01   -0.14070E-02    0.37666E+00    0.65099E+06    0.18998E+03
   333   -0.18961E+01   -0.15517E-02    0.36752E+00    0.64775E+06    0.18845E+03
   334   -0.17205E+01   -0.13509E-02    0.35398E+00    0.64446E+06    0.18694E+03
   335   -0.16369E+01   -0.22180E-02    0.33582E+00    0.64111E+06    0.18545E+03
   336   -0.15057E+01   -0.25953E-02    0.32024E+00    0.63769E+06    0.18398E+03
   337   -0.13362E+01   -0.24107E-02    0.29217E+00    0.63421E+06    0.18252E+03
   338   -0.12116E+01   -0.30777E-02    0.27369E+00    0.63066E+06    0.18108E+03
   339   -0.99248E+00   -0.22956E-02    0.24972E+00    0.62703E+06    0.17965E+03
   340   -0.83647E+00   -0.22210E-02    0.23489E+00    0.62333E+06    0.17824E+03
   341   -0.75266E+00   -0.27816E-02    0.20672E+00    0.61954E+06    0.17685E+03
   342   -0.60157E+00   -0.16768E-02    0.17983E+00    0.61566E+06    0.17547E+03
   343   -0.46657E+00   -0.18059E-02    0.15401E+00    0.61170E+06    0.17410E+03
   344   -0.28246E+00   -0.16110E-02    0.12905E+00    0.60764E+06    0.17275E+03
   345   -0.20689E+00   -0.17629E-02    0.10473E+00    0.60348E+06    0.17142E+03
   346   -0.10037E+00   -0.70383E-03    0.88264E-01    0.59922E+06    0.17009E+03
   347   -0.46278E-01   -0.59009E-03    0.64572E-01    0.59485E+06    0.16879E+03
   348    0.20591E-01   -0.60675E-03    0.40871E-01    0.59038E+06    0.16749E+03
   349    0.16869E-01    0.61127E-04    0.16943E-01    0.58579E+06    0.16621E+03
   350    0.77540E-02    0.00000E+00    0.00000E+00    0.58108E+06    0.16494E+03
   351    0.13402E+00    0.76342E-03   -0.17693E-01    0.57626E+06    0.16369E+03
   352    0.21618E-01    0.16595E-02   -0.36808E-01    0.57133E+06    0.16244E+03
   353   -0.33662E-01    0.19922E-02   -0.43252E-01    0.56630E+06    0.16121E+03
   354   -0.18173E+00    0.25510E-02   -0.60074E-01    0.56120E+06    0.16000E+03
   355   -0.27536E+00    0.33826E-02   -0.73179E-01    0.55602E+06    0.15879E+03
   356   -0.39017E+00    0.45338E-02   -0.75903E-01    0.55079E+06    0.15760E+03
   357   -0.52752E+00    0.53084E-02   -0.83866E-01    0.54553E+06    0.15642E+03
   358   -0.61446E+00    0.50104E-02   -0.82973E-01    0.54023E+06    0.15525E+03
   359   -0.80089E+00    0.51721E-02   -0.88846E-01    0.53492E+06    0.15409E+03
   360   -0.93960E+00    0.58403E-02   -0.91104E-01    0.52960E+06    0.15295E+03
   361   -0.11062E+01    0.63189E-02   -0.94968E-01    0.52430E+06    0.15181E+03
   362   -0.12278E+01    0.66545E-02   -0.98230E-01    0.51903E+06    0.15069E+03
   363   -0.13799E+01    0.76368E-02   -0.99424E-01    0.51380E+06    0.14958E+03
   364   -0.14897E+01    0.70839E-02   -0.10303E+00    0.50861E+06    0.14848E+03
   365   -0.16328E+01    0.72711E-02   -0.10386E+00    0.50350E+06    0.14739E+03
   366   -0.17361E+01    0.75022E-02   -0.10566E+00    0.49846E+06    0.14631E+03
   367   -0.18012E+01    0.63384E-02   -0.10696E+00    0.49351E+06    0.14524E+03
   368   -0.19778E+01    0.60549E-02   -0.10704E+00    0.48868E+06    0.14419E+03
   369   -0.19703E+01    0.59554E-02   -0.10888E+00    0.48396E+06    0.14314E+03
   370   -0.20027E+01    0.53441E-02   -0.10806E+00    0.47937E+06    0.14210E+03
   371   -0.20764E+01    0.42674E-02   -0.10905E+00    0.47493E+06    0.14108E+03
   372   -0.21185E+01    0.35151E-02   -0.10815E+00    0.47065E+06    0.14006E+03
   373   -0.21303E+01    0.23910E-02   -0.10911E+00    0.46654E+06    0.13906E+03
   374   -0.21132E+01    0.16846E-02   -0.10896E+00    0.46261E+06    0.13806E+03
   375   -0.21428E+01    0.69991E-03   -0.10848E+00    0.45889E+06    0.13707E+03
   376   -0.20718E+01    0.22640E-03   -0.10842E+00    0.45538E+06    0.13610E+03
   377   -0.19760E+01   -0.11748E-02   -0.10658E+00    0.45210E+06    0.13513E+03
   378   -0.19308E+01   -0.27143E-02   -0.10670E+00    0.44905E+06    0.13417E+03
   379   -0.18635E+01   -0.36023E-02   -0.10507E+00    0.44626E+06    0.13322E+03
   380   -0.17009E+01   -0.37922E-02   -0.10469E+00    0.44373E+06    0.13228E+03
   381   -0.15932E+01   -0.69515E-02   -0.10335E+00    0.44149E+06    0.13135E+03
   382   -0.15415E+01   -0.78336E-02   -0.10108E+00    0.43953E+06    0.13043E+03
   383   -0.13986E+01   -0.93631E-02   -0.10012E+00    0.43788E+06    0.12952E+03
   384   -0.11660E+01   -0.11493E-01   -0.97518E-01    0.43656E+06    0.12861E+03
   385   -0.10678E+01   -0.11949E-01   -0.95526E-01    0.43556E+06    0.12771E+03
   386   -0.88243E+00   -0.12912E-01   -0.92679E-01    0.43491E+06    0.12683E+03
   387   -0.75989E+00   -0.14335E-01   -0.89739E-01    0.43462E+06    0.12595E+03
   388   -0.62721E+00   -0.15429E-01   -0.85984E-01    0.43471E+06    0.12507E+03
   389   -0.48572E+00   -0.18376E-01   -0.82178E-01    0.43518E+06    0.12421E+03
   390   -0.33678E+00   -0.17929E-01   -0.76854E-01    0.43605E+06    0.12335E+03
   391   -0.18172E+00   -0.18499E-01   -0.72262E-01    0.43733E+06    0.12250E+03
   392   -0.96170E-01   -0.17067E-01   -0.66193E-01    0.43904E+06    0.12166E+03
   393    0.67093E-01   -0.16558E-01   -0.60155E-01    0.44119E+06    0.12083E+03
   394    0.15816E+00   -0.15439E-01   -0.52680E-01    0.44379E+06    0.12000E+03
   395    0.17569E+00   -0.14407E-01   -0.46019E-01    0.44686E+06    0.11918E+03
   396    0.26691E+00   -0.12673E-01   -0.37369E-01    0.45041E+06    0.11837E+03
   397    0.20763E+00   -0.10189E-01   -0.28831E-01    0.45445E+06    0.11756E+03
   398    0.21935E+00   -0.76510E-02   -0.19829E-01    0.45900E+06    0.11676E+03
   399    0.15216E+00   -0.42704E-02   -0.10259E-01    0.46406E+06    0.11597E+03
   400    0.47198E-02    0.00000E+00    0.00000E+00    0.46967E+06    0.11518E+03
   401   -0.14851E+00    0.44423E-02    0.10795E-01    0.47581E+06    0.11440E+03
   402   -0.30134E+00    0.89950E-02    0.22317E-01    0.48247E+06    0.11363E+03
   403   -0.52033E+00    0.15060E-01    0.34445E-01    0.48964E+06    0.11286E+03
   404   -0.79777E+00    0.21069E-01    0.48024E-01    0.49729E+06    0.11210E+03
   405   -0.10517E+01    0.26938E-01    0.61523E-01    0.50541E+06    0.11134E+03
   406   -0.14229E+01    0.34070E-01    0.76456E-01    0.51395E+06    0.11059E+03
   407   -0.17551E+01    0.40895E-01    0.90621E-01    0.52292E+06    0.10985E+03
   408   -0.21149E+01    0.48074E-01    0.10776E+00    0.53228E+06    0.10911E+03
   409   -0.24203E+01    0.56265E-01    0.12493E+00    0.54201E+06    0.10838E+03
   410   -0.28121E+01    0.63157E-01    0.14217E+00    0.55209E+06    0.10765E+03
   411   -0.31341E+01    0.70895E-01    0.16097E+00    0.56251E+06    0.10693E+03
   412   -0.35272E+01    0.78652E-01    0.17990E+00    0.57323E+06    0.10621E+03
   413   -0.39092E+01    0.86346E-01    0.19971E+00    0.58423E+06    0.10551E+03
   414   -0.43469E+01    0.93893E-01    0.21969E+00    0.59550E+06    0.10480E+03
   415   -0.46838E+01    0.10195E+00    0.24136E+00    0.60702E+06    0.10411E+03
   416   -0.50609E+01    0.10896E+00    0.26252E+00    0.61875E+06    0.10341E+03
   417   -0.54705E+01    0.11630E+00    0.28318E+00    0.63068E+06    0.10273E+03
   418   -0.58305E+01    0.12169E+00    0.30562E+00    0.64279E+06    0.10205E+03
   419   -0.61333E+01    0.12799E+00    0.32838E+00    0.65505E+06    0.10137E+03
   420   -0.64453E+01    0.13439E+00    0.35073E+00    0.66745E+06    0.10070E+03
   421   -0.66847E+01    0.14007E+00    0.37345E+00    0.67996E+06    0.10004E+03
   422   -0.69179E+01    0.14492E+00    0.39508E+00    0.69256E+06    0.99379E+02
   423   -0.72116E+01    0.14888E+00    0.41714E+00    0.70523E+06    0.98725E+02
   424   -0.74837E+01    0.15261E+00    0.43816E+00    0.71795E+06    0.98077E+02
   425   -0.76523E+01    0.15526E+00    0.45967E+00    0.73069E+06    0.97434E+02
   426   -0.77839E+01    0.15826E+00    0.48020E+00    0.74343E+06    0.96796E+02
   427   -0.79451E+01    0.16003E+00    0.49830E+00    0.75616E+06    0.96164E+02
   428   -0.80539E+01    0.16123E+00    0.51696E+00    0.76885E+06    0.95536E+02
   429   -0.81769E+01    0.16177E+00    0.53399E+00    0.78147E+06    0.94913E+02
   430   -0.81577E+01    0.16232E+00    0.54867E+00    0.79401E+06    0.94296E+02
   431   -0.81373E+01    0.16130E+00    0.56177E+00    0.80644E+06    0.93683E+02
   432   -0.81821E+01    0.15938E+00    0.57184E+00    0.81875E+06    0.93076E+02
   433   -0.80617E+01    0.15796E+00    0.58112E+00    0.83091E+06    0.92473E+02
   434   -0.79912E+01    0.15472E+00    0.58595E+00    0.84290E+06    0.91875E+02
   435   -0.78886E+01    0.15182E+00    0.58782E+00    0.85470E+06    0.91282E+02
   436   -0.76718E+01    0.14768E+00    0.58602E+00    0.86628E+06    0.90694E+02
   437   -0.74075E+01    0.14222E+00    0.58133E+00    0.87763E+06    0.90111E+02
   438   -0.71622E+01    0.13609E+00    0.57303E+00    0.88872E+06    0.89532E+02
   439   -0.67796E+01    0.12997E+00    0.55891E+00    0.89953E+06    0.88958E+02
   440   -0.64007E+01    0.12227E+00    0.54125E+00    0.91004E+06    0.88388E+02
   441   -0.59433E+01    0.11366E+00    0.51708E+00    0.92022E+06    0.87823E+02
   442   -0.55483E+01    0.10406E+00    0.48794E+00    0.93007E+06    0.87263E+02
   443   -0.49853E+01    0.94122E-01    0.45235E+00    0.93954E+06    0.86707E+02
   444   -0.43950E+01    0.83765E-01    0.41109E+00    0.94863E+06    0.86155E+02
   445   -0.37697E+01    0.70679E-01    0.36271E+00    0.95731E+06    0.85608E+02
   446   -0.31759E+01    0.58492E-01    0.30797E+00    0.96556E+06    0.85065E+02
   447   -0.24575E+01    0.45638E-01    0.24393E+00    0.97336E+06    0.84526E+02
   448   -0.17553E+01    0.30545E-01    0.17136E+00    0.98068E+06    0.83992E+02
   449   -0.91292E+00    0.15360E-01    0.91029E-01    0.98750E+06    0.83462E+02
   450    0.29958E-02    0.00000E+00    0.00000E+00    0.99381E+06    0.82936E+02
   451    0.92484E+00   -0.17093E-01   -0.99948E-01    0.99958E+06    0.82414E+02
   452    0.18550E+01   -0.34455E-01   -0.21041E+00    0.10048E+07    0.81897E+02
   453    0.29434E+01   -0.52095E-01   -0.32828E+00    0.10095E+07    0.81383E+02
   454    0.39686E+01   -0.70766E-01   -0.45412E+00    0.10138E+07    0.80873E+02
   455    0.50061E+01   -0.89735E-01   -0.58705E+00    0.10175E+07    0.80367E+02
   456    0.62059E+01   -0.10975E+00   -0.71948E+00    0.10207E+07    0.79864E+02
   457    0.72722E+01   -0.12935E+00   -0.86463E+00    0.10235E+07    0.79366E+02
   458    0.84291E+01   -0.14927E+00   -0.10030E+01    0.10258E+07    0.78870E+02
   459    0.96039E+01   -0.16878E+00   -0.11494E+01    0.10276E+07    0.78379E+02
   460    0.10798E+02   -0.18938E+00   -0.12969E+01    0.10290E+07    0.77890E+02
   461    0.11938E+02   -0.20960E+00   -0.14453E+01    0.10300E+07    0.77405E+02
   462    0.13099E+02   -0.23018E+00   -0.15879E+01    0.10305E+07    0.76924E+02
   463    0.14210E+02   -0.24965E+00   -0.17422E+01    0.10307E+07    0.76445E+02
   464    0.15271E+02   -0.26877E+00   -0.18778E+01    0.10304E+07    0.75969E+02
   465    0.16283E+02   -0.28753E+00   -0.20233E+01    0.10297E+07    0.75497E+02
   466    0.17323E+02   -0.30670E+00   -0.21557E+01    0.10287E+07    0.75027E+02
   467    0.18391E+02   -0.32480E+00   -0.22888E+01    0.10273E+07    0.74560E+02
   468    0.19340E+02   -0.34183E+00   -0.24144E+01    0.10256E+07    0.74096E+02
   469    0.20246E+02   -0.35930E+00   -0.25390E+01    0.10235E+07    0.73634E+02
   470    0.21185E+02   -0.37498E+00   -0.26542E+01    0.10210E+07    0.73175E+02
   471    0.21861E+02   -0.38889E+00   -0.27592E+01    0.10183E+07    0.72719E+02
   472    0.22646E+02   -0.40251E+00   -0.28606E+01    0.10152E+07    0.72264E+02
   473    0.23319E+02   -0.41513E+00   -0.29498E+01    0.10118E+07    0.71813E+02
   474    0.23956E+02   -0.42599E+00   -0.30336E+01    0.10081E+07    0.71363E+02
   475    0.24558E+02   -0.43661E+00   -0.31036E+01    0.10042E+07    0.70916E+02
   476    0.24977E+02   -0.44475E+00   -0.31610E+01    0.99999E+06    0.70470E+02
   477    0.25290E+02   -0.45192E+00   -0.32148E+01    0.99551E+06    0.70027E+02
   478    0.25573E+02   -0.45812E+00   -0.32453E+01    0.99079E+06    0.69585E+02
   479    0.25751E+02   -0.46188E+00   -0.32762E+01    0.98583E+06    0.69146E+02
   480    0.25826E+02   -0.46395E+00   -0.32874E+01    0.98064E+06    0.68708E+02
   481    0.25801E+02   -0.46435E+00   -0.32816E+01    0.97523E+06    0.68271E+02
   482    0.25750E+02   -0.46233E+00   -0.32638E+01    0.96963E+06    0.67837E+02
   483    0.25451E+02   -0.45865E+00   -0.32355E+01    0.96382E+06    0.67403E+02
   484    0.24982E+02   -0.45258E+00   -0.31897E+01    0.95784E+06    0.66972E+02
   485    0.24565E+02   -0.44487E+00   -0.31271E+01    0.95168E+06    0.66541E+02
   486    0.23979E+02   -0.43404E+00   -0.30489E+01    0.94535E+06    0.66112E+02
   487    0.23226E+02   -0.42085E+00   -0.29543E+01    0.93888E+06    0.65684E+02
   488    0.22307E+02   -0.40604E+00   -0.28417E+01    0.93227E+06    0.65257E+02
   489    0.21297E+02   -0.38815E+00   -0.27116E+01    0.92552E+06    0.64831E+02
   490    0.20198E+02   -0.36718E+00   -0.25625E+01    0.91866E+06    0.64405E+02
   491    0.18789E+02   -0.34389E+00   -0.23962E+01    0.91169E+06    0.63981E+02
   492    0.17368E+02   -0.31754E+00   -0.22113E+01    0.90463E+06    0.63557E+02
   493    0.15787E+02   -0.28962E+00   -0.20054E+01    0.89747E+06    0.63135E+02
   494    0.14048E+02   -0.25718E+00   -0.17812E+01    0.89024E+06    0.62712E+02
   495    0.12079E+02   -0.22245E+00   -0.15364E+01    0.88295E+06    0.62290E+02
   496    0.99536E+01   -0.18396E+00   -0.12716E+01    0.87560E+06    0.61869E+02
   497    0.76746E+01   -0.14246E+00   -0.98510E+00    0.86821E+06    0.61448E+02
   498    0.52431E+01   -0.98705E-01   -0.67901E+00    0.86079E+06    0.61027E+02
   499    0.27346E+01   -0.50472E-01   -0.34946E+00    0.85334E+06    0.60606E+02
   500    0.19459E-02    0.00000E+00    0.00000E+00    0.84589E+06    0.60186E+02
