#    L    TT             EE             TE             PP             TP          
     2    0.32880E+03    0.76153E-10   -0.11979E-04    0.94752E+06    0.32917E+05
     3    0.23051E+03    0.23426E-10    0.76652E-05    0.14517E+07    0.36787E+05
     4    0.17329E+03    0.62916E-11    0.62656E-05    0.18935E+07    0.38080E+05
     5    0.13627E+03    0.21227E-11    0.31341E-05    0.22787E+07    0.38149E+05
     6    0.11053E+03    0.87530E-12    0.28045E-05    0.26143E+07    0.37579E+05
     7    0.91731E+02    0.56745E-12    0.38808E-05    0.29073E+07    0.36672E+05
     8    0.77479E+02    0.59435E-12    0.42599E-05    0.31636E+07    0.35589E+05
     9    0.66373E+02    0.50298E-12    0.34019E-05    0.33887E+07    0.34427E+05
    10    0.57512E+02    0.27010E-12    0.20762E-05    0.35864E+07    0.33233E+05
    11    0.50322E+02    0.10038E-12    0.11314E-05    0.37609E+07    0.32047E+05
    12    0.44535E+02    0.10382E-03   -0.23713E-03    0.39143E+07    0.30879E+05
    13    0.39420E+02    0.97572E-13    0.93960E-06    0.40488E+07    0.29739E+05
    14    0.35182E+02   -0.27194E-04    0.79630E-04    0.41673E+07    0.28638E+05
    15    0.31642E+02    0.12336E-12    0.11550E-05    0.42713E+07    0.27580E+05
    16    0.28528E+02   -0.22586E-04    0.32414E-03    0.43623E+07    0.26564E+05
    17    0.25885E+02    0.67711E-13    0.74075E-06    0.44418E+07    0.25591E+05
    18    0.23116E+02    0.11488E-04   -0.52559E-03    0.45109E+07    0.24661E+05
    19    0.21501E+02    0.31713E-13    0.31361E-06    0.45705E+07    0.23772E+05
    20    0.19728E+02    0.10034E-04   -0.10651E-04    0.46212E+07    0.22921E+05
    21    0.18080E+02    0.23621E-13    0.30660E-06    0.46641E+07    0.22106E+05
    22    0.16692E+02   -0.67106E-05   -0.42703E-04    0.47000E+07    0.21329E+05
    23    0.15365E+02    0.61543E-13    0.52741E-06    0.47296E+07    0.20587E+05
    24    0.14190E+02   -0.45945E-05    0.19326E-03    0.47532E+07    0.19877E+05
    25    0.13174E+02    0.10511E-12    0.65028E-06    0.47714E+07    0.19197E+05
    26    0.12181E+02    0.45677E-05    0.17382E-03    0.47849E+07    0.18548E+05
    27    0.11384E+02    0.93296E-13    0.56357E-06    0.47939E+07    0.17928E+05
    28    0.10583E+02    0.62322E-06   -0.24427E-03    0.47990E+07    0.17334E+05
    29    0.99043E+01    0.51764E-13    0.35695E-06    0.48001E+07    0.16765E+05
    30    0.93290E+01   -0.21393E-05    0.16735E-04    0.47975E+07    0.16218E+05
    31    0.86670E+01    0.27776E-13    0.16238E-06    0.47917E+07    0.15695E+05
    32    0.80924E+01    0.18985E-05    0.16033E-03    0.47831E+07    0.15193E+05
    33    0.76252E+01    0.21611E-13    0.57860E-07    0.47719E+07    0.14712E+05
    34    0.71480E+01    0.58091E-06   -0.27666E-03    0.47583E+07    0.14251E+05
    35    0.67413E+01    0.17433E-13    0.52513E-07    0.47424E+07    0.13808E+05
    36    0.64046E+01   -0.13653E-06    0.46382E-03    0.47246E+07    0.13383E+05
    37    0.59860E+01    0.14919E-13    0.10914E-06    0.47049E+07    0.12974E+05
    38    0.56245E+01    0.41830E-05   -0.55393E-03    0.46836E+07    0.12582E+05
    39    0.53612E+01    0.55145E-05   -0.64612E-03    0.46607E+07    0.12205E+05
    40    0.50461E+01    0.24940E-13    0.20683E-06    0.46364E+07    0.11842E+05
    41    0.48826E+01   -0.10177E-04    0.12921E-02    0.46108E+07    0.11493E+05
    42    0.46332E+01   -0.18179E-04    0.24752E-02    0.45840E+07    0.11158E+05
    43    0.44138E+01   -0.16190E-04    0.26483E-02    0.45560E+07    0.10834E+05
    44    0.40435E+01   -0.11250E-04    0.18018E-02    0.45271E+07    0.10523E+05
    45    0.38613E+01    0.33577E-13    0.21963E-06    0.44973E+07    0.10223E+05
    46    0.37682E+01    0.21386E-04   -0.44408E-02    0.44668E+07    0.99338E+04
    47    0.36222E+01    0.45231E-04   -0.10322E-01    0.44355E+07    0.96552E+04
    48    0.33632E+01    0.68040E-04   -0.13066E-01    0.44036E+07    0.93866E+04
    49    0.30799E+01    0.64032E-04   -0.86922E-02    0.43712E+07    0.91277E+04
    50    0.30095E+01    0.10806E-13    0.10416E-06    0.43383E+07    0.88779E+04
    51    0.29383E+01   -0.15865E-03    0.87114E-02    0.43050E+07    0.86368E+04
    52    0.30786E+01   -0.32573E-03    0.12776E-01    0.42714E+07    0.84042E+04
    53    0.30433E+01   -0.34961E-03    0.92855E-02    0.42374E+07    0.81796E+04
    54    0.27423E+01   -0.23463E-03    0.33016E-02    0.42031E+07    0.79628E+04
    55    0.23828E+01    0.38910E-14    0.25932E-07    0.41687E+07    0.77533E+04
    56    0.21769E+01    0.21343E-03   -0.17291E-02    0.41340E+07    0.75509E+04
    57    0.20584E+01    0.29820E-03   -0.18358E-02    0.40992E+07    0.73552E+04
    58    0.20405E+01    0.26287E-03   -0.12124E-02    0.40643E+07    0.71660E+04
    59    0.19875E+01    0.14575E-03   -0.77348E-03    0.40292E+07    0.69831E+04
    60    0.19125E+01    0.26956E-14    0.20452E-07    0.39941E+07    0.68061E+04
    61    0.21219E+01   -0.80085E-04    0.18113E-02    0.39590E+07    0.66348E+04
    62    0.20151E+01   -0.10301E-03    0.37228E-02    0.39238E+07    0.64690E+04
    63    0.18049E+01   -0.10297E-03    0.47585E-02    0.38886E+07    0.63085E+04
    64    0.17782E+01   -0.62183E-04    0.37191E-02    0.38536E+07    0.61532E+04
    65    0.15535E+01    0.51099E-14    0.42458E-07    0.38186E+07    0.60028E+04
    66    0.14173E+01    0.21984E-04   -0.46037E-02    0.37838E+07    0.58572E+04
    67    0.12084E+01    0.10896E-04   -0.77600E-02    0.37491E+07    0.57162E+04
    68    0.12106E+01    0.13330E-04   -0.83024E-02    0.37146E+07    0.55797E+04
    69    0.11880E+01   -0.58331E-05   -0.49903E-02    0.36803E+07    0.54474E+04
    70    0.12757E+01    0.87665E-14    0.50246E-07    0.36462E+07    0.53192E+04
    71    0.13181E+01    0.25785E-04    0.38996E-02    0.36123E+07    0.51950E+04
    72    0.13319E+01    0.53062E-04    0.55055E-02    0.35787E+07    0.50746E+04
    73    0.12656E+01    0.56304E-04    0.45079E-02    0.35452E+07    0.49579E+04
    74    0.11420E+01    0.32269E-04    0.20827E-02    0.35121E+07    0.48447E+04
    75    0.10581E+01    0.55787E-14    0.39185E-07    0.34791E+07    0.47348E+04
    76    0.95499E+00   -0.30693E-04   -0.95234E-03    0.34464E+07    0.46282E+04
    77    0.89287E+00   -0.57223E-04   -0.10189E-02    0.34140E+07    0.45247E+04
    78    0.92445E+00   -0.41664E-04   -0.21692E-02    0.33818E+07    0.44243E+04
    79    0.87962E+00   -0.27803E-04   -0.11730E-02    0.33499E+07    0.43268E+04
    80    0.88541E+00    0.23440E-14    0.24465E-07    0.33183E+07    0.42321E+04
    81    0.85056E+00    0.27379E-05    0.31531E-03    0.32870E+07    0.41402E+04
    82    0.85061E+00    0.12525E-04    0.24967E-03    0.32560E+07    0.40510E+04
    83    0.81712E+00    0.14258E-04   -0.27075E-03    0.32253E+07    0.39643E+04
    84    0.83019E+00    0.15117E-04    0.16587E-03    0.31950E+07    0.38801E+04
    85    0.74709E+00    0.16877E-14    0.15513E-07    0.31650E+07    0.37983E+04
    86    0.64718E+00   -0.80104E-05   -0.13641E-03    0.31353E+07    0.37188E+04
    87    0.75549E+00   -0.26216E-04    0.24021E-03    0.31060E+07    0.36416E+04
    88    0.62771E+00   -0.26302E-04    0.83362E-03    0.30770E+07    0.35666E+04
    89    0.63669E+00   -0.96688E-05   -0.13813E-03    0.30483E+07    0.34936E+04
    90    0.63527E+00    0.11251E-14    0.12021E-07    0.30200E+07    0.34226E+04
    91    0.55095E+00    0.88892E-05    0.16983E-03    0.29920E+07    0.33535E+04
    92    0.53556E+00    0.16379E-04    0.62228E-03    0.29644E+07    0.32863E+04
    93    0.59273E+00    0.29435E-04    0.82642E-03    0.29371E+07    0.32209E+04
    94    0.50322E+00    0.25308E-04    0.17369E-02    0.29102E+07    0.31572E+04
    95    0.49351E+00    0.18391E-04    0.20800E-02    0.28835E+07    0.30952E+04
    96    0.27010E+00    0.82198E-05    0.20674E-02    0.28572E+07    0.30349E+04
    97    0.28230E+00   -0.56680E-05    0.19112E-02    0.28313E+07    0.29763E+04
    98    0.31089E+00   -0.16308E-04    0.33087E-02    0.28056E+07    0.29192E+04
    99    0.21094E+00   -0.46450E-04    0.27578E-02    0.27803E+07    0.28636E+04
   100    0.20891E+00   -0.81699E-04    0.41844E-02    0.27553E+07    0.28096E+04
   101    0.15986E+00   -0.48236E-04    0.40862E-02    0.27306E+07    0.27569E+04
   102    0.43883E+00   -0.80235E-04    0.41607E-02    0.27063E+07    0.27057E+04
   103    0.45519E+00   -0.89020E-04    0.31342E-02    0.26822E+07    0.26558E+04
   104    0.50968E+00   -0.60196E-04    0.34469E-02    0.26585E+07    0.26072E+04
   105    0.53166E+00   -0.53656E-04    0.30823E-02    0.26350E+07    0.25598E+04
   106    0.59902E+00    0.19279E-04    0.22523E-02    0.26119E+07    0.25137E+04
   107    0.41826E+00    0.24434E-04    0.19114E-02    0.25891E+07    0.24687E+04
   108    0.43871E+00    0.50485E-04    0.78595E-03    0.25665E+07    0.24249E+04
   109    0.44114E+00    0.37543E-04   -0.16942E-03    0.25443E+07    0.23821E+04
   110    0.35488E+00    0.37504E-15    0.45270E-08    0.25224E+07    0.23403E+04
   111    0.25855E+00    0.25783E-04   -0.72092E-03    0.25007E+07    0.22996E+04
   112    0.15925E+00    0.51254E-04   -0.21128E-02    0.24794E+07    0.22597E+04
   113    0.13905E+00    0.86308E-04   -0.32119E-02    0.24583E+07    0.22209E+04
   114    0.57192E-01    0.66557E-04   -0.37972E-02    0.24375E+07    0.21829E+04
   115    0.70036E-01    0.15046E-03   -0.43908E-02    0.24170E+07    0.21458E+04
   116   -0.37470E-01    0.12507E-03   -0.47717E-02    0.23968E+07    0.21096E+04
   117    0.39607E-01    0.74553E-04   -0.47190E-02    0.23769E+07    0.20743E+04
   118    0.16050E+00    0.15738E-03   -0.54974E-02    0.23572E+07    0.20398E+04
   119    0.18443E+00    0.23488E-03   -0.54004E-02    0.23378E+07    0.20060E+04
   120    0.26778E+00    0.16838E-03   -0.49499E-02    0.23186E+07    0.19731E+04
   121    0.26976E+00    0.26490E-03   -0.46678E-02    0.22997E+07    0.19410E+04
   122    0.27246E+00    0.23721E-03   -0.43333E-02    0.22811E+07    0.19096E+04
   123    0.28369E+00    0.16949E-03   -0.44681E-02    0.22627E+07    0.18789E+04
   124    0.31123E+00    0.14592E-03   -0.26230E-02    0.22446E+07    0.18489E+04
   125    0.28861E+00    0.10210E-03   -0.15484E-02    0.22267E+07    0.18196E+04
   126    0.29790E+00    0.12222E-03   -0.10233E-02    0.22090E+07    0.17910E+04
   127    0.27261E+00    0.67608E-04   -0.82677E-03    0.21916E+07    0.17630E+04
   128    0.22055E+00    0.96719E-04   -0.73800E-03    0.21745E+07    0.17356E+04
   129    0.22380E+00    0.70884E-04   -0.53605E-03    0.21575E+07    0.17089E+04
   130    0.21587E+00    0.22502E-14    0.76825E-08    0.21408E+07    0.16827E+04
   131    0.20490E+00    0.40701E-04   -0.11275E-02    0.21243E+07    0.16570E+04
   132    0.27463E+00    0.45184E-04   -0.14194E-02    0.21081E+07    0.16320E+04
   133    0.28632E+00    0.86669E-04   -0.35664E-02    0.20920E+07    0.16074E+04
   134    0.32404E+00    0.16409E-03   -0.35737E-02    0.20762E+07    0.15834E+04
   135    0.39761E+00    0.20211E-03   -0.48750E-02    0.20606E+07    0.15598E+04
   136    0.36826E+00    0.19965E-03   -0.42183E-02    0.20452E+07    0.15368E+04
   137    0.39437E+00    0.22994E-03   -0.42943E-02    0.20300E+07    0.15142E+04
   138    0.41146E+00    0.21763E-03   -0.40796E-02    0.20150E+07    0.14922E+04
   139    0.28078E+00    0.31022E-03   -0.32936E-02    0.20002E+07    0.14705E+04
   140    0.30925E+00    0.28381E-03   -0.31413E-02    0.19856E+07    0.14494E+04
   141    0.20956E+00    0.21161E-03   -0.18566E-02    0.19711E+07    0.14286E+04
   142    0.21437E+00    0.16683E-03   -0.64437E-03    0.19569E+07    0.14083E+04
   143    0.25918E+00    0.14843E-03    0.33036E-04    0.19428E+07    0.13884E+04
   144    0.20525E+00    0.81045E-04    0.45625E-03    0.19290E+07    0.13689E+04
   145    0.13666E+00    0.11218E-03    0.90586E-03    0.19152E+07    0.13498E+04
   146    0.28607E+00    0.17933E-04    0.91965E-03    0.19017E+07    0.13311E+04
   147    0.21759E+00    0.20080E-04    0.15210E-02    0.18883E+07    0.13127E+04
   148    0.16387E+00   -0.31007E-04    0.76213E-03    0.18751E+07    0.12947E+04
   149    0.20901E+00   -0.62107E-04   -0.33364E-03    0.18621E+07    0.12770E+04
   150    0.13995E+00    0.18752E-15    0.12413E-08    0.18492E+07    0.12597E+04
   151    0.11476E+00    0.77267E-04   -0.16144E-02    0.18364E+07    0.12427E+04
   152   -0.69244E-02    0.80850E-04   -0.38724E-02    0.18238E+07    0.12260E+04
   153   -0.68635E-01    0.14206E-03   -0.46709E-02    0.18114E+07    0.12095E+04
   154   -0.13676E+00    0.24362E-03   -0.63636E-02    0.17990E+07    0.11934E+04
   155   -0.20341E+00    0.36829E-03   -0.83328E-02    0.17869E+07    0.11776E+04
   156   -0.40925E+00    0.49880E-03   -0.10704E-01    0.17748E+07    0.11621E+04
   157   -0.44926E+00    0.61790E-03   -0.12116E-01    0.17630E+07    0.11468E+04
   158   -0.53838E+00    0.78259E-03   -0.13437E-01    0.17512E+07    0.11319E+04
   159   -0.66874E+00    0.82706E-03   -0.14794E-01    0.17396E+07    0.11172E+04
   160   -0.75814E+00    0.88262E-03   -0.14824E-01    0.17281E+07    0.11027E+04
   161   -0.79869E+00    0.10063E-02   -0.15139E-01    0.17167E+07    0.10886E+04
   162   -0.85678E+00    0.10322E-02   -0.15864E-01    0.17054E+07    0.10747E+04
   163   -0.77595E+00    0.10175E-02   -0.15639E-01    0.16943E+07    0.10610E+04
   164   -0.84544E+00    0.10190E-02   -0.16075E-01    0.16833E+07    0.10476E+04
   165   -0.76022E+00    0.94538E-03   -0.15068E-01    0.16724E+07    0.10344E+04
   166   -0.66096E+00    0.92781E-03   -0.14230E-01    0.16617E+07    0.10214E+04
   167   -0.46549E+00    0.72622E-03   -0.14427E-01    0.16510E+07    0.10087E+04
   168   -0.38875E+00    0.69477E-03   -0.13558E-01    0.16405E+07    0.99615E+03
   169   -0.27429E+00    0.51905E-03   -0.11747E-01    0.16300E+07    0.98385E+03
   170   -0.11421E+00    0.40467E-03   -0.10605E-01    0.16197E+07    0.97176E+03
   171   -0.49188E-01    0.33435E-03   -0.80286E-02    0.16094E+07    0.95987E+03
   172    0.29602E-02    0.21656E-03   -0.56291E-02    0.15993E+07    0.94817E+03
   173   -0.24156E-01    0.34034E-04   -0.35315E-02    0.15893E+07    0.93667E+03
   174    0.25926E-01    0.66645E-04   -0.18610E-02    0.15794E+07    0.92535E+03
   175    0.86816E-01    0.00000E+00   -0.41122E-10    0.15695E+07    0.91422E+03
   176    0.17967E-01    0.36738E-04    0.19737E-02    0.15598E+07    0.90325E+03
   177   -0.23544E-01    0.70562E-04    0.26861E-02    0.15501E+07    0.89246E+03
   178   -0.10336E+00    0.28936E-03    0.37823E-02    0.15405E+07    0.88184E+03
   179   -0.21286E+00    0.36102E-03    0.54213E-02    0.15311E+07    0.87138E+03
   180   -0.19483E+00    0.47345E-03    0.62767E-02    0.15217E+07    0.86109E+03
   181   -0.26349E+00    0.59167E-03    0.65077E-02    0.15123E+07    0.85095E+03
   182   -0.33592E+00    0.75500E-03    0.77592E-02    0.15031E+07    0.84097E+03
   183   -0.47777E+00    0.85420E-03    0.87047E-02    0.14940E+07    0.83115E+03
   184   -0.53183E+00    0.92858E-03    0.10246E-01    0.14849E+07    0.82147E+03
   185   -0.56377E+00    0.10917E-02    0.10315E-01    0.14759E+07    0.81194E+03
   186   -0.93635E+00    0.11676E-02    0.12040E-01    0.14670E+07    0.80256E+03
   187   -0.97239E+00    0.12623E-02    0.14096E-01    0.14582E+07    0.79332E+03
   188   -0.10347E+01    0.13260E-02    0.15157E-01    0.14494E+07    0.78421E+03
   189   -0.11889E+01    0.13610E-02    0.16867E-01    0.14407E+07    0.77524E+03
   190   -0.98060E+00    0.13842E-02    0.17157E-01    0.14321E+07    0.76641E+03
   191   -0.11441E+01    0.13829E-02    0.19157E-01    0.14236E+07    0.75770E+03
   192   -0.11507E+01    0.13446E-02    0.20798E-01    0.14151E+07    0.74912E+03
   193   -0.12147E+01    0.12787E-02    0.20754E-01    0.14067E+07    0.74067E+03
   194   -0.11046E+01    0.11801E-02    0.21412E-01    0.13983E+07    0.73233E+03
   195   -0.10345E+01    0.10509E-02    0.20704E-01    0.13901E+07    0.72412E+03
   196   -0.99593E+00    0.89326E-03    0.19530E-01    0.13818E+07    0.71602E+03
   197   -0.83157E+00    0.71685E-03    0.16565E-01    0.13737E+07    0.70803E+03
   198   -0.60711E+00    0.50895E-03    0.12711E-01    0.13656E+07    0.70015E+03
   199   -0.31391E+00    0.27175E-03    0.73839E-02    0.13576E+07    0.69237E+03
   200    0.56662E-01    0.00000E+00    0.11971E-11    0.13496E+07    0.68470E+03
   201    0.43738E+00   -0.28135E-03   -0.84539E-02    0.13417E+07    0.67713E+03
   202    0.90325E+00   -0.59737E-03   -0.18882E-01    0.13338E+07    0.66966E+03
   203    0.13791E+01   -0.92061E-03   -0.29875E-01    0.13260E+07    0.66228E+03
   204    0.17899E+01   -0.12608E-02   -0.43737E-01    0.13183E+07    0.65500E+03
   205    0.22833E+01   -0.16054E-02   -0.57575E-01    0.13106E+07    0.64782E+03
   206    0.27098E+01   -0.19491E-02   -0.71984E-01    0.13029E+07    0.64073E+03
   207    0.32173E+01   -0.23019E-02   -0.86745E-01    0.12953E+07    0.63374E+03
   208    0.35819E+01   -0.26435E-02   -0.10171E+00    0.12878E+07    0.62684E+03
   209    0.39514E+01   -0.29838E-02   -0.11658E+00    0.12803E+07    0.62003E+03
   210    0.43250E+01   -0.33028E-02   -0.13159E+00    0.12729E+07    0.61331E+03
   211    0.47018E+01   -0.36027E-02   -0.14613E+00    0.12655E+07    0.60668E+03
   212    0.49324E+01   -0.38858E-02   -0.16047E+00    0.12582E+07    0.60013E+03
   213    0.52387E+01   -0.41395E-02   -0.17389E+00    0.12509E+07    0.59368E+03
   214    0.54714E+01   -0.44033E-02   -0.18694E+00    0.12436E+07    0.58731E+03
   215    0.57039E+01   -0.45160E-02   -0.19969E+00    0.12364E+07    0.58102E+03
   216    0.58610E+01   -0.46954E-02   -0.21095E+00    0.12293E+07    0.57482E+03
   217    0.60906E+01   -0.48174E-02   -0.22206E+00    0.12222E+07    0.56870E+03
   218    0.62430E+01   -0.49140E-02   -0.23214E+00    0.12151E+07    0.56266E+03
   219    0.63918E+01   -0.50172E-02   -0.23956E+00    0.12081E+07    0.55670E+03
   220    0.65362E+01   -0.50105E-02   -0.24809E+00    0.12011E+07    0.55082E+03
   221    0.66752E+01   -0.50002E-02   -0.25486E+00    0.11942E+07    0.54502E+03
   222    0.68081E+01   -0.48696E-02   -0.26067E+00    0.11873E+07    0.53929E+03
   223    0.67854E+01   -0.47250E-02   -0.26412E+00    0.11805E+07    0.53364E+03
   224    0.69033E+01   -0.45985E-02   -0.26826E+00    0.11737E+07    0.52807E+03
   225    0.69382E+01   -0.43735E-02   -0.26945E+00    0.11669E+07    0.52257E+03
   226    0.69635E+01   -0.40820E-02   -0.27073E+00    0.11602E+07    0.51714E+03
   227    0.69041E+01   -0.37559E-02   -0.26996E+00    0.11535E+07    0.51178E+03
   228    0.69077E+01   -0.34273E-02   -0.26795E+00    0.11469E+07    0.50650E+03
   229    0.68992E+01   -0.30538E-02   -0.26553E+00    0.11403E+07    0.50128E+03
   230    0.68034E+01   -0.26675E-02   -0.26128E+00    0.11337E+07    0.49613E+03
   231    0.66194E+01   -0.22262E-02   -0.25528E+00    0.11272E+07    0.49104E+03
   232    0.64950E+01   -0.18360E-02   -0.24836E+00    0.11207E+07    0.48603E+03
   233    0.63550E+01   -0.13061E-02   -0.24132E+00    0.11142E+07    0.48107E+03
   234    0.60501E+01   -0.81706E-03   -0.23276E+00    0.11078E+07    0.47618E+03
   235    0.58022E+01   -0.32665E-03   -0.22351E+00    0.11014E+07    0.47136E+03
   236    0.54619E+01    0.13318E-03   -0.21288E+00    0.10951E+07    0.46659E+03
   237    0.51026E+01    0.60470E-03   -0.20172E+00    0.10887E+07    0.46189E+03
   238    0.47235E+01    0.11302E-02   -0.18933E+00    0.10824E+07    0.45724E+03
   239    0.43981E+01    0.15291E-02   -0.17582E+00    0.10762E+07    0.45265E+03
   240    0.39025E+01    0.18438E-02   -0.16272E+00    0.10699E+07    0.44812E+03
   241    0.35331E+01    0.21907E-02   -0.14865E+00    0.10637E+07    0.44365E+03
   242    0.31405E+01    0.23893E-02   -0.13367E+00    0.10576E+07    0.43923E+03
   243    0.27238E+01    0.25562E-02   -0.11859E+00    0.10514E+07    0.43486E+03
   244    0.22822E+01    0.25851E-02   -0.10203E+00    0.10453E+07    0.43054E+03
   245    0.18147E+01    0.25182E-02   -0.86270E-01    0.10392E+07    0.42628E+03
   246    0.13950E+01    0.23237E-02   -0.69168E-01    0.10332E+07    0.42207E+03
   247    0.10220E+01    0.18952E-02   -0.52285E-01    0.10271E+07    0.41790E+03
   248    0.62066E+00    0.15721E-02   -0.34955E-01    0.10211E+07    0.41379E+03
   249    0.33870E+00    0.80248E-03   -0.17253E-01    0.10151E+07    0.40972E+03
   250    0.26692E-01    0.00000E+00    0.36003E-13    0.10092E+07    0.40570E+03
   251   -0.16916E+00   -0.11553E-02    0.18203E-01    0.10032E+07    0.40172E+03
   252   -0.48010E+00   -0.24267E-02    0.36481E-01    0.99731E+06    0.39779E+03
   253   -0.54462E+00   -0.40141E-02    0.53948E-01    0.99142E+06    0.39390E+03
   254   -0.66974E+00   -0.55973E-02    0.71205E-01    0.98555E+06    0.39005E+03
   255   -0.79108E+00   -0.74504E-02    0.88851E-01    0.97971E+06    0.38625E+03
   256   -0.84427E+00   -0.91791E-02    0.10749E+00    0.97391E+06    0.38249E+03
   257   -0.83919E+00   -0.11206E-01    0.11954E+00    0.96813E+06    0.37877E+03
   258   -0.86005E+00   -0.13137E-01    0.13824E+00    0.96238E+06    0.37509E+03
   259   -0.84245E+00   -0.15097E-01    0.14933E+00    0.95666E+06    0.37146E+03
   260   -0.72201E+00   -0.17063E-01    0.16826E+00    0.95097E+06    0.36787E+03
   261   -0.65720E+00   -0.19087E-01    0.17336E+00    0.94532E+06    0.36432E+03
   262   -0.65793E+00   -0.20923E-01    0.18751E+00    0.93970E+06    0.36080E+03
   263   -0.36267E+00   -0.22770E-01    0.20387E+00    0.93411E+06    0.35733E+03
   264   -0.22703E+00   -0.24532E-01    0.21562E+00    0.92856E+06    0.35390E+03
   265   -0.18662E+00   -0.26259E-01    0.21593E+00    0.92305E+06    0.35051E+03
   266   -0.28496E-01   -0.27706E-01    0.22769E+00    0.91758E+06    0.34716E+03
   267    0.14589E-01   -0.29221E-01    0.22921E+00    0.91214E+06    0.34384E+03
   268    0.81302E-01   -0.30410E-01    0.23595E+00    0.90675E+06    0.34057E+03
   269    0.13176E-01   -0.31547E-01    0.24107E+00    0.90139E+06    0.33733E+03
   270    0.97444E-01   -0.32534E-01    0.24519E+00    0.89608E+06    0.33413E+03
   271    0.10135E+00   -0.33424E-01    0.24889E+00    0.89081E+06    0.33096E+03
   272    0.23785E+00   -0.33894E-01    0.24536E+00    0.88558E+06    0.32783E+03
   273    0.27419E+00   -0.34518E-01    0.25005E+00    0.88040E+06    0.32474E+03
   274    0.34904E+00   -0.34678E-01    0.24127E+00    0.87527E+06    0.32169E+03
   275    0.37820E+00   -0.34870E-01    0.24190E+00    0.87018E+06    0.31867E+03
   276    0.50036E+00   -0.34849E-01    0.23027E+00    0.86514E+06    0.31568E+03
   277    0.48275E+00   -0.34591E-01    0.22926E+00    0.86015E+06    0.31273E+03
   278    0.53832E+00   -0.34149E-01    0.21717E+00    0.85521E+06    0.30982E+03
   279    0.58289E+00   -0.33573E-01    0.20206E+00    0.85032E+06    0.30694E+03
   280    0.60656E+00   -0.32841E-01    0.19935E+00    0.84548E+06    0.30409E+03
   281    0.74800E+00   -0.31854E-01    0.18738E+00    0.84069E+06    0.30127E+03
   282    0.70016E+00   -0.30888E-01    0.17418E+00    0.83596E+06    0.29849E+03
   283    0.75029E+00   -0.29696E-01    0.16033E+00    0.83128E+06    0.29574E+03
   284    0.81420E+00   -0.28329E-01    0.14644E+00    0.82666E+06    0.29303E+03
   285    0.88198E+00   -0.26765E-01    0.13312E+00    0.82209E+06    0.29034E+03
   286    0.86945E+00   -0.25130E-01    0.11352E+00    0.81759E+06    0.28769E+03
   287    0.84100E+00   -0.23399E-01    0.10312E+00    0.81314E+06    0.28506E+03
   288    0.86101E+00   -0.21551E-01    0.87651E-01    0.80875E+06    0.28247E+03
   289    0.84529E+00   -0.19636E-01    0.75142E-01    0.80442E+06    0.27991E+03
   290    0.85822E+00   -0.17779E-01    0.66194E-01    0.80015E+06    0.27737E+03
   291    0.88991E+00   -0.15217E-01    0.46550E-01    0.79595E+06    0.27487E+03
   292    0.63331E+00   -0.13038E-01    0.39095E-01    0.79181E+06    0.27239E+03
   293    0.67281E+00   -0.11592E-01    0.22144E-01    0.78773E+06    0.26995E+03
   294    0.55278E+00   -0.93704E-02    0.18583E-01    0.78372E+06    0.26753E+03
   295    0.63475E+00   -0.78354E-02    0.67261E-02    0.77977E+06    0.26514E+03
   296    0.53741E+00   -0.54786E-02    0.20301E-02    0.77590E+06    0.26278E+03
   297    0.47369E+00   -0.45053E-02    0.50950E-02    0.77209E+06    0.26044E+03
   298    0.28514E+00   -0.26641E-02    0.16641E-02    0.76835E+06    0.25813E+03
   299    0.18470E+00   -0.67475E-03   -0.23422E-03    0.76468E+06    0.25585E+03
   300    0.13901E-01    0.00000E+00    0.00000E+00    0.76109E+06    0.25359E+03
   301   -0.16273E+00    0.87705E-03    0.10259E-01    0.75756E+06    0.25136E+03
   302   -0.28014E+00    0.12775E-02    0.30463E-01    0.75410E+06    0.24916E+03
   303   -0.42170E+00    0.20163E-02    0.45537E-01    0.75071E+06    0.24698E+03
   304   -0.59647E+00    0.31656E-02    0.55267E-01    0.74738E+06    0.24482E+03
   305   -0.73928E+00    0.33118E-02    0.74293E-01    0.74411E+06    0.24269E+03
   306   -0.93348E+00    0.32699E-02    0.94968E-01    0.74088E+06    0.24058E+03
   307   -0.11139E+01    0.31120E-02    0.10965E+00    0.73771E+06    0.23850E+03
   308   -0.12895E+01    0.43959E-02    0.14041E+00    0.73458E+06    0.23644E+03
   309   -0.13953E+01    0.42224E-02    0.15731E+00    0.73150E+06    0.23440E+03
   310   -0.15888E+01    0.34063E-02    0.18242E+00    0.72845E+06    0.23239E+03
   311   -0.17305E+01    0.42485E-02    0.20067E+00    0.72543E+06    0.23040E+03
   312   -0.18296E+01    0.38496E-02    0.22671E+00    0.72245E+06    0.22843E+03
   313   -0.19693E+01    0.37674E-02    0.24545E+00    0.71948E+06    0.22649E+03
   314   -0.20846E+01    0.40740E-02    0.27154E+00    0.71654E+06    0.22456E+03
   315   -0.21844E+01    0.33559E-02    0.28990E+00    0.71362E+06    0.22266E+03
   316   -0.22780E+01    0.31709E-02    0.30775E+00    0.71071E+06    0.22078E+03
   317   -0.23742E+01    0.21055E-02    0.32487E+00    0.70782E+06    0.21893E+03
   318   -0.24823E+01    0.24602E-02    0.34105E+00    0.70492E+06    0.21709E+03
   319   -0.25371E+01    0.20787E-02    0.35606E+00    0.70203E+06    0.21528E+03
   320   -0.25475E+01    0.17759E-02    0.37712E+00    0.69914E+06    0.21348E+03
   321   -0.25971E+01    0.23668E-02    0.38916E+00    0.69624E+06    0.21171E+03
   322   -0.26205E+01    0.16949E-02    0.39938E+00    0.69333E+06    0.20995E+03
   323   -0.26269E+01    0.13182E-02    0.40758E+00    0.69041E+06    0.20822E+03
   324   -0.26254E+01    0.20516E-02    0.40610E+00    0.68747E+06    0.20651E+03
   325   -0.25507E+01    0.25286E-03    0.41702E+00    0.68451E+06    0.20481E+03
   326   -0.25605E+01    0.45130E-03    0.41041E+00    0.68153E+06    0.20314E+03
   327   -0.25154E+01    0.49047E-03    0.40833E+00    0.67851E+06    0.20148E+03
   328   -0.24244E+01   -0.30035E-03    0.41057E+00    0.67546E+06    0.19985E+03
   329   -0.23708E+01   -0.36335E-03    0.40205E+00    0.67238E+06    0.19823E+03
   330   -0.22895E+01   -0.11121E-02    0.38999E+00    0.66925E+06    0.19663E+03
   331   -0.21153E+01   -0.17316E-02    0.38160E+00    0.66608E+06    0.19504E+03
   332   -0.20059E+01   -0.14070E-02    0.37666E+00    0.66286E+06    0.19348E+03
   333   -0.18959E+01   -0.15517E-02    0.36752E+00    0.65958E+06    0.19193E+03
   334   -0.17203E+01   -0.13509E-02    0.35398E+00    0.65625E+06    0.19040E+03
   335   -0.16367E+01   -0.22180E-02    0.33582E+00    0.65286E+06    0.18889E+03
   336   -0.15056E+01   -0.25953E-02    0.32024E+00    0.64941E+06    0.18739E+03
   337   -0.13360E+01   -0.24107E-02    0.29217E+00    0.64588E+06    0.18591E+03
   338   -0.12114E+01   -0.30777E-02    0.27369E+00    0.64228E+06    0.18445E+03
   339   -0.99231E+00   -0.22956E-02    0.24972E+00    0.63861E+06    0.18300E+03
   340   -0.83630E+00   -0.22210E-02    0.23489E+00    0.63486E+06    0.18157E+03
   341   -0.75250E+00   -0.27816E-02    0.20672E+00    0.63102E+06    0.18015E+03
   342   -0.60141E+00   -0.16768E-02    0.17983E+00    0.62710E+06    0.17875E+03
   343   -0.46642E+00   -0.18059E-02    0.15401E+00    0.62308E+06    0.17736E+03
   344   -0.28231E+00   -0.16110E-02    0.12905E+00    0.61897E+06    0.17599E+03
   345   -0.20673E+00   -0.17629E-02    0.10473E+00    0.61475E+06    0.17464E+03
   346   -0.10022E+00   -0.70383E-03    0.88264E-01    0.61044E+06    0.17329E+03
   347   -0.46127E-01   -0.59009E-03    0.64572E-01    0.60601E+06    0.17196E+03
   348    0.20741E-01   -0.60675E-03    0.40871E-01    0.60148E+06    0.17065E+03
   349    0.17017E-01    0.61127E-04    0.16943E-01    0.59682E+06    0.16935E+03
   350    0.79011E-02    0.00000E+00    0.00000E+00    0.59205E+06    0.16806E+03
   351    0.13417E+00    0.76342E-03   -0.17693E-01    0.58716E+06    0.16678E+03
   352    0.21762E-01    0.16595E-02   -0.36808E-01    0.58216E+06    0.16552E+03
   353   -0.33520E-01    0.19922E-02   -0.43252E-01    0.57707E+06    0.16427E+03
   354   -0.18159E+00    0.25510E-02   -0.60074E-01    0.57189E+06    0.16303E+03
   355   -0.27522E+00    0.33826E-02   -0.73179E-01    0.56664E+06    0.16181E+03
   356   -0.39004E+00    0.45338E-02   -0.75903E-01    0.56133E+06    0.16060E+03
   357   -0.52738E+00    0.53084E-02   -0.83866E-01    0.55599E+06    0.15940E+03
   358   -0.61432E+00    0.50104E-02   -0.82973E-01    0.55061E+06    0.15821E+03
   359   -0.80075E+00    0.51721E-02   -0.88846E-01    0.54522E+06    0.15703E+03
   360   -0.93946E+00    0.58403E-02   -0.91104E-01    0.53983E+06    0.15587E+03
   361   -0.11061E+01    0.63189E-02   -0.94968E-01    0.53445E+06    0.15471E+03
   362   -0.12276E+01    0.66545E-02   -0.98230E-01    0.52910E+06    0.15357E+03
   363   -0.13798E+01    0.76368E-02   -0.99424E-01    0.52379E+06    0.15244E+03
   364   -0.14896E+01    0.70839E-02   -0.10303E+00    0.51853E+06    0.15132E+03
   365   -0.16326E+01    0.72711E-02   -0.10386E+00    0.51334E+06    0.15021E+03
   366   -0.17360E+01    0.75022E-02   -0.10566E+00    0.50822E+06    0.14912E+03
   367   -0.18011E+01    0.63384E-02   -0.10696E+00    0.50320E+06    0.14803E+03
   368   -0.19777E+01    0.60549E-02   -0.10704E+00    0.49829E+06    0.14696E+03
   369   -0.19701E+01    0.59554E-02   -0.10888E+00    0.49350E+06    0.14589E+03
   370   -0.20025E+01    0.53441E-02   -0.10806E+00    0.48884E+06    0.14484E+03
   371   -0.20763E+01    0.42674E-02   -0.10905E+00    0.48433E+06    0.14379E+03
   372   -0.21184E+01    0.35151E-02   -0.10815E+00    0.47998E+06    0.14276E+03
   373   -0.21302E+01    0.23910E-02   -0.10911E+00    0.47581E+06    0.14174E+03
   374   -0.21131E+01    0.16846E-02   -0.10896E+00    0.47183E+06    0.14072E+03
   375   -0.21427E+01    0.69991E-03   -0.10848E+00    0.46804E+06    0.13972E+03
   376   -0.20717E+01    0.22640E-03   -0.10842E+00    0.46448E+06    0.13872E+03
   377   -0.19759E+01   -0.11748E-02   -0.10658E+00    0.46114E+06    0.13774E+03
   378   -0.19307E+01   -0.27143E-02   -0.10670E+00    0.45804E+06    0.13676E+03
   379   -0.18634E+01   -0.36023E-02   -0.10507E+00    0.45521E+06    0.13580E+03
   380   -0.17008E+01   -0.37922E-02   -0.10469E+00    0.45264E+06    0.13484E+03
   381   -0.15931E+01   -0.69515E-02   -0.10335E+00    0.45035E+06    0.13389E+03
   382   -0.15414E+01   -0.78336E-02   -0.10108E+00    0.44836E+06    0.13295E+03
   383   -0.13985E+01   -0.93631E-02   -0.10012E+00    0.44669E+06    0.13202E+03
   384   -0.11659E+01   -0.11493E-01   -0.97518E-01    0.44533E+06    0.13110E+03
   385   -0.10677E+01   -0.11949E-01   -0.95526E-01    0.44432E+06    0.13019E+03
   386   -0.88233E+00   -0.12912E-01   -0.92679E-01    0.44365E+06    0.12928E+03
   387   -0.75979E+00   -0.14335E-01   -0.89739E-01    0.44335E+06    0.12839E+03
   388   -0.62710E+00   -0.15429E-01   -0.85984E-01    0.44343E+06    0.12750E+03
   389   -0.48562E+00   -0.18376E-01   -0.82178E-01    0.44390E+06    0.12662E+03
   390   -0.33668E+00   -0.17929E-01   -0.76854E-01    0.44478E+06    0.12574E+03
   391   -0.18162E+00   -0.18499E-01   -0.72262E-01    0.44608E+06    0.12488E+03
   392   -0.96072E-01   -0.17067E-01   -0.66193E-01    0.44780E+06    0.12402E+03
   393    0.67191E-01   -0.16558E-01   -0.60155E-01    0.44998E+06    0.12317E+03
   394    0.15826E+00   -0.15439E-01   -0.52680E-01    0.45261E+06    0.12233E+03
   395    0.17579E+00   -0.14407E-01   -0.46019E-01    0.45572E+06    0.12149E+03
   396    0.26701E+00   -0.12673E-01   -0.37369E-01    0.45931E+06    0.12066E+03
   397    0.20772E+00   -0.10189E-01   -0.28831E-01    0.46341E+06    0.11984E+03
   398    0.21944E+00   -0.76510E-02   -0.19829E-01    0.46802E+06    0.11903E+03
   399    0.15225E+00   -0.42704E-02   -0.10259E-01    0.47315E+06    0.11822E+03
   400    0.48113E-02    0.00000E+00    0.00000E+00    0.47883E+06    0.11741E+03
   401   -0.14842E+00    0.44423E-02    0.10795E-01    0.48505E+06    0.11662E+03
   402   -0.30125E+00    0.89950E-02    0.22317E-01    0.49181E+06    0.11583E+03
   403   -0.52024E+00    0.15060E-01    0.34445E-01    0.49908E+06    0.11505E+03
   404   -0.79768E+00    0.21069E-01    0.48024E-01    0.50684E+06    0.11427E+03
   405   -0.10516E+01    0.26938E-01    0.61523E-01    0.51506E+06    0.11350E+03
   406   -0.14228E+01    0.34070E-01    0.76456E-01    0.52373E+06    0.11273E+03
   407   -0.17550E+01    0.40895E-01    0.90621E-01    0.53282E+06    0.11198E+03
   408   -0.21148E+01    0.48074E-01    0.10776E+00    0.54231E+06    0.11122E+03
   409   -0.24202E+01    0.56265E-01    0.12493E+00    0.55218E+06    0.11048E+03
   410   -0.28120E+01    0.63157E-01    0.14217E+00    0.56241E+06    0.10974E+03
   411   -0.31341E+01    0.70895E-01    0.16097E+00    0.57297E+06    0.10900E+03
   412   -0.35271E+01    0.78652E-01    0.17990E+00    0.58384E+06    0.10827E+03
   413   -0.39091E+01    0.86346E-01    0.19971E+00    0.59500E+06    0.10755E+03
   414   -0.43468E+01    0.93893E-01    0.21969E+00    0.60643E+06    0.10683E+03
   415   -0.46837E+01    0.10195E+00    0.24136E+00    0.61811E+06    0.10612E+03
   416   -0.50609E+01    0.10896E+00    0.26252E+00    0.63001E+06    0.10542E+03
   417   -0.54704E+01    0.11630E+00    0.28318E+00    0.64211E+06    0.10472E+03
   418   -0.58304E+01    0.12169E+00    0.30562E+00    0.65439E+06    0.10402E+03
   419   -0.61332E+01    0.12799E+00    0.32838E+00    0.66683E+06    0.10333E+03
   420   -0.64452E+01    0.13439E+00    0.35073E+00    0.67940E+06    0.10265E+03
   421   -0.66846E+01    0.14007E+00    0.37345E+00    0.69209E+06    0.10197E+03
   422   -0.69178E+01    0.14492E+00    0.39508E+00    0.70487E+06    0.10130E+03
   423   -0.72115E+01    0.14888E+00    0.41714E+00    0.71772E+06    0.10063E+03
   424   -0.74837E+01    0.15261E+00    0.43816E+00    0.73062E+06    0.99972E+02
   425   -0.76522E+01    0.15526E+00    0.45967E+00    0.74355E+06    0.99316E+02
   426   -0.77839E+01    0.15826E+00    0.48020E+00    0.75647E+06    0.98665E+02
   427   -0.79450E+01    0.16003E+00    0.49830E+00    0.76938E+06    0.98019E+02
   428   -0.80538E+01    0.16123E+00    0.51696E+00    0.78225E+06    0.97379E+02
   429   -0.81768E+01    0.16177E+00    0.53399E+00    0.79505E+06    0.96744E+02
   430   -0.81576E+01    0.16232E+00    0.54867E+00    0.80777E+06    0.96114E+02
   431   -0.81372E+01    0.16130E+00    0.56177E+00    0.82039E+06    0.95489E+02
   432   -0.81821E+01    0.15938E+00    0.57184E+00    0.83287E+06    0.94869E+02
   433   -0.80617E+01    0.15796E+00    0.58112E+00    0.84521E+06    0.94254E+02
   434   -0.79911E+01    0.15472E+00    0.58595E+00    0.85737E+06    0.93644E+02
   435   -0.78885E+01    0.15182E+00    0.58782E+00    0.86934E+06    0.93039E+02
   436   -0.76717E+01    0.14768E+00    0.58602E+00    0.88109E+06    0.92439E+02
   437   -0.74074E+01    0.14222E+00    0.58133E+00    0.89260E+06    0.91844E+02
   438   -0.71621E+01    0.13609E+00    0.57303E+00    0.90385E+06    0.91253E+02
   439   -0.67796E+01    0.12997E+00    0.55891E+00    0.91481E+06    0.90668E+02
   440   -0.64006E+01    0.12227E+00    0.54125E+00    0.92547E+06    0.90087E+02
   441   -0.59432E+01    0.11366E+00    0.51708E+00    0.93581E+06    0.89510E+02
   442   -0.55483E+01    0.10406E+00    0.48794E+00    0.94579E+06    0.88938E+02
   443   -0.49852E+01    0.94122E-01    0.45235E+00    0.95541E+06    0.88371E+02
   444   -0.43949E+01    0.83765E-01    0.41109E+00    0.96463E+06    0.87808E+02
   445   -0.37696E+01    0.70679E-01    0.36271E+00    0.97343E+06    0.87250E+02
   446   -0.31759E+01    0.58492E-01    0.30797E+00    0.98180E+06    0.86696E+02
   447   -0.24575E+01    0.45638E-01    0.24393E+00    0.98971E+06    0.86147E+02
   448   -0.17552E+01    0.30545E-01    0.17136E+00    0.99713E+06    0.85602E+02
   449   -0.91287E+00    0.15360E-01    0.91029E-01    0.10041E+07    0.85061E+02
   450    0.30535E-02    0.00000E+00    0.00000E+00    0.10105E+07    0.84525E+02
   451    0.92489E+00   -0.17093E-01   -0.99948E-01    0.10163E+07    0.83993E+02
   452    0.18551E+01   -0.34455E-01   -0.21041E+00    0.10216E+07    0.83465E+02
   453    0.29435E+01   -0.52095E-01   -0.32828E+00    0.10264E+07    0.82941E+02
   454    0.39686E+01   -0.70766E-01   -0.45412E+00    0.10307E+07    0.82421E+02
   455    0.50061E+01   -0.89735E-01   -0.58705E+00    0.10345E+07    0.81905E+02
   456    0.62059E+01   -0.10975E+00   -0.71948E+00    0.10378E+07    0.81392E+02
   457    0.72722E+01   -0.12935E+00   -0.86463E+00    0.10406E+07    0.80884E+02
   458    0.84292E+01   -0.14927E+00   -0.10030E+01    0.10429E+07    0.80379E+02
   459    0.96039E+01   -0.16878E+00   -0.11494E+01    0.10448E+07    0.79878E+02
   460    0.10798E+02   -0.18938E+00   -0.12969E+01    0.10462E+07    0.79380E+02
   461    0.11938E+02   -0.20960E+00   -0.14453E+01    0.10472E+07    0.78885E+02
   462    0.13099E+02   -0.23018E+00   -0.15879E+01    0.10477E+07    0.78394E+02
   463    0.14210E+02   -0.24965E+00   -0.17422E+01    0.10478E+07    0.77906E+02
   464    0.15271E+02   -0.26877E+00   -0.18778E+01    0.10476E+07    0.77421E+02
   465    0.16283E+02   -0.28753E+00   -0.20233E+01    0.10469E+07    0.76939E+02
   466    0.17323E+02   -0.30670E+00   -0.21557E+01    0.10459E+07    0.76461E+02
   467    0.18391E+02   -0.32480E+00   -0.22888E+01    0.10445E+07    0.75985E+02
   468    0.19340E+02   -0.34183E+00   -0.24144E+01    0.10427E+07    0.75511E+02
   469    0.20247E+02   -0.35930E+00   -0.25390E+01    0.10406E+07    0.75041E+02
   470    0.21185E+02   -0.37498E+00   -0.26542E+01    0.10381E+07    0.74573E+02
   471    0.21861E+02   -0.38889E+00   -0.27592E+01    0.10353E+07    0.74108E+02
   472    0.22646E+02   -0.40251E+00   -0.28606E+01    0.10322E+07    0.73645E+02
   473    0.23319E+02   -0.41513E+00   -0.29498E+01    0.10287E+07    0.73185E+02
   474    0.23956E+02   -0.42599E+00   -0.30336E+01    0.10250E+07    0.72726E+02
   475    0.24558E+02   -0.43661E+00   -0.31036E+01    0.10210E+07    0.72270E+02
   476    0.24977E+02   -0.44475E+00   -0.31610E+01    0.10168E+07    0.71817E+02
   477    0.25291E+02   -0.45192E+00   -0.32148E+01    0.10122E+07    0.71365E+02
   478    0.25573E+02   -0.45812E+00   -0.32453E+01    0.10074E+07    0.70915E+02
   479    0.25751E+02   -0.46188E+00   -0.32762E+01    0.10024E+07    0.70467E+02
   480    0.25826E+02   -0.46395E+00   -0.32874E+01    0.99713E+06    0.70021E+02
   481    0.25801E+02   -0.46435E+00   -0.32816E+01    0.99165E+06    0.69576E+02
   482    0.25750E+02   -0.46233E+00   -0.32638E+01    0.98596E+06    0.69133E+02
   483    0.25451E+02   -0.45865E+00   -0.32355E+01    0.98008E+06    0.68692E+02
   484    0.24982E+02   -0.45258E+00   -0.31897E+01    0.97401E+06    0.68252E+02
   485    0.24565E+02   -0.44487E+00   -0.31271E+01    0.96776E+06    0.67813E+02
   486    0.23979E+02   -0.43404E+00   -0.30489E+01    0.96135E+06    0.67376E+02
   487    0.23226E+02   -0.42085E+00   -0.29543E+01    0.95478E+06    0.66940E+02
   488    0.22307E+02   -0.40604E+00   -0.28417E+01    0.94808E+06    0.66505E+02
   489    0.21297E+02   -0.38815E+00   -0.27116E+01    0.94124E+06    0.66071E+02
   490    0.20198E+02   -0.36718E+00   -0.25625E+01    0.93428E+06    0.65638E+02
   491    0.18789E+02   -0.34389E+00   -0.23962E+01    0.92721E+06    0.65205E+02
   492    0.17368E+02   -0.31754E+00   -0.22113E+01    0.92004E+06    0.64774E+02
   493    0.15787E+02   -0.28962E+00   -0.20054E+01    0.91279E+06    0.64343E+02
   494    0.14048E+02   -0.25718E+00   -0.17812E+01    0.90546E+06    0.63913E+02
   495    0.12079E+02   -0.22245E+00   -0.15364E+01    0.89806E+06    0.63483E+02
   496    0.99536E+01   -0.18396E+00   -0.12716E+01    0.89061E+06    0.63054E+02
   497    0.76747E+01   -0.14246E+00   -0.98510E+00    0.88311E+06    0.62625E+02
   498    0.52432E+01   -0.98705E-01   -0.67901E+00    0.87559E+06    0.62196E+02
   499    0.27347E+01   -0.50472E-01   -0.34946E+00    0.86803E+06    0.61768E+02
   500    0.19836E-02    0.00000E+00    0.00000E+00    0.86047E+06    0.61339E+02
