#    L    TT             EE             TE             PP             TP          
     2    0.34740E+03    0.81856E-10   -0.13169E-04    0.99029E+06    0.34662E+05
     3    0.24234E+03    0.25049E-10    0.79682E-05    0.15121E+07    0.38564E+05
     4    0.18155E+03    0.66826E-11    0.64994E-05    0.19676E+07    0.39792E+05
     5    0.14237E+03    0.22290E-11    0.32717E-05    0.23634E+07    0.39764E+05
     6    0.11523E+03    0.91426E-12    0.30298E-05    0.27071E+07    0.39090E+05
     7    0.95443E+02    0.60599E-12    0.41621E-05    0.30063E+07    0.38079E+05
     8    0.80479E+02    0.62815E-12    0.44581E-05    0.32673E+07    0.36897E+05
     9    0.68839E+02    0.51145E-12    0.34614E-05    0.34958E+07    0.35642E+05
    10    0.59568E+02    0.26307E-12    0.20536E-05    0.36959E+07    0.34363E+05
    11    0.52057E+02    0.98530E-13    0.11111E-05    0.38720E+07    0.33098E+05
    12    0.46012E+02    0.10382E-03   -0.23710E-03    0.40263E+07    0.31857E+05
    13    0.40688E+02    0.11029E-12    0.99765E-06    0.41612E+07    0.30651E+05
    14    0.36279E+02   -0.27194E-04    0.79689E-04    0.42796E+07    0.29489E+05
    15    0.32596E+02    0.12650E-12    0.11884E-05    0.43830E+07    0.28374E+05
    16    0.29363E+02   -0.22586E-04    0.32414E-03    0.44732E+07    0.27306E+05
    17    0.26619E+02    0.64505E-13    0.71968E-06    0.45515E+07    0.26285E+05
    18    0.23764E+02    0.11488E-04   -0.52561E-03    0.46193E+07    0.25310E+05
    19    0.22075E+02    0.29347E-13    0.30065E-06    0.46773E+07    0.24380E+05
    20    0.20239E+02    0.10034E-04   -0.10644E-04    0.47263E+07    0.23490E+05
    21    0.18536E+02    0.24897E-13    0.33299E-06    0.47672E+07    0.22640E+05
    22    0.17099E+02   -0.67106E-05   -0.42664E-04    0.48011E+07    0.21829E+05
    23    0.15730E+02    0.67635E-13    0.56924E-06    0.48286E+07    0.21056E+05
    24    0.14518E+02   -0.45945E-05    0.19330E-03    0.48500E+07    0.20317E+05
    25    0.13470E+02    0.10797E-12    0.67408E-06    0.48660E+07    0.19611E+05
    26    0.12447E+02    0.45677E-05    0.17383E-03    0.48771E+07    0.18936E+05
    27    0.11625E+02    0.89733E-13    0.55962E-06    0.48838E+07    0.18292E+05
    28    0.10801E+02    0.62322E-06   -0.24428E-03    0.48865E+07    0.17676E+05
    29    0.10102E+02    0.47691E-13    0.33706E-06    0.48853E+07    0.17086E+05
    30    0.95082E+01   -0.21393E-05    0.16714E-04    0.48802E+07    0.16521E+05
    31    0.88298E+01    0.26537E-13    0.14358E-06    0.48720E+07    0.15978E+05
    32    0.82404E+01    0.18985E-05    0.16031E-03    0.48609E+07    0.15460E+05
    33    0.77600E+01    0.21512E-13    0.51425E-07    0.48473E+07    0.14962E+05
    34    0.72707E+01    0.58091E-06   -0.27666E-03    0.48312E+07    0.14486E+05
    35    0.68532E+01    0.17422E-13    0.60227E-07    0.48130E+07    0.14029E+05
    36    0.65066E+01   -0.13653E-06    0.46383E-03    0.47928E+07    0.13590E+05
    37    0.60791E+01    0.15875E-13    0.12539E-06    0.47707E+07    0.13169E+05
    38    0.57095E+01    0.41830E-05   -0.55391E-03    0.47471E+07    0.12765E+05
    39    0.54389E+01    0.55145E-05   -0.64610E-03    0.47219E+07    0.12377E+05
    40    0.51170E+01    0.27319E-13    0.22232E-06    0.46952E+07    0.12003E+05
    41    0.49474E+01   -0.10177E-04    0.12921E-02    0.46673E+07    0.11644E+05
    42    0.46924E+01   -0.18179E-04    0.24752E-02    0.46382E+07    0.11299E+05
    43    0.44679E+01   -0.16190E-04    0.26483E-02    0.46080E+07    0.10967E+05
    44    0.40929E+01   -0.11250E-04    0.18018E-02    0.45769E+07    0.10647E+05
    45    0.39064E+01    0.32886E-13    0.21951E-06    0.45449E+07    0.10339E+05
    46    0.38093E+01    0.21386E-04   -0.44408E-02    0.45122E+07    0.10042E+05
    47    0.36597E+01    0.45231E-04   -0.10322E-01    0.44788E+07    0.97560E+04
    48    0.33974E+01    0.68040E-04   -0.13066E-01    0.44448E+07    0.94806E+04
    49    0.31111E+01    0.64032E-04   -0.86922E-02    0.44104E+07    0.92151E+04
    50    0.30379E+01    0.10079E-13    0.98649E-07    0.43754E+07    0.89592E+04
    51    0.29642E+01   -0.15865E-03    0.87114E-02    0.43402E+07    0.87124E+04
    52    0.31021E+01   -0.32573E-03    0.12776E-01    0.43046E+07    0.84743E+04
    53    0.30646E+01   -0.34961E-03    0.92855E-02    0.42688E+07    0.82445E+04
    54    0.27616E+01   -0.23463E-03    0.33016E-02    0.42327E+07    0.80228E+04
    55    0.24003E+01    0.41723E-14    0.25440E-07    0.41965E+07    0.78087E+04
    56    0.21927E+01    0.21343E-03   -0.17291E-02    0.41601E+07    0.76020E+04
    57    0.20727E+01    0.29820E-03   -0.18358E-02    0.41237E+07    0.74023E+04
    58    0.20533E+01    0.26287E-03   -0.12124E-02    0.40871E+07    0.72092E+04
    59    0.19990E+01    0.14575E-03   -0.77348E-03    0.40505E+07    0.70227E+04
    60    0.19229E+01    0.26721E-14    0.23368E-07    0.40139E+07    0.68423E+04
    61    0.21311E+01   -0.80085E-04    0.18113E-02    0.39773E+07    0.66677E+04
    62    0.20233E+01   -0.10301E-03    0.37228E-02    0.39408E+07    0.64989E+04
    63    0.18121E+01   -0.10297E-03    0.47585E-02    0.39043E+07    0.63356E+04
    64    0.17845E+01   -0.62183E-04    0.37191E-02    0.38679E+07    0.61775E+04
    65    0.15591E+01    0.57662E-14    0.44941E-07    0.38317E+07    0.60245E+04
    66    0.14221E+01    0.21984E-04   -0.46037E-02    0.37956E+07    0.58765E+04
    67    0.12125E+01    0.10896E-04   -0.77600E-02    0.37597E+07    0.57331E+04
    68    0.12141E+01    0.13330E-04   -0.83024E-02    0.37240E+07    0.55944E+04
    69    0.11908E+01   -0.58331E-05   -0.49903E-02    0.36885E+07    0.54600E+04
    70    0.12780E+01    0.87196E-14    0.49969E-07    0.36533E+07    0.53298E+04
    71    0.13199E+01    0.25785E-04    0.38996E-02    0.36182E+07    0.52036E+04
    72    0.13332E+01    0.53062E-04    0.55055E-02    0.35835E+07    0.50814E+04
    73    0.12665E+01    0.56304E-04    0.45079E-02    0.35490E+07    0.49628E+04
    74    0.11424E+01    0.32269E-04    0.20827E-02    0.35147E+07    0.48479E+04
    75    0.10581E+01    0.49223E-14    0.37933E-07    0.34807E+07    0.47364E+04
    76    0.95470E+00   -0.30693E-04   -0.95234E-03    0.34469E+07    0.46283E+04
    77    0.89224E+00   -0.57223E-04   -0.10189E-02    0.34134E+07    0.45233E+04
    78    0.92351E+00   -0.41664E-04   -0.21692E-02    0.33801E+07    0.44214E+04
    79    0.87840E+00   -0.27803E-04   -0.11730E-02    0.33472E+07    0.43225E+04
    80    0.88392E+00    0.21565E-14    0.23880E-07    0.33146E+07    0.42266E+04
    81    0.84883E+00    0.27379E-05    0.31531E-03    0.32823E+07    0.41334E+04
    82    0.84865E+00    0.12525E-04    0.24967E-03    0.32503E+07    0.40429E+04
    83    0.81495E+00    0.14258E-04   -0.27075E-03    0.32187E+07    0.39551E+04
    84    0.82783E+00    0.15117E-04    0.16587E-03    0.31874E+07    0.38698E+04
    85    0.74456E+00    0.16877E-14    0.15788E-07    0.31564E+07    0.37870E+04
    86    0.64450E+00   -0.80104E-05   -0.13641E-03    0.31259E+07    0.37066E+04
    87    0.75266E+00   -0.26216E-04    0.24021E-03    0.30957E+07    0.36285E+04
    88    0.62475E+00   -0.26302E-04    0.83362E-03    0.30658E+07    0.35526E+04
    89    0.63361E+00   -0.96688E-05   -0.13813E-03    0.30363E+07    0.34788E+04
    90    0.63208E+00    0.10313E-14    0.12482E-07    0.30072E+07    0.34070E+04
    91    0.54767E+00    0.88892E-05    0.16983E-03    0.29785E+07    0.33372E+04
    92    0.53220E+00    0.16379E-04    0.62229E-03    0.29501E+07    0.32693E+04
    93    0.58929E+00    0.29435E-04    0.82642E-03    0.29221E+07    0.32032E+04
    94    0.49971E+00    0.25308E-04    0.17369E-02    0.28944E+07    0.31390E+04
    95    0.48994E+00    0.18391E-04    0.20800E-02    0.28671E+07    0.30764E+04
    96    0.26648E+00    0.82198E-05    0.20674E-02    0.28401E+07    0.30156E+04
    97    0.27864E+00   -0.56680E-05    0.19112E-02    0.28135E+07    0.29565E+04
    98    0.30719E+00   -0.16308E-04    0.33087E-02    0.27872E+07    0.28989E+04
    99    0.20721E+00   -0.46450E-04    0.27578E-02    0.27613E+07    0.28430E+04
   100    0.20515E+00   -0.81699E-04    0.41844E-02    0.27358E+07    0.27885E+04
   101    0.15609E+00   -0.48236E-04    0.40862E-02    0.27105E+07    0.27355E+04
   102    0.43505E+00   -0.80235E-04    0.41607E-02    0.26856E+07    0.26839E+04
   103    0.45140E+00   -0.89020E-04    0.31342E-02    0.26610E+07    0.26337E+04
   104    0.50589E+00   -0.60196E-04    0.34469E-02    0.26368E+07    0.25849E+04
   105    0.52787E+00   -0.53656E-04    0.30823E-02    0.26129E+07    0.25373E+04
   106    0.59523E+00    0.19279E-04    0.22523E-02    0.25892E+07    0.24909E+04
   107    0.41449E+00    0.24434E-04    0.19114E-02    0.25660E+07    0.24457E+04
   108    0.43495E+00    0.50485E-04    0.78595E-03    0.25430E+07    0.24017E+04
   109    0.43739E+00    0.37543E-04   -0.16942E-03    0.25203E+07    0.23587E+04
   110    0.35115E+00    0.37504E-15    0.49591E-08    0.24980E+07    0.23168E+04
   111    0.25483E+00    0.25783E-04   -0.72092E-03    0.24760E+07    0.22759E+04
   112    0.15555E+00    0.51254E-04   -0.21128E-02    0.24542E+07    0.22359E+04
   113    0.13537E+00    0.86308E-04   -0.32119E-02    0.24328E+07    0.21969E+04
   114    0.53535E-01    0.66557E-04   -0.37972E-02    0.24117E+07    0.21589E+04
   115    0.66402E-01    0.15046E-03   -0.43908E-02    0.23908E+07    0.21217E+04
   116   -0.41079E-01    0.12507E-03   -0.47717E-02    0.23703E+07    0.20855E+04
   117    0.36023E-01    0.74553E-04   -0.47190E-02    0.23500E+07    0.20500E+04
   118    0.15694E+00    0.15738E-03   -0.54974E-02    0.23300E+07    0.20155E+04
   119    0.18090E+00    0.23488E-03   -0.54004E-02    0.23103E+07    0.19817E+04
   120    0.26428E+00    0.16838E-03   -0.49499E-02    0.22908E+07    0.19488E+04
   121    0.26629E+00    0.26490E-03   -0.46678E-02    0.22717E+07    0.19166E+04
   122    0.26903E+00    0.23721E-03   -0.43333E-02    0.22528E+07    0.18852E+04
   123    0.28028E+00    0.16949E-03   -0.44681E-02    0.22341E+07    0.18545E+04
   124    0.30786E+00    0.14592E-03   -0.26230E-02    0.22158E+07    0.18246E+04
   125    0.28526E+00    0.10210E-03   -0.15484E-02    0.21977E+07    0.17953E+04
   126    0.29459E+00    0.12222E-03   -0.10233E-02    0.21798E+07    0.17667E+04
   127    0.26934E+00    0.67608E-04   -0.82677E-03    0.21622E+07    0.17388E+04
   128    0.21731E+00    0.96719E-04   -0.73800E-03    0.21448E+07    0.17114E+04
   129    0.22059E+00    0.70884E-04   -0.53605E-03    0.21277E+07    0.16847E+04
   130    0.21270E+00    0.22502E-14    0.78768E-08    0.21108E+07    0.16586E+04
   131    0.20176E+00    0.40701E-04   -0.11275E-02    0.20941E+07    0.16330E+04
   132    0.27153E+00    0.45184E-04   -0.14194E-02    0.20777E+07    0.16080E+04
   133    0.28325E+00    0.86669E-04   -0.35664E-02    0.20615E+07    0.15835E+04
   134    0.32101E+00    0.16409E-03   -0.35737E-02    0.20456E+07    0.15595E+04
   135    0.39461E+00    0.20211E-03   -0.48750E-02    0.20298E+07    0.15361E+04
   136    0.36530E+00    0.19965E-03   -0.42183E-02    0.20143E+07    0.15132E+04
   137    0.39144E+00    0.22994E-03   -0.42943E-02    0.19990E+07    0.14907E+04
   138    0.40857E+00    0.21763E-03   -0.40796E-02    0.19838E+07    0.14687E+04
   139    0.27792E+00    0.31022E-03   -0.32936E-02    0.19689E+07    0.14472E+04
   140    0.30643E+00    0.28381E-03   -0.31413E-02    0.19542E+07    0.14261E+04
   141    0.20678E+00    0.21161E-03   -0.18566E-02    0.19397E+07    0.14055E+04
   142    0.21161E+00    0.16683E-03   -0.64437E-03    0.19254E+07    0.13853E+04
   143    0.25646E+00    0.14843E-03    0.33036E-04    0.19112E+07    0.13655E+04
   144    0.20257E+00    0.81045E-04    0.45625E-03    0.18973E+07    0.13462E+04
   145    0.13401E+00    0.11218E-03    0.90586E-03    0.18835E+07    0.13272E+04
   146    0.28346E+00    0.17933E-04    0.91965E-03    0.18699E+07    0.13086E+04
   147    0.21501E+00    0.20080E-04    0.15210E-02    0.18565E+07    0.12903E+04
   148    0.16133E+00   -0.31007E-04    0.76213E-03    0.18432E+07    0.12725E+04
   149    0.20649E+00   -0.62107E-04   -0.33364E-03    0.18301E+07    0.12549E+04
   150    0.13747E+00    0.18752E-15    0.11969E-08    0.18172E+07    0.12377E+04
   151    0.11231E+00    0.77267E-04   -0.16144E-02    0.18044E+07    0.12208E+04
   152   -0.93403E-02    0.80850E-04   -0.38724E-02    0.17918E+07    0.12042E+04
   153   -0.71019E-01    0.14206E-03   -0.46709E-02    0.17793E+07    0.11879E+04
   154   -0.13911E+00    0.24362E-03   -0.63636E-02    0.17670E+07    0.11720E+04
   155   -0.20573E+00    0.36829E-03   -0.83328E-02    0.17548E+07    0.11563E+04
   156   -0.41154E+00    0.49880E-03   -0.10704E-01    0.17428E+07    0.11409E+04
   157   -0.45152E+00    0.61790E-03   -0.12116E-01    0.17309E+07    0.11258E+04
   158   -0.54061E+00    0.78259E-03   -0.13437E-01    0.17191E+07    0.11110E+04
   159   -0.67094E+00    0.82706E-03   -0.14794E-01    0.17075E+07    0.10964E+04
   160   -0.76031E+00    0.88262E-03   -0.14824E-01    0.16960E+07    0.10821E+04
   161   -0.80083E+00    0.10063E-02   -0.15139E-01    0.16846E+07    0.10681E+04
   162   -0.85890E+00    0.10322E-02   -0.15864E-01    0.16734E+07    0.10543E+04
   163   -0.77804E+00    0.10175E-02   -0.15639E-01    0.16623E+07    0.10408E+04
   164   -0.84750E+00    0.10190E-02   -0.16075E-01    0.16513E+07    0.10275E+04
   165   -0.76225E+00    0.94538E-03   -0.15068E-01    0.16404E+07    0.10145E+04
   166   -0.66297E+00    0.92781E-03   -0.14230E-01    0.16297E+07    0.10016E+04
   167   -0.46746E+00    0.72622E-03   -0.14427E-01    0.16191E+07    0.98904E+03
   168   -0.39070E+00    0.69477E-03   -0.13558E-01    0.16086E+07    0.97667E+03
   169   -0.27621E+00    0.51905E-03   -0.11747E-01    0.15982E+07    0.96452E+03
   170   -0.11611E+00    0.40467E-03   -0.10605E-01    0.15879E+07    0.95257E+03
   171   -0.51060E-01    0.33435E-03   -0.80286E-02    0.15777E+07    0.94082E+03
   172    0.11133E-02    0.21656E-03   -0.56291E-02    0.15676E+07    0.92927E+03
   173   -0.25978E-01    0.34034E-04   -0.35315E-02    0.15576E+07    0.91791E+03
   174    0.24128E-01    0.66645E-04   -0.18610E-02    0.15477E+07    0.90673E+03
   175    0.85043E-01    0.00000E+00   -0.47219E-10    0.15380E+07    0.89574E+03
   176    0.16217E-01    0.36738E-04    0.19737E-02    0.15283E+07    0.88492E+03
   177   -0.25271E-01    0.70562E-04    0.26861E-02    0.15187E+07    0.87427E+03
   178   -0.10507E+00    0.28936E-03    0.37823E-02    0.15091E+07    0.86378E+03
   179   -0.21454E+00    0.36102E-03    0.54213E-02    0.14997E+07    0.85346E+03
   180   -0.19649E+00    0.47345E-03    0.62767E-02    0.14904E+07    0.84331E+03
   181   -0.26513E+00    0.59167E-03    0.65077E-02    0.14811E+07    0.83331E+03
   182   -0.33753E+00    0.75500E-03    0.77592E-02    0.14720E+07    0.82347E+03
   183   -0.47936E+00    0.85420E-03    0.87047E-02    0.14629E+07    0.81377E+03
   184   -0.53341E+00    0.92858E-03    0.10246E-01    0.14539E+07    0.80423E+03
   185   -0.56532E+00    0.10917E-02    0.10315E-01    0.14450E+07    0.79484E+03
   186   -0.93788E+00    0.11676E-02    0.12040E-01    0.14362E+07    0.78559E+03
   187   -0.97390E+00    0.12623E-02    0.14096E-01    0.14274E+07    0.77648E+03
   188   -0.10362E+01    0.13260E-02    0.15157E-01    0.14187E+07    0.76751E+03
   189   -0.11903E+01    0.13610E-02    0.16867E-01    0.14101E+07    0.75867E+03
   190   -0.98205E+00    0.13842E-02    0.17157E-01    0.14016E+07    0.74997E+03
   191   -0.11455E+01    0.13829E-02    0.19157E-01    0.13931E+07    0.74139E+03
   192   -0.11522E+01    0.13446E-02    0.20798E-01    0.13847E+07    0.73294E+03
   193   -0.12161E+01    0.12787E-02    0.20754E-01    0.13764E+07    0.72461E+03
   194   -0.11060E+01    0.11801E-02    0.21412E-01    0.13681E+07    0.71640E+03
   195   -0.10359E+01    0.10509E-02    0.20704E-01    0.13599E+07    0.70831E+03
   196   -0.99727E+00    0.89326E-03    0.19530E-01    0.13518E+07    0.70034E+03
   197   -0.83290E+00    0.71685E-03    0.16565E-01    0.13437E+07    0.69247E+03
   198   -0.60842E+00    0.50895E-03    0.12711E-01    0.13357E+07    0.68471E+03
   199   -0.31520E+00    0.27175E-03    0.73839E-02    0.13278E+07    0.67706E+03
   200    0.55386E-01    0.00000E+00   -0.21722E-11    0.13199E+07    0.66951E+03
   201    0.43612E+00   -0.28135E-03   -0.84539E-02    0.13121E+07    0.66206E+03
   202    0.90200E+00   -0.59737E-03   -0.18882E-01    0.13043E+07    0.65470E+03
   203    0.13779E+01   -0.92061E-03   -0.29875E-01    0.12966E+07    0.64744E+03
   204    0.17887E+01   -0.12608E-02   -0.43737E-01    0.12889E+07    0.64028E+03
   205    0.22821E+01   -0.16054E-02   -0.57575E-01    0.12813E+07    0.63322E+03
   206    0.27086E+01   -0.19491E-02   -0.71984E-01    0.12737E+07    0.62624E+03
   207    0.32161E+01   -0.23019E-02   -0.86745E-01    0.12662E+07    0.61936E+03
   208    0.35808E+01   -0.26435E-02   -0.10171E+00    0.12588E+07    0.61257E+03
   209    0.39503E+01   -0.29838E-02   -0.11658E+00    0.12514E+07    0.60587E+03
   210    0.43239E+01   -0.33028E-02   -0.13159E+00    0.12440E+07    0.59926E+03
   211    0.47007E+01   -0.36027E-02   -0.14613E+00    0.12367E+07    0.59274E+03
   212    0.49313E+01   -0.38858E-02   -0.16047E+00    0.12295E+07    0.58630E+03
   213    0.52376E+01   -0.41395E-02   -0.17389E+00    0.12223E+07    0.57996E+03
   214    0.54703E+01   -0.44033E-02   -0.18694E+00    0.12151E+07    0.57369E+03
   215    0.57029E+01   -0.45160E-02   -0.19969E+00    0.12080E+07    0.56751E+03
   216    0.58600E+01   -0.46954E-02   -0.21095E+00    0.12010E+07    0.56141E+03
   217    0.60895E+01   -0.48174E-02   -0.22206E+00    0.11939E+07    0.55539E+03
   218    0.62420E+01   -0.49140E-02   -0.23214E+00    0.11870E+07    0.54946E+03
   219    0.63908E+01   -0.50172E-02   -0.23956E+00    0.11800E+07    0.54360E+03
   220    0.65352E+01   -0.50105E-02   -0.24809E+00    0.11732E+07    0.53782E+03
   221    0.66743E+01   -0.50002E-02   -0.25486E+00    0.11663E+07    0.53212E+03
   222    0.68071E+01   -0.48696E-02   -0.26067E+00    0.11595E+07    0.52649E+03
   223    0.67844E+01   -0.47250E-02   -0.26412E+00    0.11528E+07    0.52094E+03
   224    0.69023E+01   -0.45985E-02   -0.26826E+00    0.11461E+07    0.51546E+03
   225    0.69373E+01   -0.43735E-02   -0.26945E+00    0.11394E+07    0.51005E+03
   226    0.69626E+01   -0.40820E-02   -0.27073E+00    0.11328E+07    0.50472E+03
   227    0.69032E+01   -0.37559E-02   -0.26996E+00    0.11262E+07    0.49945E+03
   228    0.69068E+01   -0.34273E-02   -0.26795E+00    0.11196E+07    0.49426E+03
   229    0.68983E+01   -0.30538E-02   -0.26553E+00    0.11131E+07    0.48913E+03
   230    0.68025E+01   -0.26675E-02   -0.26128E+00    0.11066E+07    0.48407E+03
   231    0.66185E+01   -0.22262E-02   -0.25528E+00    0.11002E+07    0.47908E+03
   232    0.64941E+01   -0.18360E-02   -0.24836E+00    0.10938E+07    0.47415E+03
   233    0.63542E+01   -0.13061E-02   -0.24132E+00    0.10874E+07    0.46928E+03
   234    0.60493E+01   -0.81706E-03   -0.23276E+00    0.10810E+07    0.46448E+03
   235    0.58014E+01   -0.32665E-03   -0.22351E+00    0.10747E+07    0.45974E+03
   236    0.54611E+01    0.13318E-03   -0.21288E+00    0.10685E+07    0.45506E+03
   237    0.51018E+01    0.60470E-03   -0.20172E+00    0.10622E+07    0.45044E+03
   238    0.47227E+01    0.11302E-02   -0.18933E+00    0.10560E+07    0.44588E+03
   239    0.43973E+01    0.15291E-02   -0.17582E+00    0.10498E+07    0.44137E+03
   240    0.39017E+01    0.18438E-02   -0.16272E+00    0.10437E+07    0.43692E+03
   241    0.35323E+01    0.21907E-02   -0.14865E+00    0.10376E+07    0.43253E+03
   242    0.31397E+01    0.23893E-02   -0.13367E+00    0.10315E+07    0.42819E+03
   243    0.27230E+01    0.25562E-02   -0.11859E+00    0.10254E+07    0.42390E+03
   244    0.22814E+01    0.25851E-02   -0.10203E+00    0.10194E+07    0.41966E+03
   245    0.18140E+01    0.25182E-02   -0.86270E-01    0.10134E+07    0.41548E+03
   246    0.13942E+01    0.23237E-02   -0.69168E-01    0.10074E+07    0.41134E+03
   247    0.10213E+01    0.18952E-02   -0.52285E-01    0.10014E+07    0.40725E+03
   248    0.61994E+00    0.15721E-02   -0.34955E-01    0.99551E+06    0.40321E+03
   249    0.33799E+00    0.80248E-03   -0.17253E-01    0.98960E+06    0.39922E+03
   250    0.25988E-01    0.00000E+00    0.72007E-13    0.98371E+06    0.39527E+03
   251   -0.16986E+00   -0.11553E-02    0.18203E-01    0.97785E+06    0.39136E+03
   252   -0.48079E+00   -0.24267E-02    0.36481E-01    0.97202E+06    0.38750E+03
   253   -0.54530E+00   -0.40141E-02    0.53948E-01    0.96620E+06    0.38368E+03
   254   -0.67041E+00   -0.55973E-02    0.71205E-01    0.96042E+06    0.37991E+03
   255   -0.79175E+00   -0.74504E-02    0.88851E-01    0.95465E+06    0.37617E+03
   256   -0.84493E+00   -0.91791E-02    0.10749E+00    0.94892E+06    0.37248E+03
   257   -0.83985E+00   -0.11206E-01    0.11954E+00    0.94322E+06    0.36883E+03
   258   -0.86069E+00   -0.13137E-01    0.13824E+00    0.93754E+06    0.36522E+03
   259   -0.84309E+00   -0.15097E-01    0.14933E+00    0.93190E+06    0.36166E+03
   260   -0.72264E+00   -0.17063E-01    0.16826E+00    0.92628E+06    0.35813E+03
   261   -0.65783E+00   -0.19087E-01    0.17336E+00    0.92070E+06    0.35464E+03
   262   -0.65855E+00   -0.20923E-01    0.18751E+00    0.91516E+06    0.35120E+03
   263   -0.36328E+00   -0.22770E-01    0.20387E+00    0.90964E+06    0.34779E+03
   264   -0.22763E+00   -0.24532E-01    0.21562E+00    0.90416E+06    0.34442E+03
   265   -0.18722E+00   -0.26259E-01    0.21593E+00    0.89872E+06    0.34109E+03
   266   -0.29090E-01   -0.27706E-01    0.22769E+00    0.89332E+06    0.33780E+03
   267    0.14001E-01   -0.29221E-01    0.22921E+00    0.88795E+06    0.33455E+03
   268    0.80720E-01   -0.30410E-01    0.23595E+00    0.88263E+06    0.33133E+03
   269    0.12600E-01   -0.31547E-01    0.24107E+00    0.87734E+06    0.32815E+03
   270    0.96873E-01   -0.32534E-01    0.24519E+00    0.87209E+06    0.32501E+03
   271    0.10079E+00   -0.33424E-01    0.24889E+00    0.86689E+06    0.32191E+03
   272    0.23729E+00   -0.33894E-01    0.24536E+00    0.86173E+06    0.31884E+03
   273    0.27364E+00   -0.34518E-01    0.25005E+00    0.85662E+06    0.31580E+03
   274    0.34849E+00   -0.34678E-01    0.24127E+00    0.85155E+06    0.31280E+03
   275    0.37766E+00   -0.34870E-01    0.24190E+00    0.84652E+06    0.30984E+03
   276    0.49982E+00   -0.34849E-01    0.23027E+00    0.84154E+06    0.30691E+03
   277    0.48221E+00   -0.34591E-01    0.22926E+00    0.83661E+06    0.30402E+03
   278    0.53779E+00   -0.34149E-01    0.21717E+00    0.83173E+06    0.30116E+03
   279    0.58237E+00   -0.33573E-01    0.20206E+00    0.82690E+06    0.29833E+03
   280    0.60605E+00   -0.32841E-01    0.19935E+00    0.82212E+06    0.29554E+03
   281    0.74749E+00   -0.31854E-01    0.18738E+00    0.81739E+06    0.29277E+03
   282    0.69966E+00   -0.30888E-01    0.17418E+00    0.81272E+06    0.29004E+03
   283    0.74979E+00   -0.29696E-01    0.16033E+00    0.80810E+06    0.28735E+03
   284    0.81370E+00   -0.28329E-01    0.14644E+00    0.80353E+06    0.28468E+03
   285    0.88149E+00   -0.26765E-01    0.13312E+00    0.79902E+06    0.28205E+03
   286    0.86897E+00   -0.25130E-01    0.11352E+00    0.79457E+06    0.27944E+03
   287    0.84052E+00   -0.23399E-01    0.10312E+00    0.79017E+06    0.27687E+03
   288    0.86053E+00   -0.21551E-01    0.87651E-01    0.78583E+06    0.27433E+03
   289    0.84482E+00   -0.19636E-01    0.75142E-01    0.78156E+06    0.27181E+03
   290    0.85775E+00   -0.17779E-01    0.66194E-01    0.77734E+06    0.26933E+03
   291    0.88945E+00   -0.15217E-01    0.46550E-01    0.77318E+06    0.26687E+03
   292    0.63286E+00   -0.13038E-01    0.39095E-01    0.76909E+06    0.26445E+03
   293    0.67235E+00   -0.11592E-01    0.22144E-01    0.76506E+06    0.26205E+03
   294    0.55233E+00   -0.93704E-02    0.18583E-01    0.76110E+06    0.25968E+03
   295    0.63431E+00   -0.78354E-02    0.67261E-02    0.75720E+06    0.25733E+03
   296    0.53697E+00   -0.54786E-02    0.20301E-02    0.75337E+06    0.25502E+03
   297    0.47325E+00   -0.45053E-02    0.50950E-02    0.74960E+06    0.25273E+03
   298    0.28471E+00   -0.26641E-02    0.16641E-02    0.74591E+06    0.25046E+03
   299    0.18427E+00   -0.67475E-03   -0.23422E-03    0.74228E+06    0.24823E+03
   300    0.13476E-01    0.00000E+00    0.00000E+00    0.73872E+06    0.24601E+03
   301   -0.16316E+00    0.87705E-03    0.10259E-01    0.73524E+06    0.24383E+03
   302   -0.28056E+00    0.12775E-02    0.30463E-01    0.73182E+06    0.24167E+03
   303   -0.42211E+00    0.20163E-02    0.45537E-01    0.72846E+06    0.23953E+03
   304   -0.59688E+00    0.31656E-02    0.55267E-01    0.72517E+06    0.23742E+03
   305   -0.73969E+00    0.33118E-02    0.74293E-01    0.72193E+06    0.23533E+03
   306   -0.93388E+00    0.32699E-02    0.94968E-01    0.71874E+06    0.23326E+03
   307   -0.11143E+01    0.31120E-02    0.10965E+00    0.71561E+06    0.23122E+03
   308   -0.12899E+01    0.43959E-02    0.14041E+00    0.71251E+06    0.22921E+03
   309   -0.13957E+01    0.42224E-02    0.15731E+00    0.70946E+06    0.22721E+03
   310   -0.15892E+01    0.34063E-02    0.18242E+00    0.70644E+06    0.22524E+03
   311   -0.17309E+01    0.42485E-02    0.20067E+00    0.70346E+06    0.22329E+03
   312   -0.18300E+01    0.38496E-02    0.22671E+00    0.70051E+06    0.22137E+03
   313   -0.19697E+01    0.37674E-02    0.24545E+00    0.69758E+06    0.21946E+03
   314   -0.20850E+01    0.40740E-02    0.27154E+00    0.69468E+06    0.21758E+03
   315   -0.21848E+01    0.33559E-02    0.28990E+00    0.69179E+06    0.21572E+03
   316   -0.22783E+01    0.31709E-02    0.30775E+00    0.68891E+06    0.21388E+03
   317   -0.23746E+01    0.21055E-02    0.32487E+00    0.68605E+06    0.21207E+03
   318   -0.24827E+01    0.24602E-02    0.34105E+00    0.68319E+06    0.21027E+03
   319   -0.25374E+01    0.20787E-02    0.35606E+00    0.68033E+06    0.20849E+03
   320   -0.25479E+01    0.17759E-02    0.37712E+00    0.67748E+06    0.20674E+03
   321   -0.25974E+01    0.23668E-02    0.38916E+00    0.67462E+06    0.20500E+03
   322   -0.26209E+01    0.16949E-02    0.39938E+00    0.67174E+06    0.20329E+03
   323   -0.26273E+01    0.13182E-02    0.40758E+00    0.66886E+06    0.20159E+03
   324   -0.26257E+01    0.20516E-02    0.40610E+00    0.66596E+06    0.19992E+03
   325   -0.25510E+01    0.25286E-03    0.41702E+00    0.66304E+06    0.19826E+03
   326   -0.25609E+01    0.45130E-03    0.41041E+00    0.66009E+06    0.19662E+03
   327   -0.25157E+01    0.49047E-03    0.40833E+00    0.65712E+06    0.19501E+03
   328   -0.24247E+01   -0.30035E-03    0.41057E+00    0.65411E+06    0.19341E+03
   329   -0.23711E+01   -0.36335E-03    0.40205E+00    0.65107E+06    0.19182E+03
   330   -0.22899E+01   -0.11121E-02    0.38999E+00    0.64799E+06    0.19026E+03
   331   -0.21157E+01   -0.17316E-02    0.38160E+00    0.64487E+06    0.18871E+03
   332   -0.20062E+01   -0.14070E-02    0.37666E+00    0.64169E+06    0.18719E+03
   333   -0.18963E+01   -0.15517E-02    0.36752E+00    0.63847E+06    0.18567E+03
   334   -0.17206E+01   -0.13509E-02    0.35398E+00    0.63519E+06    0.18418E+03
   335   -0.16370E+01   -0.22180E-02    0.33582E+00    0.63186E+06    0.18270E+03
   336   -0.15059E+01   -0.25953E-02    0.32024E+00    0.62846E+06    0.18124E+03
   337   -0.13363E+01   -0.24107E-02    0.29217E+00    0.62499E+06    0.17980E+03
   338   -0.12117E+01   -0.30777E-02    0.27369E+00    0.62146E+06    0.17837E+03
   339   -0.99261E+00   -0.22956E-02    0.24972E+00    0.61784E+06    0.17696E+03
   340   -0.83660E+00   -0.22210E-02    0.23489E+00    0.61416E+06    0.17556E+03
   341   -0.75279E+00   -0.27816E-02    0.20672E+00    0.61039E+06    0.17418E+03
   342   -0.60170E+00   -0.16768E-02    0.17983E+00    0.60653E+06    0.17281E+03
   343   -0.46670E+00   -0.18059E-02    0.15401E+00    0.60259E+06    0.17146E+03
   344   -0.28259E+00   -0.16110E-02    0.12905E+00    0.59855E+06    0.17012E+03
   345   -0.20702E+00   -0.17629E-02    0.10473E+00    0.59441E+06    0.16880E+03
   346   -0.10050E+00   -0.70383E-03    0.88264E-01    0.59018E+06    0.16749E+03
   347   -0.46405E-01   -0.59009E-03    0.64572E-01    0.58584E+06    0.16619E+03
   348    0.20466E-01   -0.60675E-03    0.40871E-01    0.58139E+06    0.16491E+03
   349    0.16744E-01    0.61127E-04    0.16943E-01    0.57682E+06    0.16364E+03
   350    0.76305E-02    0.00000E+00    0.00000E+00    0.57215E+06    0.16238E+03
   351    0.13390E+00    0.76342E-03   -0.17693E-01    0.56735E+06    0.16114E+03
   352    0.21496E-01    0.16595E-02   -0.36808E-01    0.56245E+06    0.15991E+03
   353   -0.33783E-01    0.19922E-02   -0.43252E-01    0.55745E+06    0.15869E+03
   354   -0.18185E+00    0.25510E-02   -0.60074E-01    0.55238E+06    0.15749E+03
   355   -0.27548E+00    0.33826E-02   -0.73179E-01    0.54723E+06    0.15629E+03
   356   -0.39029E+00    0.45338E-02   -0.75903E-01    0.54204E+06    0.15511E+03
   357   -0.52764E+00    0.53084E-02   -0.83866E-01    0.53680E+06    0.15395E+03
   358   -0.61457E+00    0.50104E-02   -0.82973E-01    0.53154E+06    0.15279E+03
   359   -0.80100E+00    0.51721E-02   -0.88846E-01    0.52626E+06    0.15164E+03
   360   -0.93971E+00    0.58403E-02   -0.91104E-01    0.52098E+06    0.15051E+03
   361   -0.11063E+01    0.63189E-02   -0.94968E-01    0.51571E+06    0.14939E+03
   362   -0.12279E+01    0.66545E-02   -0.98230E-01    0.51047E+06    0.14828E+03
   363   -0.13800E+01    0.76368E-02   -0.99424E-01    0.50527E+06    0.14718E+03
   364   -0.14898E+01    0.70839E-02   -0.10303E+00    0.50012E+06    0.14609E+03
   365   -0.16329E+01    0.72711E-02   -0.10386E+00    0.49504E+06    0.14501E+03
   366   -0.17363E+01    0.75022E-02   -0.10566E+00    0.49003E+06    0.14395E+03
   367   -0.18013E+01    0.63384E-02   -0.10696E+00    0.48512E+06    0.14289E+03
   368   -0.19779E+01    0.60549E-02   -0.10704E+00    0.48031E+06    0.14184E+03
   369   -0.19704E+01    0.59554E-02   -0.10888E+00    0.47563E+06    0.14081E+03
   370   -0.20028E+01    0.53441E-02   -0.10806E+00    0.47107E+06    0.13979E+03
   371   -0.20765E+01    0.42674E-02   -0.10905E+00    0.46666E+06    0.13877E+03
   372   -0.21186E+01    0.35151E-02   -0.10815E+00    0.46241E+06    0.13777E+03
   373   -0.21304E+01    0.23910E-02   -0.10911E+00    0.45833E+06    0.13677E+03
   374   -0.21133E+01    0.16846E-02   -0.10896E+00    0.45443E+06    0.13579E+03
   375   -0.21429E+01    0.69991E-03   -0.10848E+00    0.45073E+06    0.13481E+03
   376   -0.20719E+01    0.22640E-03   -0.10842E+00    0.44725E+06    0.13385E+03
   377   -0.19761E+01   -0.11748E-02   -0.10658E+00    0.44399E+06    0.13289E+03
   378   -0.19309E+01   -0.27143E-02   -0.10670E+00    0.44096E+06    0.13194E+03
   379   -0.18636E+01   -0.36023E-02   -0.10507E+00    0.43819E+06    0.13101E+03
   380   -0.17010E+01   -0.37922E-02   -0.10469E+00    0.43569E+06    0.13008E+03
   381   -0.15933E+01   -0.69515E-02   -0.10335E+00    0.43346E+06    0.12916E+03
   382   -0.15416E+01   -0.78336E-02   -0.10108E+00    0.43152E+06    0.12825E+03
   383   -0.13987E+01   -0.93631E-02   -0.10012E+00    0.42988E+06    0.12734E+03
   384   -0.11661E+01   -0.11493E-01   -0.97518E-01    0.42857E+06    0.12645E+03
   385   -0.10679E+01   -0.11949E-01   -0.95526E-01    0.42758E+06    0.12556E+03
   386   -0.88253E+00   -0.12912E-01   -0.92679E-01    0.42694E+06    0.12469E+03
   387   -0.75998E+00   -0.14335E-01   -0.89739E-01    0.42666E+06    0.12382E+03
   388   -0.62730E+00   -0.15429E-01   -0.85984E-01    0.42675E+06    0.12296E+03
   389   -0.48581E+00   -0.18376E-01   -0.82178E-01    0.42722E+06    0.12210E+03
   390   -0.33687E+00   -0.17929E-01   -0.76854E-01    0.42809E+06    0.12126E+03
   391   -0.18181E+00   -0.18499E-01   -0.72262E-01    0.42937E+06    0.12042E+03
   392   -0.96259E-01   -0.17067E-01   -0.66193E-01    0.43107E+06    0.11959E+03
   393    0.67005E-01   -0.16558E-01   -0.60155E-01    0.43321E+06    0.11876E+03
   394    0.15807E+00   -0.15439E-01   -0.52680E-01    0.43580E+06    0.11795E+03
   395    0.17561E+00   -0.14407E-01   -0.46019E-01    0.43886E+06    0.11714E+03
   396    0.26683E+00   -0.12673E-01   -0.37369E-01    0.44239E+06    0.11633E+03
   397    0.20754E+00   -0.10189E-01   -0.28831E-01    0.44641E+06    0.11554E+03
   398    0.21926E+00   -0.76510E-02   -0.19829E-01    0.45093E+06    0.11475E+03
   399    0.15207E+00   -0.42704E-02   -0.10259E-01    0.45597E+06    0.11397E+03
   400    0.46363E-02    0.00000E+00    0.00000E+00    0.46155E+06    0.11319E+03
   401   -0.14860E+00    0.44423E-02    0.10795E-01    0.46765E+06    0.11242E+03
   402   -0.30142E+00    0.89950E-02    0.22317E-01    0.47428E+06    0.11165E+03
   403   -0.52041E+00    0.15060E-01    0.34445E-01    0.48141E+06    0.11090E+03
   404   -0.79785E+00    0.21069E-01    0.48024E-01    0.48902E+06    0.11014E+03
   405   -0.10517E+01    0.26938E-01    0.61523E-01    0.49709E+06    0.10940E+03
   406   -0.14229E+01    0.34070E-01    0.76456E-01    0.50559E+06    0.10866E+03
   407   -0.17551E+01    0.40895E-01    0.90621E-01    0.51450E+06    0.10792E+03
   408   -0.21150E+01    0.48074E-01    0.10776E+00    0.52381E+06    0.10720E+03
   409   -0.24204E+01    0.56265E-01    0.12493E+00    0.53349E+06    0.10647E+03
   410   -0.28122E+01    0.63157E-01    0.14217E+00    0.54351E+06    0.10576E+03
   411   -0.31342E+01    0.70895E-01    0.16097E+00    0.55386E+06    0.10505E+03
   412   -0.35272E+01    0.78652E-01    0.17990E+00    0.56452E+06    0.10434E+03
   413   -0.39093E+01    0.86346E-01    0.19971E+00    0.57546E+06    0.10364E+03
   414   -0.43469E+01    0.93893E-01    0.21969E+00    0.58667E+06    0.10295E+03
   415   -0.46839E+01    0.10195E+00    0.24136E+00    0.59811E+06    0.10226E+03
   416   -0.50610E+01    0.10896E+00    0.26252E+00    0.60978E+06    0.10158E+03
   417   -0.54706E+01    0.11630E+00    0.28318E+00    0.62164E+06    0.10090E+03
   418   -0.58306E+01    0.12169E+00    0.30562E+00    0.63367E+06    0.10023E+03
   419   -0.61333E+01    0.12799E+00    0.32838E+00    0.64587E+06    0.99566E+02
   420   -0.64454E+01    0.13439E+00    0.35073E+00    0.65819E+06    0.98906E+02
   421   -0.66847E+01    0.14007E+00    0.37345E+00    0.67063E+06    0.98251E+02
   422   -0.69180E+01    0.14492E+00    0.39508E+00    0.68315E+06    0.97601E+02
   423   -0.72117E+01    0.14888E+00    0.41714E+00    0.69575E+06    0.96957E+02
   424   -0.74838E+01    0.15261E+00    0.43816E+00    0.70839E+06    0.96318E+02
   425   -0.76524E+01    0.15526E+00    0.45967E+00    0.72105E+06    0.95684E+02
   426   -0.77840E+01    0.15826E+00    0.48020E+00    0.73372E+06    0.95055E+02
   427   -0.79452E+01    0.16003E+00    0.49830E+00    0.74637E+06    0.94432E+02
   428   -0.80540E+01    0.16123E+00    0.51696E+00    0.75898E+06    0.93813E+02
   429   -0.81769E+01    0.16177E+00    0.53399E+00    0.77152E+06    0.93199E+02
   430   -0.81578E+01    0.16232E+00    0.54867E+00    0.78399E+06    0.92591E+02
   431   -0.81373E+01    0.16130E+00    0.56177E+00    0.79635E+06    0.91987E+02
   432   -0.81822E+01    0.15938E+00    0.57184E+00    0.80858E+06    0.91388E+02
   433   -0.80618E+01    0.15796E+00    0.58112E+00    0.82067E+06    0.90794E+02
   434   -0.79913E+01    0.15472E+00    0.58595E+00    0.83258E+06    0.90205E+02
   435   -0.78886E+01    0.15182E+00    0.58782E+00    0.84431E+06    0.89621E+02
   436   -0.76719E+01    0.14768E+00    0.58602E+00    0.85582E+06    0.89041E+02
   437   -0.74075E+01    0.14222E+00    0.58133E+00    0.86709E+06    0.88466E+02
   438   -0.71622E+01    0.13609E+00    0.57303E+00    0.87811E+06    0.87896E+02
   439   -0.67797E+01    0.12997E+00    0.55891E+00    0.88886E+06    0.87330E+02
   440   -0.64007E+01    0.12227E+00    0.54125E+00    0.89930E+06    0.86769E+02
   441   -0.59433E+01    0.11366E+00    0.51708E+00    0.90942E+06    0.86212E+02
   442   -0.55484E+01    0.10406E+00    0.48794E+00    0.91920E+06    0.85660E+02
   443   -0.49853E+01    0.94122E-01    0.45235E+00    0.92862E+06    0.85112E+02
   444   -0.43950E+01    0.83765E-01    0.41109E+00    0.93765E+06    0.84569E+02
   445   -0.37697E+01    0.70679E-01    0.36271E+00    0.94627E+06    0.84030E+02
   446   -0.31760E+01    0.58492E-01    0.30797E+00    0.95447E+06    0.83495E+02
   447   -0.24576E+01    0.45638E-01    0.24393E+00    0.96221E+06    0.82965E+02
   448   -0.17554E+01    0.30545E-01    0.17136E+00    0.96949E+06    0.82438E+02
   449   -0.91298E+00    0.15360E-01    0.91029E-01    0.97626E+06    0.81916E+02
   450    0.29389E-02    0.00000E+00    0.00000E+00    0.98253E+06    0.81398E+02
   451    0.92478E+00   -0.17093E-01   -0.99948E-01    0.98826E+06    0.80884E+02
   452    0.18550E+01   -0.34455E-01   -0.21041E+00    0.99346E+06    0.80374E+02
   453    0.29434E+01   -0.52095E-01   -0.32828E+00    0.99815E+06    0.79868E+02
   454    0.39685E+01   -0.70766E-01   -0.45412E+00    0.10023E+07    0.79366E+02
   455    0.50060E+01   -0.89735E-01   -0.58705E+00    0.10060E+07    0.78867E+02
   456    0.62058E+01   -0.10975E+00   -0.71948E+00    0.10092E+07    0.78373E+02
   457    0.72721E+01   -0.12935E+00   -0.86463E+00    0.10120E+07    0.77881E+02
   458    0.84291E+01   -0.14927E+00   -0.10030E+01    0.10142E+07    0.77394E+02
   459    0.96038E+01   -0.16878E+00   -0.11494E+01    0.10161E+07    0.76909E+02
   460    0.10798E+02   -0.18938E+00   -0.12969E+01    0.10175E+07    0.76428E+02
   461    0.11938E+02   -0.20960E+00   -0.14453E+01    0.10184E+07    0.75951E+02
   462    0.13099E+02   -0.23018E+00   -0.15879E+01    0.10189E+07    0.75476E+02
   463    0.14210E+02   -0.24965E+00   -0.17422E+01    0.10191E+07    0.75005E+02
   464    0.15271E+02   -0.26877E+00   -0.18778E+01    0.10188E+07    0.74536E+02
   465    0.16283E+02   -0.28753E+00   -0.20233E+01    0.10181E+07    0.74071E+02
   466    0.17323E+02   -0.30670E+00   -0.21557E+01    0.10171E+07    0.73608E+02
   467    0.18391E+02   -0.32480E+00   -0.22888E+01    0.10157E+07    0.73149E+02
   468    0.19340E+02   -0.34183E+00   -0.24144E+01    0.10140E+07    0.72692E+02
   469    0.20246E+02   -0.35930E+00   -0.25390E+01    0.10119E+07    0.72237E+02
   470    0.21185E+02   -0.37498E+00   -0.26542E+01    0.10094E+07    0.71785E+02
   471    0.21861E+02   -0.38889E+00   -0.27592E+01    0.10067E+07    0.71335E+02
   472    0.22646E+02   -0.40251E+00   -0.28606E+01    0.10036E+07    0.70888E+02
   473    0.23319E+02   -0.41513E+00   -0.29498E+01    0.10003E+07    0.70443E+02
   474    0.23956E+02   -0.42599E+00   -0.30336E+01    0.99660E+06    0.70001E+02
   475    0.24558E+02   -0.43661E+00   -0.31036E+01    0.99267E+06    0.69560E+02
   476    0.24977E+02   -0.44475E+00   -0.31610E+01    0.98847E+06    0.69122E+02
   477    0.25290E+02   -0.45192E+00   -0.32148E+01    0.98401E+06    0.68685E+02
   478    0.25572E+02   -0.45812E+00   -0.32453E+01    0.97931E+06    0.68250E+02
   479    0.25751E+02   -0.46188E+00   -0.32762E+01    0.97437E+06    0.67817E+02
   480    0.25826E+02   -0.46395E+00   -0.32874E+01    0.96920E+06    0.67386E+02
   481    0.25801E+02   -0.46435E+00   -0.32816E+01    0.96382E+06    0.66957E+02
   482    0.25750E+02   -0.46233E+00   -0.32638E+01    0.95823E+06    0.66529E+02
   483    0.25451E+02   -0.45865E+00   -0.32355E+01    0.95245E+06    0.66102E+02
   484    0.24982E+02   -0.45258E+00   -0.31897E+01    0.94649E+06    0.65677E+02
   485    0.24565E+02   -0.44487E+00   -0.31271E+01    0.94036E+06    0.65253E+02
   486    0.23979E+02   -0.43404E+00   -0.30489E+01    0.93407E+06    0.64831E+02
   487    0.23226E+02   -0.42085E+00   -0.29543E+01    0.92762E+06    0.64409E+02
   488    0.22307E+02   -0.40604E+00   -0.28417E+01    0.92104E+06    0.63989E+02
   489    0.21297E+02   -0.38815E+00   -0.27116E+01    0.91432E+06    0.63569E+02
   490    0.20198E+02   -0.36718E+00   -0.25625E+01    0.90749E+06    0.63151E+02
   491    0.18789E+02   -0.34389E+00   -0.23962E+01    0.90055E+06    0.62733E+02
   492    0.17368E+02   -0.31754E+00   -0.22113E+01    0.89352E+06    0.62316E+02
   493    0.15787E+02   -0.28962E+00   -0.20054E+01    0.88640E+06    0.61900E+02
   494    0.14048E+02   -0.25718E+00   -0.17812E+01    0.87920E+06    0.61484E+02
   495    0.12078E+02   -0.22245E+00   -0.15364E+01    0.87194E+06    0.61069E+02
   496    0.99535E+01   -0.18396E+00   -0.12716E+01    0.86463E+06    0.60654E+02
   497    0.76746E+01   -0.14246E+00   -0.98510E+00    0.85727E+06    0.60239E+02
   498    0.52431E+01   -0.98705E-01   -0.67901E+00    0.84988E+06    0.59825E+02
   499    0.27346E+01   -0.50472E-01   -0.34946E+00    0.84247E+06    0.59411E+02
   500    0.19065E-02    0.00000E+00    0.00000E+00    0.83505E+06    0.58997E+02
