#    L    TT             EE             TE             PP             TP          
     2    0.36710E+03    0.88611E-10   -0.14554E-04    0.10361E+07    0.36512E+05
     3    0.25483E+03    0.26970E-10    0.83414E-05    0.15770E+07    0.40441E+05
     4    0.19024E+03    0.71522E-11    0.68516E-05    0.20473E+07    0.41600E+05
     5    0.14879E+03    0.23713E-11    0.34375E-05    0.24548E+07    0.41470E+05
     6    0.12016E+03    0.96783E-12    0.31693E-05    0.28076E+07    0.40686E+05
     7    0.99341E+02    0.63757E-12    0.43517E-05    0.31139E+07    0.39567E+05
     8    0.83631E+02    0.65880E-12    0.46606E-05    0.33803E+07    0.38284E+05
     9    0.71434E+02    0.53610E-12    0.36168E-05    0.36131E+07    0.36934E+05
    10    0.61735E+02    0.27579E-12    0.21432E-05    0.38163E+07    0.35567E+05
    11    0.53889E+02    0.10325E-12    0.11564E-05    0.39948E+07    0.34223E+05
    12    0.47576E+02    0.10382E-03   -0.23707E-03    0.41507E+07    0.32908E+05
    13    0.42036E+02    0.11484E-12    0.10337E-05    0.42866E+07    0.31634E+05
    14    0.37448E+02   -0.27194E-04    0.79730E-04    0.44055E+07    0.30410E+05
    15    0.33618E+02    0.13148E-12    0.12309E-05    0.45091E+07    0.29238E+05
    16    0.30261E+02   -0.22586E-04    0.32417E-03    0.45991E+07    0.28117E+05
    17    0.27412E+02    0.66920E-13    0.74442E-06    0.46769E+07    0.27047E+05
    18    0.24469E+02    0.11488E-04   -0.52560E-03    0.47440E+07    0.26028E+05
    19    0.22703E+02    0.30400E-13    0.31033E-06    0.48011E+07    0.25056E+05
    20    0.20800E+02    0.10034E-04   -0.10636E-04    0.48489E+07    0.24128E+05
    21    0.19040E+02    0.25768E-13    0.34372E-06    0.48886E+07    0.23242E+05
    22    0.17553E+02   -0.67106E-05   -0.42649E-04    0.49211E+07    0.22398E+05
    23    0.16141E+02    0.69899E-13    0.58744E-06    0.49471E+07    0.21594E+05
    24    0.14890E+02   -0.45945E-05    0.19332E-03    0.49669E+07    0.20826E+05
    25    0.13808E+02    0.11145E-12    0.69498E-06    0.49813E+07    0.20093E+05
    26    0.12755E+02    0.45677E-05    0.17385E-03    0.49906E+07    0.19393E+05
    27    0.11905E+02    0.92525E-13    0.57626E-06    0.49956E+07    0.18726E+05
    28    0.11057E+02    0.62322E-06   -0.24427E-03    0.49964E+07    0.18088E+05
    29    0.10337E+02    0.49130E-13    0.34652E-06    0.49934E+07    0.17477E+05
    30    0.97237E+01   -0.21393E-05    0.16720E-04    0.49865E+07    0.16892E+05
    31    0.90278E+01    0.27331E-13    0.14719E-06    0.49763E+07    0.16332E+05
    32    0.84227E+01    0.18985E-05    0.16032E-03    0.49634E+07    0.15795E+05
    33    0.79280E+01    0.22156E-13    0.52393E-07    0.49479E+07    0.15282E+05
    34    0.74259E+01    0.58091E-06   -0.27666E-03    0.49299E+07    0.14790E+05
    35    0.69966E+01    0.17926E-13    0.61456E-07    0.49098E+07    0.14319E+05
    36    0.66394E+01   -0.13653E-06    0.46383E-03    0.48877E+07    0.13867E+05
    37    0.62022E+01    0.16308E-13    0.12835E-06    0.48638E+07    0.13433E+05
    38    0.58237E+01    0.41830E-05   -0.55391E-03    0.48383E+07    0.13016E+05
    39    0.55449E+01    0.55145E-05   -0.64610E-03    0.48112E+07    0.12617E+05
    40    0.52156E+01    0.28022E-13    0.22767E-06    0.47828E+07    0.12233E+05
    41    0.50392E+01   -0.10177E-04    0.12921E-02    0.47530E+07    0.11863E+05
    42    0.47779E+01   -0.18179E-04    0.24752E-02    0.47221E+07    0.11508E+05
    43    0.45476E+01   -0.16190E-04    0.26483E-02    0.46902E+07    0.11166E+05
    44    0.41673E+01   -0.11250E-04    0.18018E-02    0.46573E+07    0.10838E+05
    45    0.39759E+01    0.33683E-13    0.22454E-06    0.46236E+07    0.10521E+05
    46    0.38743E+01    0.21386E-04   -0.44408E-02    0.45892E+07    0.10217E+05
    47    0.37205E+01    0.45231E-04   -0.10322E-01    0.45541E+07    0.99232E+04
    48    0.34544E+01    0.68040E-04   -0.13066E-01    0.45185E+07    0.96406E+04
    49    0.31645E+01    0.64032E-04   -0.86922E-02    0.44824E+07    0.93683E+04
    50    0.30879E+01    0.10313E-13    0.10074E-06    0.44459E+07    0.91059E+04
    51    0.30111E+01   -0.15865E-03    0.87114E-02    0.44090E+07    0.88529E+04
    52    0.31461E+01   -0.32573E-03    0.12776E-01    0.43719E+07    0.86089E+04
    53    0.31059E+01   -0.34961E-03    0.92855E-02    0.43346E+07    0.83736E+04
    54    0.28005E+01   -0.23463E-03    0.33016E-02    0.42970E+07    0.81465E+04
    55    0.24369E+01    0.42426E-14    0.25873E-07    0.42593E+07    0.79273E+04
    56    0.22271E+01    0.21343E-03   -0.17291E-02    0.42215E+07    0.77157E+04
    57    0.21051E+01    0.29820E-03   -0.18358E-02    0.41836E+07    0.75113E+04
    58    0.20838E+01    0.26287E-03   -0.12124E-02    0.41457E+07    0.73139E+04
    59    0.20278E+01    0.14575E-03   -0.77348E-03    0.41078E+07    0.71231E+04
    60    0.19500E+01    0.27424E-14    0.23757E-07    0.40698E+07    0.69386E+04
    61    0.21567E+01   -0.80085E-04    0.18113E-02    0.40319E+07    0.67603E+04
    62    0.20474E+01   -0.10301E-03    0.37228E-02    0.39941E+07    0.65877E+04
    63    0.18349E+01   -0.10297E-03    0.47585E-02    0.39563E+07    0.64208E+04
    64    0.18061E+01   -0.62183E-04    0.37191E-02    0.39187E+07    0.62594E+04
    65    0.15794E+01    0.59068E-14    0.45738E-07    0.38813E+07    0.61032E+04
    66    0.14414E+01    0.21984E-04   -0.46037E-02    0.38440E+07    0.59521E+04
    67    0.12307E+01    0.10896E-04   -0.77600E-02    0.38069E+07    0.58058E+04
    68    0.12313E+01    0.13330E-04   -0.83024E-02    0.37701E+07    0.56641E+04
    69    0.12071E+01   -0.58331E-05   -0.49903E-02    0.37335E+07    0.55270E+04
    70    0.12934E+01    0.89071E-14    0.50825E-07    0.36972E+07    0.53942E+04
    71    0.13345E+01    0.25785E-04    0.38996E-02    0.36611E+07    0.52656E+04
    72    0.13470E+01    0.53062E-04    0.55055E-02    0.36253E+07    0.51409E+04
    73    0.12796E+01    0.56304E-04    0.45079E-02    0.35897E+07    0.50201E+04
    74    0.11548E+01    0.32269E-04    0.20827E-02    0.35544E+07    0.49030E+04
    75    0.10699E+01    0.50161E-14    0.38541E-07    0.35194E+07    0.47894E+04
    76    0.96585E+00   -0.30693E-04   -0.95234E-03    0.34847E+07    0.46792E+04
    77    0.90282E+00   -0.57223E-04   -0.10189E-02    0.34503E+07    0.45723E+04
    78    0.93355E+00   -0.41664E-04   -0.21692E-02    0.34161E+07    0.44685E+04
    79    0.88792E+00   -0.27803E-04   -0.11730E-02    0.33823E+07    0.43679E+04
    80    0.89296E+00    0.21565E-14    0.24231E-07    0.33488E+07    0.42702E+04
    81    0.85741E+00    0.27379E-05    0.31531E-03    0.33156E+07    0.41753E+04
    82    0.85680E+00    0.12525E-04    0.24967E-03    0.32828E+07    0.40833E+04
    83    0.82270E+00    0.14258E-04   -0.27075E-03    0.32503E+07    0.39939E+04
    84    0.83519E+00    0.15117E-04    0.16587E-03    0.32182E+07    0.39072E+04
    85    0.75155E+00    0.16877E-14    0.16002E-07    0.31865E+07    0.38230E+04
    86    0.65114E+00   -0.80104E-05   -0.13641E-03    0.31551E+07    0.37412E+04
    87    0.75897E+00   -0.26216E-04    0.24021E-03    0.31242E+07    0.36618E+04
    88    0.63076E+00   -0.26302E-04    0.83362E-03    0.30936E+07    0.35846E+04
    89    0.63932E+00   -0.96688E-05   -0.13813E-03    0.30634E+07    0.35096E+04
    90    0.63751E+00    0.11251E-14    0.12642E-07    0.30336E+07    0.34367E+04
    91    0.55284E+00    0.88892E-05    0.16983E-03    0.30041E+07    0.33658E+04
    92    0.53711E+00    0.16379E-04    0.62229E-03    0.29751E+07    0.32968E+04
    93    0.59396E+00    0.29435E-04    0.82642E-03    0.29464E+07    0.32297E+04
    94    0.50415E+00    0.25308E-04    0.17369E-02    0.29181E+07    0.31645E+04
    95    0.49417E+00    0.18391E-04    0.20800E-02    0.28901E+07    0.31010E+04
    96    0.27049E+00    0.82198E-05    0.20674E-02    0.28626E+07    0.30393E+04
    97    0.28246E+00   -0.56680E-05    0.19112E-02    0.28354E+07    0.29792E+04
    98    0.31083E+00   -0.16308E-04    0.33087E-02    0.28085E+07    0.29208E+04
    99    0.21067E+00   -0.46450E-04    0.27578E-02    0.27820E+07    0.28640E+04
   100    0.20844E+00   -0.81699E-04    0.41844E-02    0.27559E+07    0.28088E+04
   101    0.15922E+00   -0.48236E-04    0.40862E-02    0.27301E+07    0.27550E+04
   102    0.43803E+00   -0.80235E-04    0.41607E-02    0.27046E+07    0.27027E+04
   103    0.45424E+00   -0.89020E-04    0.31342E-02    0.26795E+07    0.26518E+04
   104    0.50860E+00   -0.60196E-04    0.34469E-02    0.26548E+07    0.26023E+04
   105    0.53045E+00   -0.53656E-04    0.30823E-02    0.26304E+07    0.25540E+04
   106    0.59769E+00    0.19279E-04    0.22523E-02    0.26063E+07    0.25070E+04
   107    0.41683E+00    0.24434E-04    0.19114E-02    0.25825E+07    0.24612E+04
   108    0.43718E+00    0.50485E-04    0.78595E-03    0.25591E+07    0.24166E+04
   109    0.43951E+00    0.37543E-04   -0.16942E-03    0.25360E+07    0.23731E+04
   110    0.35318E+00    0.37504E-15    0.50127E-08    0.25132E+07    0.23306E+04
   111    0.25677E+00    0.25783E-04   -0.72092E-03    0.24907E+07    0.22892E+04
   112    0.15739E+00    0.51254E-04   -0.21128E-02    0.24685E+07    0.22487E+04
   113    0.13713E+00    0.86308E-04   -0.32119E-02    0.24467E+07    0.22092E+04
   114    0.55205E-01    0.66557E-04   -0.37972E-02    0.24251E+07    0.21707E+04
   115    0.67991E-01    0.15046E-03   -0.43908E-02    0.24039E+07    0.21331E+04
   116   -0.39567E-01    0.12507E-03   -0.47717E-02    0.23829E+07    0.20964E+04
   117    0.37462E-01    0.74553E-04   -0.47190E-02    0.23623E+07    0.20605E+04
   118    0.15831E+00    0.15738E-03   -0.54974E-02    0.23419E+07    0.20256E+04
   119    0.18220E+00    0.23488E-03   -0.54004E-02    0.23219E+07    0.19914E+04
   120    0.26551E+00    0.16838E-03   -0.49499E-02    0.23021E+07    0.19581E+04
   121    0.26747E+00    0.26490E-03   -0.46678E-02    0.22826E+07    0.19255E+04
   122    0.27014E+00    0.23721E-03   -0.43333E-02    0.22633E+07    0.18938E+04
   123    0.28134E+00    0.16949E-03   -0.44681E-02    0.22443E+07    0.18628E+04
   124    0.30887E+00    0.14592E-03   -0.26230E-02    0.22256E+07    0.18325E+04
   125    0.28622E+00    0.10210E-03   -0.15484E-02    0.22072E+07    0.18029E+04
   126    0.29550E+00    0.12222E-03   -0.10233E-02    0.21890E+07    0.17740E+04
   127    0.27020E+00    0.67608E-04   -0.82677E-03    0.21711E+07    0.17457E+04
   128    0.21813E+00    0.96719E-04   -0.73800E-03    0.21535E+07    0.17181E+04
   129    0.22137E+00    0.70884E-04   -0.53605E-03    0.21360E+07    0.16911E+04
   130    0.21344E+00    0.22502E-14    0.79593E-08    0.21189E+07    0.16647E+04
   131    0.20246E+00    0.40701E-04   -0.11275E-02    0.21019E+07    0.16388E+04
   132    0.27219E+00    0.45184E-04   -0.14194E-02    0.20852E+07    0.16136E+04
   133    0.28387E+00    0.86669E-04   -0.35664E-02    0.20688E+07    0.15888E+04
   134    0.32160E+00    0.16409E-03   -0.35737E-02    0.20526E+07    0.15646E+04
   135    0.39517E+00    0.20211E-03   -0.48750E-02    0.20366E+07    0.15410E+04
   136    0.36582E+00    0.19965E-03   -0.42183E-02    0.20208E+07    0.15178E+04
   137    0.39194E+00    0.22994E-03   -0.42943E-02    0.20052E+07    0.14951E+04
   138    0.40904E+00    0.21763E-03   -0.40796E-02    0.19898E+07    0.14729E+04
   139    0.27836E+00    0.31022E-03   -0.32936E-02    0.19747E+07    0.14512E+04
   140    0.30685E+00    0.28381E-03   -0.31413E-02    0.19598E+07    0.14300E+04
   141    0.20717E+00    0.21161E-03   -0.18566E-02    0.19450E+07    0.14091E+04
   142    0.21198E+00    0.16683E-03   -0.64437E-03    0.19305E+07    0.13888E+04
   143    0.25681E+00    0.14843E-03    0.33036E-04    0.19161E+07    0.13688E+04
   144    0.20289E+00    0.81045E-04    0.45625E-03    0.19020E+07    0.13493E+04
   145    0.13431E+00    0.11218E-03    0.90586E-03    0.18880E+07    0.13301E+04
   146    0.28374E+00    0.17933E-04    0.91965E-03    0.18742E+07    0.13113E+04
   147    0.21527E+00    0.20080E-04    0.15210E-02    0.18606E+07    0.12930E+04
   148    0.16157E+00   -0.31007E-04    0.76213E-03    0.18471E+07    0.12749E+04
   149    0.20672E+00   -0.62107E-04   -0.33364E-03    0.18338E+07    0.12572E+04
   150    0.13768E+00    0.18752E-15    0.12067E-08    0.18207E+07    0.12399E+04
   151    0.11250E+00    0.77267E-04   -0.16144E-02    0.18077E+07    0.12229E+04
   152   -0.91623E-02    0.80850E-04   -0.38724E-02    0.17949E+07    0.12061E+04
   153   -0.70855E-01    0.14206E-03   -0.46709E-02    0.17823E+07    0.11897E+04
   154   -0.13896E+00    0.24362E-03   -0.63636E-02    0.17698E+07    0.11736E+04
   155   -0.20560E+00    0.36829E-03   -0.83328E-02    0.17574E+07    0.11578E+04
   156   -0.41142E+00    0.49880E-03   -0.10704E-01    0.17452E+07    0.11423E+04
   157   -0.45141E+00    0.61790E-03   -0.12116E-01    0.17332E+07    0.11271E+04
   158   -0.54052E+00    0.78259E-03   -0.13437E-01    0.17213E+07    0.11122E+04
   159   -0.67085E+00    0.82706E-03   -0.14794E-01    0.17095E+07    0.10975E+04
   160   -0.76023E+00    0.88262E-03   -0.14824E-01    0.16978E+07    0.10831E+04
   161   -0.80077E+00    0.10063E-02   -0.15139E-01    0.16863E+07    0.10690E+04
   162   -0.85884E+00    0.10322E-02   -0.15864E-01    0.16750E+07    0.10551E+04
   163   -0.77799E+00    0.10175E-02   -0.15639E-01    0.16637E+07    0.10415E+04
   164   -0.84747E+00    0.10190E-02   -0.16075E-01    0.16526E+07    0.10281E+04
   165   -0.76223E+00    0.94538E-03   -0.15068E-01    0.16416E+07    0.10150E+04
   166   -0.66295E+00    0.92781E-03   -0.14230E-01    0.16307E+07    0.10021E+04
   167   -0.46745E+00    0.72622E-03   -0.14427E-01    0.16200E+07    0.98940E+03
   168   -0.39070E+00    0.69477E-03   -0.13558E-01    0.16093E+07    0.97695E+03
   169   -0.27622E+00    0.51905E-03   -0.11747E-01    0.15988E+07    0.96472E+03
   170   -0.11612E+00    0.40467E-03   -0.10605E-01    0.15884E+07    0.95269E+03
   171   -0.51079E-01    0.33435E-03   -0.80286E-02    0.15781E+07    0.94087E+03
   172    0.10881E-02    0.21656E-03   -0.56291E-02    0.15679E+07    0.92925E+03
   173   -0.26009E-01    0.34034E-04   -0.35315E-02    0.15578E+07    0.91783E+03
   174    0.24091E-01    0.66645E-04   -0.18610E-02    0.15478E+07    0.90659E+03
   175    0.85000E-01    0.00000E+00   -0.47531E-10    0.15379E+07    0.89553E+03
   176    0.16169E-01    0.36738E-04    0.19737E-02    0.15281E+07    0.88464E+03
   177   -0.25324E-01    0.70562E-04    0.26861E-02    0.15184E+07    0.87393E+03
   178   -0.10513E+00    0.28936E-03    0.37823E-02    0.15088E+07    0.86339E+03
   179   -0.21461E+00    0.36102E-03    0.54213E-02    0.14992E+07    0.85302E+03
   180   -0.19656E+00    0.47345E-03    0.62767E-02    0.14898E+07    0.84281E+03
   181   -0.26520E+00    0.59167E-03    0.65077E-02    0.14805E+07    0.83275E+03
   182   -0.33761E+00    0.75500E-03    0.77592E-02    0.14712E+07    0.82286E+03
   183   -0.47944E+00    0.85420E-03    0.87047E-02    0.14620E+07    0.81312E+03
   184   -0.53349E+00    0.92858E-03    0.10246E-01    0.14529E+07    0.80353E+03
   185   -0.56540E+00    0.10917E-02    0.10315E-01    0.14439E+07    0.79409E+03
   186   -0.93797E+00    0.11676E-02    0.12040E-01    0.14350E+07    0.78480E+03
   187   -0.97399E+00    0.12623E-02    0.14096E-01    0.14261E+07    0.77564E+03
   188   -0.10363E+01    0.13260E-02    0.15157E-01    0.14174E+07    0.76663E+03
   189   -0.11904E+01    0.13610E-02    0.16867E-01    0.14087E+07    0.75775E+03
   190   -0.98216E+00    0.13842E-02    0.17157E-01    0.14001E+07    0.74901E+03
   191   -0.11456E+01    0.13829E-02    0.19157E-01    0.13915E+07    0.74039E+03
   192   -0.11523E+01    0.13446E-02    0.20798E-01    0.13830E+07    0.73190E+03
   193   -0.12162E+01    0.12787E-02    0.20754E-01    0.13746E+07    0.72354E+03
   194   -0.11061E+01    0.11801E-02    0.21412E-01    0.13663E+07    0.71530E+03
   195   -0.10360E+01    0.10509E-02    0.20704E-01    0.13580E+07    0.70717E+03
   196   -0.99739E+00    0.89326E-03    0.19530E-01    0.13498E+07    0.69916E+03
   197   -0.83301E+00    0.71685E-03    0.16565E-01    0.13417E+07    0.69126E+03
   198   -0.60854E+00    0.50895E-03    0.12711E-01    0.13336E+07    0.68348E+03
   199   -0.31532E+00    0.27175E-03    0.73839E-02    0.13256E+07    0.67579E+03
   200    0.55262E-01    0.00000E+00   -0.21812E-11    0.13176E+07    0.66821E+03
   201    0.43599E+00   -0.28135E-03   -0.84539E-02    0.13097E+07    0.66073E+03
   202    0.90188E+00   -0.59737E-03   -0.18882E-01    0.13019E+07    0.65335E+03
   203    0.13778E+01   -0.92061E-03   -0.29875E-01    0.12941E+07    0.64607E+03
   204    0.17886E+01   -0.12608E-02   -0.43737E-01    0.12864E+07    0.63888E+03
   205    0.22820E+01   -0.16054E-02   -0.57575E-01    0.12787E+07    0.63179E+03
   206    0.27085E+01   -0.19491E-02   -0.71984E-01    0.12711E+07    0.62479E+03
   207    0.32160E+01   -0.23019E-02   -0.86745E-01    0.12635E+07    0.61789E+03
   208    0.35806E+01   -0.26435E-02   -0.10171E+00    0.12560E+07    0.61108E+03
   209    0.39502E+01   -0.29838E-02   -0.11658E+00    0.12485E+07    0.60436E+03
   210    0.43238E+01   -0.33028E-02   -0.13159E+00    0.12411E+07    0.59772E+03
   211    0.47006E+01   -0.36027E-02   -0.14613E+00    0.12338E+07    0.59118E+03
   212    0.49311E+01   -0.38858E-02   -0.16047E+00    0.12265E+07    0.58473E+03
   213    0.52375E+01   -0.41395E-02   -0.17389E+00    0.12192E+07    0.57836E+03
   214    0.54702E+01   -0.44033E-02   -0.18694E+00    0.12120E+07    0.57208E+03
   215    0.57027E+01   -0.45160E-02   -0.19969E+00    0.12048E+07    0.56588E+03
   216    0.58599E+01   -0.46954E-02   -0.21095E+00    0.11977E+07    0.55976E+03
   217    0.60894E+01   -0.48174E-02   -0.22206E+00    0.11906E+07    0.55373E+03
   218    0.62419E+01   -0.49140E-02   -0.23214E+00    0.11836E+07    0.54778E+03
   219    0.63907E+01   -0.50172E-02   -0.23956E+00    0.11766E+07    0.54190E+03
   220    0.65351E+01   -0.50105E-02   -0.24809E+00    0.11697E+07    0.53611E+03
   221    0.66741E+01   -0.50002E-02   -0.25486E+00    0.11628E+07    0.53039E+03
   222    0.68070E+01   -0.48696E-02   -0.26067E+00    0.11560E+07    0.52476E+03
   223    0.67843E+01   -0.47250E-02   -0.26412E+00    0.11492E+07    0.51919E+03
   224    0.69022E+01   -0.45985E-02   -0.26826E+00    0.11424E+07    0.51370E+03
   225    0.69371E+01   -0.43735E-02   -0.26945E+00    0.11357E+07    0.50828E+03
   226    0.69625E+01   -0.40820E-02   -0.27073E+00    0.11290E+07    0.50294E+03
   227    0.69031E+01   -0.37559E-02   -0.26996E+00    0.11224E+07    0.49766E+03
   228    0.69067E+01   -0.34273E-02   -0.26795E+00    0.11158E+07    0.49246E+03
   229    0.68982E+01   -0.30538E-02   -0.26553E+00    0.11092E+07    0.48732E+03
   230    0.68023E+01   -0.26675E-02   -0.26128E+00    0.11027E+07    0.48226E+03
   231    0.66184E+01   -0.22262E-02   -0.25528E+00    0.10962E+07    0.47725E+03
   232    0.64940E+01   -0.18360E-02   -0.24836E+00    0.10898E+07    0.47232E+03
   233    0.63540E+01   -0.13061E-02   -0.24132E+00    0.10834E+07    0.46745E+03
   234    0.60491E+01   -0.81706E-03   -0.23276E+00    0.10770E+07    0.46264E+03
   235    0.58012E+01   -0.32665E-03   -0.22351E+00    0.10707E+07    0.45789E+03
   236    0.54609E+01    0.13318E-03   -0.21288E+00    0.10644E+07    0.45320E+03
   237    0.51017E+01    0.60470E-03   -0.20172E+00    0.10581E+07    0.44858E+03
   238    0.47226E+01    0.11302E-02   -0.18933E+00    0.10518E+07    0.44401E+03
   239    0.43971E+01    0.15291E-02   -0.17582E+00    0.10456E+07    0.43950E+03
   240    0.39016E+01    0.18438E-02   -0.16272E+00    0.10395E+07    0.43504E+03
   241    0.35322E+01    0.21907E-02   -0.14865E+00    0.10333E+07    0.43065E+03
   242    0.31396E+01    0.23893E-02   -0.13367E+00    0.10272E+07    0.42630E+03
   243    0.27229E+01    0.25562E-02   -0.11859E+00    0.10211E+07    0.42201E+03
   244    0.22813E+01    0.25851E-02   -0.10203E+00    0.10150E+07    0.41777E+03
   245    0.18139E+01    0.25182E-02   -0.86270E-01    0.10090E+07    0.41358E+03
   246    0.13941E+01    0.23237E-02   -0.69168E-01    0.10030E+07    0.40944E+03
   247    0.10211E+01    0.18952E-02   -0.52285E-01    0.99700E+06    0.40535E+03
   248    0.61981E+00    0.15721E-02   -0.34955E-01    0.99104E+06    0.40131E+03
   249    0.33785E+00    0.80248E-03   -0.17253E-01    0.98510E+06    0.39731E+03
   250    0.25853E-01    0.00000E+00    0.72007E-13    0.97919E+06    0.39336E+03
   251   -0.16999E+00   -0.11553E-02    0.18203E-01    0.97331E+06    0.38946E+03
   252   -0.48093E+00   -0.24267E-02    0.36481E-01    0.96745E+06    0.38559E+03
   253   -0.54543E+00   -0.40141E-02    0.53948E-01    0.96161E+06    0.38177E+03
   254   -0.67054E+00   -0.55973E-02    0.71205E-01    0.95580E+06    0.37800E+03
   255   -0.79188E+00   -0.74504E-02    0.88851E-01    0.95002E+06    0.37426E+03
   256   -0.84506E+00   -0.91791E-02    0.10749E+00    0.94426E+06    0.37057E+03
   257   -0.83998E+00   -0.11206E-01    0.11954E+00    0.93853E+06    0.36692E+03
   258   -0.86083E+00   -0.13137E-01    0.13824E+00    0.93284E+06    0.36331E+03
   259   -0.84322E+00   -0.15097E-01    0.14933E+00    0.92717E+06    0.35975E+03
   260   -0.72277E+00   -0.17063E-01    0.16826E+00    0.92154E+06    0.35622E+03
   261   -0.65796E+00   -0.19087E-01    0.17336E+00    0.91594E+06    0.35273E+03
   262   -0.65868E+00   -0.20923E-01    0.18751E+00    0.91037E+06    0.34929E+03
   263   -0.36341E+00   -0.22770E-01    0.20387E+00    0.90484E+06    0.34588E+03
   264   -0.22776E+00   -0.24532E-01    0.21562E+00    0.89934E+06    0.34251E+03
   265   -0.18734E+00   -0.26259E-01    0.21593E+00    0.89388E+06    0.33918E+03
   266   -0.29216E-01   -0.27706E-01    0.22769E+00    0.88846E+06    0.33589E+03
   267    0.13876E-01   -0.29221E-01    0.22921E+00    0.88308E+06    0.33264E+03
   268    0.80596E-01   -0.30410E-01    0.23595E+00    0.87774E+06    0.32943E+03
   269    0.12476E-01   -0.31547E-01    0.24107E+00    0.87243E+06    0.32625E+03
   270    0.96750E-01   -0.32534E-01    0.24519E+00    0.86717E+06    0.32311E+03
   271    0.10067E+00   -0.33424E-01    0.24889E+00    0.86195E+06    0.32001E+03
   272    0.23717E+00   -0.33894E-01    0.24536E+00    0.85678E+06    0.31694E+03
   273    0.27352E+00   -0.34518E-01    0.25005E+00    0.85165E+06    0.31391E+03
   274    0.34837E+00   -0.34678E-01    0.24127E+00    0.84656E+06    0.31091E+03
   275    0.37754E+00   -0.34870E-01    0.24190E+00    0.84152E+06    0.30795E+03
   276    0.49970E+00   -0.34849E-01    0.23027E+00    0.83653E+06    0.30503E+03
   277    0.48210E+00   -0.34591E-01    0.22926E+00    0.83159E+06    0.30213E+03
   278    0.53767E+00   -0.34149E-01    0.21717E+00    0.82670E+06    0.29928E+03
   279    0.58225E+00   -0.33573E-01    0.20206E+00    0.82185E+06    0.29645E+03
   280    0.60593E+00   -0.32841E-01    0.19935E+00    0.81706E+06    0.29366E+03
   281    0.74737E+00   -0.31854E-01    0.18738E+00    0.81232E+06    0.29090E+03
   282    0.69954E+00   -0.30888E-01    0.17418E+00    0.80764E+06    0.28818E+03
   283    0.74968E+00   -0.29696E-01    0.16033E+00    0.80301E+06    0.28548E+03
   284    0.81359E+00   -0.28329E-01    0.14644E+00    0.79843E+06    0.28282E+03
   285    0.88138E+00   -0.26765E-01    0.13312E+00    0.79391E+06    0.28019E+03
   286    0.86886E+00   -0.25130E-01    0.11352E+00    0.78944E+06    0.27759E+03
   287    0.84041E+00   -0.23399E-01    0.10312E+00    0.78504E+06    0.27502E+03
   288    0.86042E+00   -0.21551E-01    0.87651E-01    0.78069E+06    0.27248E+03
   289    0.84471E+00   -0.19636E-01    0.75142E-01    0.77641E+06    0.26997E+03
   290    0.85764E+00   -0.17779E-01    0.66194E-01    0.77218E+06    0.26749E+03
   291    0.88934E+00   -0.15217E-01    0.46550E-01    0.76802E+06    0.26504E+03
   292    0.63275E+00   -0.13038E-01    0.39095E-01    0.76392E+06    0.26262E+03
   293    0.67224E+00   -0.11592E-01    0.22144E-01    0.75988E+06    0.26022E+03
   294    0.55222E+00   -0.93704E-02    0.18583E-01    0.75591E+06    0.25786E+03
   295    0.63420E+00   -0.78354E-02    0.67261E-02    0.75200E+06    0.25552E+03
   296    0.53686E+00   -0.54786E-02    0.20301E-02    0.74816E+06    0.25321E+03
   297    0.47315E+00   -0.45053E-02    0.50950E-02    0.74439E+06    0.25092E+03
   298    0.28460E+00   -0.26641E-02    0.16641E-02    0.74069E+06    0.24866E+03
   299    0.18416E+00   -0.67475E-03   -0.23422E-03    0.73705E+06    0.24643E+03
   300    0.13372E-01    0.00000E+00    0.00000E+00    0.73349E+06    0.24422E+03
   301   -0.16326E+00    0.87705E-03    0.10259E-01    0.73000E+06    0.24204E+03
   302   -0.28066E+00    0.12775E-02    0.30463E-01    0.72657E+06    0.23988E+03
   303   -0.42221E+00    0.20163E-02    0.45537E-01    0.72321E+06    0.23775E+03
   304   -0.59698E+00    0.31656E-02    0.55267E-01    0.71991E+06    0.23565E+03
   305   -0.73979E+00    0.33118E-02    0.74293E-01    0.71667E+06    0.23356E+03
   306   -0.93398E+00    0.32699E-02    0.94968E-01    0.71348E+06    0.23150E+03
   307   -0.11144E+01    0.31120E-02    0.10965E+00    0.71033E+06    0.22947E+03
   308   -0.12900E+01    0.43959E-02    0.14041E+00    0.70724E+06    0.22745E+03
   309   -0.13958E+01    0.42224E-02    0.15731E+00    0.70418E+06    0.22547E+03
   310   -0.15893E+01    0.34063E-02    0.18242E+00    0.70116E+06    0.22350E+03
   311   -0.17310E+01    0.42485E-02    0.20067E+00    0.69817E+06    0.22156E+03
   312   -0.18301E+01    0.38496E-02    0.22671E+00    0.69521E+06    0.21964E+03
   313   -0.19698E+01    0.37674E-02    0.24545E+00    0.69228E+06    0.21774E+03
   314   -0.20851E+01    0.40740E-02    0.27154E+00    0.68937E+06    0.21586E+03
   315   -0.21849E+01    0.33559E-02    0.28990E+00    0.68648E+06    0.21401E+03
   316   -0.22784E+01    0.31709E-02    0.30775E+00    0.68360E+06    0.21217E+03
   317   -0.23747E+01    0.21055E-02    0.32487E+00    0.68074E+06    0.21036E+03
   318   -0.24828E+01    0.24602E-02    0.34105E+00    0.67788E+06    0.20857E+03
   319   -0.25375E+01    0.20787E-02    0.35606E+00    0.67502E+06    0.20680E+03
   320   -0.25480E+01    0.17759E-02    0.37712E+00    0.67216E+06    0.20505E+03
   321   -0.25975E+01    0.23668E-02    0.38916E+00    0.66930E+06    0.20332E+03
   322   -0.26209E+01    0.16949E-02    0.39938E+00    0.66642E+06    0.20161E+03
   323   -0.26274E+01    0.13182E-02    0.40758E+00    0.66354E+06    0.19992E+03
   324   -0.26258E+01    0.20516E-02    0.40610E+00    0.66064E+06    0.19825E+03
   325   -0.25511E+01    0.25286E-03    0.41702E+00    0.65771E+06    0.19660E+03
   326   -0.25610E+01    0.45130E-03    0.41041E+00    0.65477E+06    0.19497E+03
   327   -0.25158E+01    0.49047E-03    0.40833E+00    0.65179E+06    0.19336E+03
   328   -0.24248E+01   -0.30035E-03    0.41057E+00    0.64879E+06    0.19177E+03
   329   -0.23712E+01   -0.36335E-03    0.40205E+00    0.64575E+06    0.19019E+03
   330   -0.22899E+01   -0.11121E-02    0.38999E+00    0.64267E+06    0.18863E+03
   331   -0.21157E+01   -0.17316E-02    0.38160E+00    0.63954E+06    0.18709E+03
   332   -0.20063E+01   -0.14070E-02    0.37666E+00    0.63637E+06    0.18557E+03
   333   -0.18963E+01   -0.15517E-02    0.36752E+00    0.63315E+06    0.18406E+03
   334   -0.17207E+01   -0.13509E-02    0.35398E+00    0.62987E+06    0.18257E+03
   335   -0.16371E+01   -0.22180E-02    0.33582E+00    0.62654E+06    0.18110E+03
   336   -0.15060E+01   -0.25953E-02    0.32024E+00    0.62314E+06    0.17965E+03
   337   -0.13364E+01   -0.24107E-02    0.29217E+00    0.61968E+06    0.17821E+03
   338   -0.12118E+01   -0.30777E-02    0.27369E+00    0.61614E+06    0.17679E+03
   339   -0.99269E+00   -0.22956E-02    0.24972E+00    0.61254E+06    0.17538E+03
   340   -0.83668E+00   -0.22210E-02    0.23489E+00    0.60885E+06    0.17399E+03
   341   -0.75287E+00   -0.27816E-02    0.20672E+00    0.60508E+06    0.17261E+03
   342   -0.60178E+00   -0.16768E-02    0.17983E+00    0.60123E+06    0.17125E+03
   343   -0.46678E+00   -0.18059E-02    0.15401E+00    0.59729E+06    0.16990E+03
   344   -0.28267E+00   -0.16110E-02    0.12905E+00    0.59326E+06    0.16857E+03
   345   -0.20709E+00   -0.17629E-02    0.10473E+00    0.58913E+06    0.16725E+03
   346   -0.10058E+00   -0.70383E-03    0.88264E-01    0.58489E+06    0.16595E+03
   347   -0.46480E-01   -0.59009E-03    0.64572E-01    0.58056E+06    0.16466E+03
   348    0.20390E-01   -0.60675E-03    0.40871E-01    0.57611E+06    0.16338E+03
   349    0.16669E-01    0.61127E-04    0.16943E-01    0.57156E+06    0.16212E+03
   350    0.75563E-02    0.00000E+00    0.00000E+00    0.56689E+06    0.16087E+03
   351    0.13382E+00    0.76342E-03   -0.17693E-01    0.56210E+06    0.15963E+03
   352    0.21423E-01    0.16595E-02   -0.36808E-01    0.55720E+06    0.15841E+03
   353   -0.33856E-01    0.19922E-02   -0.43252E-01    0.55221E+06    0.15720E+03
   354   -0.18192E+00    0.25510E-02   -0.60074E-01    0.54714E+06    0.15600E+03
   355   -0.27555E+00    0.33826E-02   -0.73179E-01    0.54201E+06    0.15481E+03
   356   -0.39036E+00    0.45338E-02   -0.75903E-01    0.53682E+06    0.15364E+03
   357   -0.52771E+00    0.53084E-02   -0.83866E-01    0.53159E+06    0.15247E+03
   358   -0.61464E+00    0.50104E-02   -0.82973E-01    0.52633E+06    0.15132E+03
   359   -0.80107E+00    0.51721E-02   -0.88846E-01    0.52106E+06    0.15018E+03
   360   -0.93978E+00    0.58403E-02   -0.91104E-01    0.51579E+06    0.14905E+03
   361   -0.11064E+01    0.63189E-02   -0.94968E-01    0.51053E+06    0.14794E+03
   362   -0.12279E+01    0.66545E-02   -0.98230E-01    0.50530E+06    0.14683E+03
   363   -0.13801E+01    0.76368E-02   -0.99424E-01    0.50010E+06    0.14574E+03
   364   -0.14899E+01    0.70839E-02   -0.10303E+00    0.49496E+06    0.14466E+03
   365   -0.16329E+01    0.72711E-02   -0.10386E+00    0.48989E+06    0.14358E+03
   366   -0.17363E+01    0.75022E-02   -0.10566E+00    0.48489E+06    0.14252E+03
   367   -0.18014E+01    0.63384E-02   -0.10696E+00    0.47999E+06    0.14147E+03
   368   -0.19780E+01    0.60549E-02   -0.10704E+00    0.47519E+06    0.14043E+03
   369   -0.19704E+01    0.59554E-02   -0.10888E+00    0.47051E+06    0.13940E+03
   370   -0.20028E+01    0.53441E-02   -0.10806E+00    0.46596E+06    0.13839E+03
   371   -0.20765E+01    0.42674E-02   -0.10905E+00    0.46156E+06    0.13738E+03
   372   -0.21187E+01    0.35151E-02   -0.10815E+00    0.45731E+06    0.13638E+03
   373   -0.21305E+01    0.23910E-02   -0.10911E+00    0.45324E+06    0.13539E+03
   374   -0.21134E+01    0.16846E-02   -0.10896E+00    0.44935E+06    0.13441E+03
   375   -0.21429E+01    0.69991E-03   -0.10848E+00    0.44566E+06    0.13344E+03
   376   -0.20720E+01    0.22640E-03   -0.10842E+00    0.44218E+06    0.13248E+03
   377   -0.19761E+01   -0.11748E-02   -0.10658E+00    0.43892E+06    0.13153E+03
   378   -0.19310E+01   -0.27143E-02   -0.10670E+00    0.43591E+06    0.13059E+03
   379   -0.18636E+01   -0.36023E-02   -0.10507E+00    0.43314E+06    0.12966E+03
   380   -0.17011E+01   -0.37922E-02   -0.10469E+00    0.43064E+06    0.12873E+03
   381   -0.15933E+01   -0.69515E-02   -0.10335E+00    0.42842E+06    0.12782E+03
   382   -0.15416E+01   -0.78336E-02   -0.10108E+00    0.42648E+06    0.12691E+03
   383   -0.13988E+01   -0.93631E-02   -0.10012E+00    0.42485E+06    0.12602E+03
   384   -0.11662E+01   -0.11493E-01   -0.97518E-01    0.42354E+06    0.12513E+03
   385   -0.10679E+01   -0.11949E-01   -0.95526E-01    0.42256E+06    0.12425E+03
   386   -0.88258E+00   -0.12912E-01   -0.92679E-01    0.42192E+06    0.12338E+03
   387   -0.76004E+00   -0.14335E-01   -0.89739E-01    0.42164E+06    0.12251E+03
   388   -0.62736E+00   -0.15429E-01   -0.85984E-01    0.42173E+06    0.12165E+03
   389   -0.48587E+00   -0.18376E-01   -0.82178E-01    0.42221E+06    0.12081E+03
   390   -0.33692E+00   -0.17929E-01   -0.76854E-01    0.42308E+06    0.11997E+03
   391   -0.18186E+00   -0.18499E-01   -0.72262E-01    0.42436E+06    0.11913E+03
   392   -0.96315E-01   -0.17067E-01   -0.66193E-01    0.42606E+06    0.11831E+03
   393    0.66950E-01   -0.16558E-01   -0.60155E-01    0.42820E+06    0.11749E+03
   394    0.15802E+00   -0.15439E-01   -0.52680E-01    0.43079E+06    0.11668E+03
   395    0.17555E+00   -0.14407E-01   -0.46019E-01    0.43384E+06    0.11587E+03
   396    0.26677E+00   -0.12673E-01   -0.37369E-01    0.43737E+06    0.11507E+03
   397    0.20749E+00   -0.10189E-01   -0.28831E-01    0.44139E+06    0.11428E+03
   398    0.21921E+00   -0.76510E-02   -0.19829E-01    0.44591E+06    0.11350E+03
   399    0.15202E+00   -0.42704E-02   -0.10259E-01    0.45095E+06    0.11272E+03
   400    0.45837E-02    0.00000E+00    0.00000E+00    0.45652E+06    0.11195E+03
   401   -0.14865E+00    0.44423E-02    0.10795E-01    0.46262E+06    0.11118E+03
   402   -0.30148E+00    0.89950E-02    0.22317E-01    0.46924E+06    0.11043E+03
   403   -0.52047E+00    0.15060E-01    0.34445E-01    0.47637E+06    0.10967E+03
   404   -0.79790E+00    0.21069E-01    0.48024E-01    0.48397E+06    0.10893E+03
   405   -0.10518E+01    0.26938E-01    0.61523E-01    0.49202E+06    0.10819E+03
   406   -0.14230E+01    0.34070E-01    0.76456E-01    0.50052E+06    0.10745E+03
   407   -0.17552E+01    0.40895E-01    0.90621E-01    0.50942E+06    0.10672E+03
   408   -0.21150E+01    0.48074E-01    0.10776E+00    0.51872E+06    0.10600E+03
   409   -0.24204E+01    0.56265E-01    0.12493E+00    0.52838E+06    0.10528E+03
   410   -0.28122E+01    0.63157E-01    0.14217E+00    0.53840E+06    0.10457E+03
   411   -0.31343E+01    0.70895E-01    0.16097E+00    0.54874E+06    0.10386E+03
   412   -0.35273E+01    0.78652E-01    0.17990E+00    0.55938E+06    0.10316E+03
   413   -0.39093E+01    0.86346E-01    0.19971E+00    0.57031E+06    0.10247E+03
   414   -0.43470E+01    0.93893E-01    0.21969E+00    0.58150E+06    0.10178E+03
   415   -0.46839E+01    0.10195E+00    0.24136E+00    0.59294E+06    0.10110E+03
   416   -0.50611E+01    0.10896E+00    0.26252E+00    0.60459E+06    0.10042E+03
   417   -0.54706E+01    0.11630E+00    0.28318E+00    0.61643E+06    0.99750E+02
   418   -0.58306E+01    0.12169E+00    0.30562E+00    0.62846E+06    0.99084E+02
   419   -0.61334E+01    0.12799E+00    0.32838E+00    0.64063E+06    0.98423E+02
   420   -0.64454E+01    0.13439E+00    0.35073E+00    0.65294E+06    0.97768E+02
   421   -0.66848E+01    0.14007E+00    0.37345E+00    0.66536E+06    0.97118E+02
   422   -0.69180E+01    0.14492E+00    0.39508E+00    0.67787E+06    0.96473E+02
   423   -0.72117E+01    0.14888E+00    0.41714E+00    0.69045E+06    0.95833E+02
   424   -0.74838E+01    0.15261E+00    0.43816E+00    0.70308E+06    0.95199E+02
   425   -0.76524E+01    0.15526E+00    0.45967E+00    0.71572E+06    0.94570E+02
   426   -0.77840E+01    0.15826E+00    0.48020E+00    0.72838E+06    0.93946E+02
   427   -0.79452E+01    0.16003E+00    0.49830E+00    0.74101E+06    0.93327E+02
   428   -0.80540E+01    0.16123E+00    0.51696E+00    0.75360E+06    0.92713E+02
   429   -0.81770E+01    0.16177E+00    0.53399E+00    0.76613E+06    0.92104E+02
   430   -0.81578E+01    0.16232E+00    0.54867E+00    0.77858E+06    0.91500E+02
   431   -0.81374E+01    0.16130E+00    0.56177E+00    0.79092E+06    0.90901E+02
   432   -0.81822E+01    0.15938E+00    0.57184E+00    0.80314E+06    0.90307E+02
   433   -0.80618E+01    0.15796E+00    0.58112E+00    0.81521E+06    0.89718E+02
   434   -0.79913E+01    0.15472E+00    0.58595E+00    0.82711E+06    0.89133E+02
   435   -0.78887E+01    0.15182E+00    0.58782E+00    0.83881E+06    0.88554E+02
   436   -0.76719E+01    0.14768E+00    0.58602E+00    0.85031E+06    0.87979E+02
   437   -0.74076E+01    0.14222E+00    0.58133E+00    0.86157E+06    0.87408E+02
   438   -0.71623E+01    0.13609E+00    0.57303E+00    0.87257E+06    0.86843E+02
   439   -0.67797E+01    0.12997E+00    0.55891E+00    0.88330E+06    0.86281E+02
   440   -0.64008E+01    0.12227E+00    0.54125E+00    0.89373E+06    0.85725E+02
   441   -0.59434E+01    0.11366E+00    0.51708E+00    0.90384E+06    0.85173E+02
   442   -0.55484E+01    0.10406E+00    0.48794E+00    0.91360E+06    0.84625E+02
   443   -0.49854E+01    0.94122E-01    0.45235E+00    0.92300E+06    0.84082E+02
   444   -0.43951E+01    0.83765E-01    0.41109E+00    0.93202E+06    0.83543E+02
   445   -0.37698E+01    0.70679E-01    0.36271E+00    0.94063E+06    0.83008E+02
   446   -0.31760E+01    0.58492E-01    0.30797E+00    0.94881E+06    0.82478E+02
   447   -0.24576E+01    0.45638E-01    0.24393E+00    0.95654E+06    0.81952E+02
   448   -0.17554E+01    0.30545E-01    0.17136E+00    0.96380E+06    0.81430E+02
   449   -0.91302E+00    0.15360E-01    0.91029E-01    0.97056E+06    0.80912E+02
   450    0.29015E-02    0.00000E+00    0.00000E+00    0.97681E+06    0.80398E+02
   451    0.92474E+00   -0.17093E-01   -0.99948E-01    0.98253E+06    0.79889E+02
   452    0.18549E+01   -0.34455E-01   -0.21041E+00    0.98773E+06    0.79383E+02
   453    0.29433E+01   -0.52095E-01   -0.32828E+00    0.99241E+06    0.78881E+02
   454    0.39685E+01   -0.70766E-01   -0.45412E+00    0.99658E+06    0.78383E+02
   455    0.50060E+01   -0.89735E-01   -0.58705E+00    0.10003E+07    0.77889E+02
   456    0.62058E+01   -0.10975E+00   -0.71948E+00    0.10035E+07    0.77398E+02
   457    0.72721E+01   -0.12935E+00   -0.86463E+00    0.10062E+07    0.76912E+02
   458    0.84290E+01   -0.14927E+00   -0.10030E+01    0.10085E+07    0.76428E+02
   459    0.96038E+01   -0.16878E+00   -0.11494E+01    0.10103E+07    0.75948E+02
   460    0.10798E+02   -0.18938E+00   -0.12969E+01    0.10116E+07    0.75471E+02
   461    0.11938E+02   -0.20960E+00   -0.14453E+01    0.10126E+07    0.74998E+02
   462    0.13099E+02   -0.23018E+00   -0.15879E+01    0.10131E+07    0.74527E+02
   463    0.14210E+02   -0.24965E+00   -0.17422E+01    0.10132E+07    0.74060E+02
   464    0.15271E+02   -0.26877E+00   -0.18778E+01    0.10130E+07    0.73596E+02
   465    0.16283E+02   -0.28753E+00   -0.20233E+01    0.10123E+07    0.73135E+02
   466    0.17323E+02   -0.30670E+00   -0.21557E+01    0.10112E+07    0.72676E+02
   467    0.18391E+02   -0.32480E+00   -0.22888E+01    0.10098E+07    0.72220E+02
   468    0.19340E+02   -0.34183E+00   -0.24144E+01    0.10081E+07    0.71767E+02
   469    0.20246E+02   -0.35930E+00   -0.25390E+01    0.10060E+07    0.71317E+02
   470    0.21185E+02   -0.37498E+00   -0.26542E+01    0.10036E+07    0.70869E+02
   471    0.21861E+02   -0.38889E+00   -0.27592E+01    0.10008E+07    0.70424E+02
   472    0.22646E+02   -0.40251E+00   -0.28606E+01    0.99773E+06    0.69981E+02
   473    0.23319E+02   -0.41513E+00   -0.29498E+01    0.99436E+06    0.69540E+02
   474    0.23956E+02   -0.42599E+00   -0.30336E+01    0.99070E+06    0.69101E+02
   475    0.24558E+02   -0.43661E+00   -0.31036E+01    0.98677E+06    0.68664E+02
   476    0.24977E+02   -0.44475E+00   -0.31610E+01    0.98256E+06    0.68230E+02
   477    0.25290E+02   -0.45192E+00   -0.32148E+01    0.97810E+06    0.67797E+02
   478    0.25572E+02   -0.45812E+00   -0.32453E+01    0.97339E+06    0.67367E+02
   479    0.25751E+02   -0.46188E+00   -0.32762E+01    0.96845E+06    0.66938E+02
   480    0.25826E+02   -0.46395E+00   -0.32874E+01    0.96328E+06    0.66511E+02
   481    0.25801E+02   -0.46435E+00   -0.32816E+01    0.95789E+06    0.66085E+02
   482    0.25749E+02   -0.46233E+00   -0.32638E+01    0.95230E+06    0.65661E+02
   483    0.25451E+02   -0.45865E+00   -0.32355E+01    0.94652E+06    0.65238E+02
   484    0.24982E+02   -0.45258E+00   -0.31897E+01    0.94056E+06    0.64817E+02
   485    0.24565E+02   -0.44487E+00   -0.31271E+01    0.93442E+06    0.64397E+02
   486    0.23979E+02   -0.43404E+00   -0.30489E+01    0.92813E+06    0.63979E+02
   487    0.23226E+02   -0.42085E+00   -0.29543E+01    0.92168E+06    0.63561E+02
   488    0.22307E+02   -0.40604E+00   -0.28417E+01    0.91509E+06    0.63145E+02
   489    0.21297E+02   -0.38815E+00   -0.27116E+01    0.90838E+06    0.62729E+02
   490    0.20198E+02   -0.36718E+00   -0.25625E+01    0.90155E+06    0.62315E+02
   491    0.18789E+02   -0.34389E+00   -0.23962E+01    0.89461E+06    0.61901E+02
   492    0.17368E+02   -0.31754E+00   -0.22113E+01    0.88757E+06    0.61488E+02
   493    0.15787E+02   -0.28962E+00   -0.20054E+01    0.88045E+06    0.61075E+02
   494    0.14048E+02   -0.25718E+00   -0.17812E+01    0.87325E+06    0.60663E+02
   495    0.12078E+02   -0.22245E+00   -0.15364E+01    0.86599E+06    0.60252E+02
   496    0.99535E+01   -0.18396E+00   -0.12716E+01    0.85867E+06    0.59841E+02
   497    0.76746E+01   -0.14246E+00   -0.98510E+00    0.85131E+06    0.59430E+02
   498    0.52431E+01   -0.98705E-01   -0.67901E+00    0.84392E+06    0.59020E+02
   499    0.27346E+01   -0.50472E-01   -0.34946E+00    0.83651E+06    0.58610E+02
   500    0.18800E-02    0.00000E+00    0.00000E+00    0.82909E+06    0.58200E+02
