#    L    TT             EE             TE             PP             TP          
     2    0.33487E+03    0.77643E-10   -0.12313E-04    0.96099E+06    0.33485E+05
     3    0.23437E+03    0.23845E-10    0.77278E-05    0.14705E+07    0.37364E+05
     4    0.17599E+03    0.63870E-11    0.62748E-05    0.19163E+07    0.38634E+05
     5    0.13826E+03    0.21390E-11    0.31658E-05    0.23046E+07    0.38669E+05
     6    0.11206E+03    0.88022E-12    0.29404E-05    0.26424E+07    0.38063E+05
     7    0.92933E+02    0.58582E-12    0.40404E-05    0.29369E+07    0.37119E+05
     8    0.78446E+02    0.60851E-12    0.43281E-05    0.31943E+07    0.36002E+05
     9    0.67164E+02    0.49565E-12    0.33617E-05    0.34200E+07    0.34808E+05
    10    0.58168E+02    0.25493E-12    0.19960E-05    0.36180E+07    0.33584E+05
    11    0.50872E+02    0.95508E-13    0.10819E-05    0.37926E+07    0.32371E+05
    12    0.44999E+02    0.10382E-03   -0.23713E-03    0.39457E+07    0.31177E+05
    13    0.39815E+02    0.10735E-12    0.97431E-06    0.40799E+07    0.30014E+05
    14    0.35521E+02   -0.27194E-04    0.79662E-04    0.41978E+07    0.28892E+05
    15    0.31933E+02    0.12329E-12    0.11609E-05    0.43012E+07    0.27813E+05
    16    0.28780E+02   -0.22586E-04    0.32411E-03    0.43914E+07    0.26779E+05
    17    0.26103E+02    0.62943E-13    0.70365E-06    0.44700E+07    0.25789E+05
    18    0.23307E+02    0.11488E-04   -0.52562E-03    0.45382E+07    0.24844E+05
    19    0.21667E+02    0.28664E-13    0.29438E-06    0.45968E+07    0.23940E+05
    20    0.19873E+02    0.10034E-04   -0.10650E-04    0.46465E+07    0.23074E+05
    21    0.18208E+02    0.24333E-13    0.32603E-06    0.46882E+07    0.22247E+05
    22    0.16803E+02   -0.67106E-05   -0.42673E-04    0.47230E+07    0.21458E+05
    23    0.15463E+02    0.66167E-13    0.55742E-06    0.47514E+07    0.20705E+05
    24    0.14276E+02   -0.45945E-05    0.19329E-03    0.47739E+07    0.19985E+05
    25    0.13250E+02    0.10571E-12    0.66050E-06    0.47909E+07    0.19296E+05
    26    0.12247E+02    0.45677E-05    0.17382E-03    0.48031E+07    0.18638E+05
    27    0.11442E+02    0.87920E-13    0.54879E-06    0.48109E+07    0.18009E+05
    28    0.10634E+02    0.62322E-06   -0.24429E-03    0.48148E+07    0.17407E+05
    29    0.99485E+01    0.46756E-13    0.33090E-06    0.48147E+07    0.16831E+05
    30    0.93675E+01   -0.21393E-05    0.16710E-04    0.48109E+07    0.16278E+05
    31    0.87004E+01    0.26018E-13    0.14123E-06    0.48038E+07    0.15748E+05
    32    0.81213E+01    0.18985E-05    0.16031E-03    0.47939E+07    0.15240E+05
    33    0.76501E+01    0.21096E-13    0.50788E-07    0.47815E+07    0.14753E+05
    34    0.71693E+01    0.58091E-06   -0.27666E-03    0.47667E+07    0.14287E+05
    35    0.67593E+01    0.17093E-13    0.59421E-07    0.47497E+07    0.13839E+05
    36    0.64197E+01   -0.13653E-06    0.46383E-03    0.47307E+07    0.13409E+05
    37    0.59986E+01    0.15593E-13    0.12346E-06    0.47099E+07    0.12997E+05
    38    0.56347E+01    0.41830E-05   -0.55392E-03    0.46874E+07    0.12600E+05
    39    0.53694E+01    0.55145E-05   -0.64610E-03    0.46634E+07    0.12220E+05
    40    0.50524E+01    0.26862E-13    0.21882E-06    0.46379E+07    0.11853E+05
    41    0.48873E+01   -0.10177E-04    0.12921E-02    0.46112E+07    0.11501E+05
    42    0.46363E+01   -0.18179E-04    0.24752E-02    0.45832E+07    0.11162E+05
    43    0.44156E+01   -0.16190E-04    0.26483E-02    0.45542E+07    0.10836E+05
    44    0.40441E+01   -0.11250E-04    0.18018E-02    0.45242E+07    0.10521E+05
    45    0.38608E+01    0.32359E-13    0.21621E-06    0.44933E+07    0.10219E+05
    46    0.37667E+01    0.21386E-04   -0.44408E-02    0.44617E+07    0.99273E+04
    47    0.36198E+01    0.45231E-04   -0.10322E-01    0.44294E+07    0.96463E+04
    48    0.33601E+01    0.68040E-04   -0.13066E-01    0.43965E+07    0.93756E+04
    49    0.30761E+01    0.64032E-04   -0.86922E-02    0.43631E+07    0.91146E+04
    50    0.30051E+01    0.99384E-14    0.97280E-07    0.43293E+07    0.88629E+04
    51    0.29334E+01   -0.15865E-03    0.87114E-02    0.42950E+07    0.86201E+04
    52    0.30732E+01   -0.32573E-03    0.12776E-01    0.42604E+07    0.83859E+04
    53    0.30374E+01   -0.34961E-03    0.92855E-02    0.42256E+07    0.81598E+04
    54    0.27361E+01   -0.23463E-03    0.33016E-02    0.41905E+07    0.79416E+04
    55    0.23763E+01    0.41020E-14    0.25155E-07    0.41552E+07    0.77309E+04
    56    0.21701E+01    0.21343E-03   -0.17291E-02    0.41198E+07    0.75273E+04
    57    0.20514E+01    0.29820E-03   -0.18358E-02    0.40843E+07    0.73306E+04
    58    0.20333E+01    0.26287E-03   -0.12124E-02    0.40487E+07    0.71405E+04
    59    0.19801E+01    0.14575E-03   -0.77348E-03    0.40130E+07    0.69567E+04
    60    0.19050E+01    0.26487E-14    0.23112E-07    0.39772E+07    0.67789E+04
    61    0.21143E+01   -0.80085E-04    0.18113E-02    0.39415E+07    0.66069E+04
    62    0.20074E+01   -0.10301E-03    0.37228E-02    0.39058E+07    0.64405E+04
    63    0.17971E+01   -0.10297E-03    0.47585E-02    0.38701E+07    0.62795E+04
    64    0.17704E+01   -0.62183E-04    0.37191E-02    0.38345E+07    0.61236E+04
    65    0.15457E+01    0.57193E-14    0.44418E-07    0.37991E+07    0.59728E+04
    66    0.14095E+01    0.21984E-04   -0.46037E-02    0.37638E+07    0.58267E+04
    67    0.12006E+01    0.10896E-04   -0.77600E-02    0.37286E+07    0.56854E+04
    68    0.12028E+01    0.13330E-04   -0.83024E-02    0.36937E+07    0.55484E+04
    69    0.11801E+01   -0.58331E-05   -0.49903E-02    0.36589E+07    0.54158E+04
    70    0.12679E+01    0.86258E-14    0.49407E-07    0.36244E+07    0.52873E+04
    71    0.13103E+01    0.25785E-04    0.38996E-02    0.35901E+07    0.51628E+04
    72    0.13241E+01    0.53062E-04    0.55055E-02    0.35560E+07    0.50421E+04
    73    0.12579E+01    0.56304E-04    0.45079E-02    0.35221E+07    0.49251E+04
    74    0.11343E+01    0.32269E-04    0.20827E-02    0.34885E+07    0.48116E+04
    75    0.10504E+01    0.48755E-14    0.37533E-07    0.34551E+07    0.47015E+04
    76    0.94735E+00   -0.30693E-04   -0.95234E-03    0.34220E+07    0.45947E+04
    77    0.88527E+00   -0.57223E-04   -0.10189E-02    0.33891E+07    0.44910E+04
    78    0.91690E+00   -0.41664E-04   -0.21692E-02    0.33565E+07    0.43904E+04
    79    0.87212E+00   -0.27803E-04   -0.11730E-02    0.33241E+07    0.42927E+04
    80    0.87797E+00    0.20627E-14    0.23649E-07    0.32921E+07    0.41978E+04
    81    0.84317E+00    0.27379E-05    0.31531E-03    0.32604E+07    0.41057E+04
    82    0.84328E+00    0.12525E-04    0.24967E-03    0.32289E+07    0.40163E+04
    83    0.80985E+00    0.14258E-04   -0.27075E-03    0.31978E+07    0.39295E+04
    84    0.82298E+00    0.15117E-04    0.16587E-03    0.31671E+07    0.38452E+04
    85    0.73995E+00    0.16877E-14    0.15646E-07    0.31367E+07    0.37633E+04
    86    0.64012E+00   -0.80104E-05   -0.13641E-03    0.31066E+07    0.36838E+04
    87    0.74849E+00   -0.26216E-04    0.24021E-03    0.30769E+07    0.36065E+04
    88    0.62079E+00   -0.26302E-04    0.83362E-03    0.30475E+07    0.35314E+04
    89    0.62984E+00   -0.96688E-05   -0.13813E-03    0.30185E+07    0.34584E+04
    90    0.62850E+00    0.10313E-14    0.12377E-07    0.29899E+07    0.33874E+04
    91    0.54427E+00    0.88892E-05    0.16983E-03    0.29616E+07    0.33183E+04
    92    0.52896E+00    0.16379E-04    0.62229E-03    0.29336E+07    0.32511E+04
    93    0.58621E+00    0.29435E-04    0.82642E-03    0.29060E+07    0.31858E+04
    94    0.49678E+00    0.25308E-04    0.17369E-02    0.28788E+07    0.31221E+04
    95    0.48716E+00    0.18391E-04    0.20800E-02    0.28519E+07    0.30603E+04
    96    0.26383E+00    0.82198E-05    0.20674E-02    0.28253E+07    0.30001E+04
    97    0.27611E+00   -0.56680E-05    0.19112E-02    0.27991E+07    0.29415E+04
    98    0.30479E+00   -0.16308E-04    0.33087E-02    0.27732E+07    0.28845E+04
    99    0.20492E+00   -0.46450E-04    0.27578E-02    0.27477E+07    0.28291E+04
   100    0.20298E+00   -0.81699E-04    0.41844E-02    0.27225E+07    0.27751E+04
   101    0.15402E+00   -0.48236E-04    0.40862E-02    0.26976E+07    0.27226E+04
   102    0.43308E+00   -0.80235E-04    0.41607E-02    0.26731E+07    0.26716E+04
   103    0.44952E+00   -0.89020E-04    0.31342E-02    0.26488E+07    0.26218E+04
   104    0.50410E+00   -0.60196E-04    0.34469E-02    0.26249E+07    0.25734E+04
   105    0.52616E+00   -0.53656E-04    0.30823E-02    0.26013E+07    0.25262E+04
   106    0.59361E+00    0.19279E-04    0.22523E-02    0.25780E+07    0.24803E+04
   107    0.41294E+00    0.24434E-04    0.19114E-02    0.25551E+07    0.24355E+04
   108    0.43347E+00    0.50485E-04    0.78595E-03    0.25324E+07    0.23918E+04
   109    0.43598E+00    0.37543E-04   -0.16942E-03    0.25101E+07    0.23492E+04
   110    0.34981E+00    0.37504E-15    0.49237E-08    0.24880E+07    0.23077E+04
   111    0.25356E+00    0.25783E-04   -0.72092E-03    0.24663E+07    0.22671E+04
   112    0.15433E+00    0.51254E-04   -0.21128E-02    0.24448E+07    0.22275E+04
   113    0.13421E+00    0.86308E-04   -0.32119E-02    0.24236E+07    0.21888E+04
   114    0.52432E-01    0.66557E-04   -0.37972E-02    0.24028E+07    0.21511E+04
   115    0.65352E-01    0.15046E-03   -0.43908E-02    0.23822E+07    0.21142E+04
   116   -0.42078E-01    0.12507E-03   -0.47717E-02    0.23619E+07    0.20783E+04
   117    0.35073E-01    0.74553E-04   -0.47190E-02    0.23419E+07    0.20431E+04
   118    0.15604E+00    0.15738E-03   -0.54974E-02    0.23221E+07    0.20088E+04
   119    0.18004E+00    0.23488E-03   -0.54004E-02    0.23027E+07    0.19754E+04
   120    0.26346E+00    0.16838E-03   -0.49499E-02    0.22835E+07    0.19427E+04
   121    0.26551E+00    0.26490E-03   -0.46678E-02    0.22645E+07    0.19107E+04
   122    0.26829E+00    0.23721E-03   -0.43333E-02    0.22458E+07    0.18796E+04
   123    0.27958E+00    0.16949E-03   -0.44681E-02    0.22274E+07    0.18491E+04
   124    0.30719E+00    0.14592E-03   -0.26230E-02    0.22093E+07    0.18194E+04
   125    0.28463E+00    0.10210E-03   -0.15484E-02    0.21914E+07    0.17903E+04
   126    0.29399E+00    0.12222E-03   -0.10233E-02    0.21737E+07    0.17619E+04
   127    0.26877E+00    0.67608E-04   -0.82677E-03    0.21563E+07    0.17342E+04
   128    0.21677E+00    0.96719E-04   -0.73800E-03    0.21391E+07    0.17071E+04
   129    0.22008E+00    0.70884E-04   -0.53605E-03    0.21222E+07    0.16805E+04
   130    0.21221E+00    0.22502E-14    0.78223E-08    0.21055E+07    0.16546E+04
   131    0.20130E+00    0.40701E-04   -0.11275E-02    0.20890E+07    0.16292E+04
   132    0.27109E+00    0.45184E-04   -0.14194E-02    0.20728E+07    0.16043E+04
   133    0.28284E+00    0.86669E-04   -0.35664E-02    0.20568E+07    0.15800E+04
   134    0.32062E+00    0.16409E-03   -0.35737E-02    0.20410E+07    0.15562E+04
   135    0.39424E+00    0.20211E-03   -0.48750E-02    0.20254E+07    0.15329E+04
   136    0.36495E+00    0.19965E-03   -0.42183E-02    0.20100E+07    0.15101E+04
   137    0.39112E+00    0.22994E-03   -0.42943E-02    0.19948E+07    0.14878E+04
   138    0.40826E+00    0.21763E-03   -0.40796E-02    0.19799E+07    0.14659E+04
   139    0.27763E+00    0.31022E-03   -0.32936E-02    0.19651E+07    0.14446E+04
   140    0.30616E+00    0.28381E-03   -0.31413E-02    0.19506E+07    0.14236E+04
   141    0.20652E+00    0.21161E-03   -0.18566E-02    0.19362E+07    0.14031E+04
   142    0.21137E+00    0.16683E-03   -0.64437E-03    0.19220E+07    0.13831E+04
   143    0.25624E+00    0.14843E-03    0.33036E-04    0.19080E+07    0.13634E+04
   144    0.20235E+00    0.81045E-04    0.45625E-03    0.18942E+07    0.13441E+04
   145    0.13381E+00    0.11218E-03    0.90586E-03    0.18806E+07    0.13253E+04
   146    0.28327E+00    0.17933E-04    0.91965E-03    0.18671E+07    0.13068E+04
   147    0.21484E+00    0.20080E-04    0.15210E-02    0.18538E+07    0.12886E+04
   148    0.16117E+00   -0.31007E-04    0.76213E-03    0.18407E+07    0.12708E+04
   149    0.20635E+00   -0.62107E-04   -0.33364E-03    0.18277E+07    0.12534E+04
   150    0.13733E+00    0.18752E-15    0.11904E-08    0.18149E+07    0.12363E+04
   151    0.11218E+00    0.77267E-04   -0.16144E-02    0.18022E+07    0.12195E+04
   152   -0.94567E-02    0.80850E-04   -0.38724E-02    0.17897E+07    0.12030E+04
   153   -0.71125E-01    0.14206E-03   -0.46709E-02    0.17774E+07    0.11868E+04
   154   -0.13921E+00    0.24362E-03   -0.63636E-02    0.17651E+07    0.11709E+04
   155   -0.20582E+00    0.36829E-03   -0.83328E-02    0.17531E+07    0.11553E+04
   156   -0.41162E+00    0.49880E-03   -0.10704E-01    0.17411E+07    0.11400E+04
   157   -0.45159E+00    0.61790E-03   -0.12116E-01    0.17293E+07    0.11249E+04
   158   -0.54068E+00    0.78259E-03   -0.13437E-01    0.17177E+07    0.11102E+04
   159   -0.67099E+00    0.82706E-03   -0.14794E-01    0.17062E+07    0.10957E+04
   160   -0.76036E+00    0.88262E-03   -0.14824E-01    0.16948E+07    0.10815E+04
   161   -0.80087E+00    0.10063E-02   -0.15139E-01    0.16835E+07    0.10675E+04
   162   -0.85893E+00    0.10322E-02   -0.15864E-01    0.16724E+07    0.10538E+04
   163   -0.77807E+00    0.10175E-02   -0.15639E-01    0.16614E+07    0.10403E+04
   164   -0.84752E+00    0.10190E-02   -0.16075E-01    0.16505E+07    0.10271E+04
   165   -0.76227E+00    0.94538E-03   -0.15068E-01    0.16397E+07    0.10141E+04
   166   -0.66298E+00    0.92781E-03   -0.14230E-01    0.16291E+07    0.10014E+04
   167   -0.46747E+00    0.72622E-03   -0.14427E-01    0.16185E+07    0.98882E+03
   168   -0.39070E+00    0.69477E-03   -0.13558E-01    0.16081E+07    0.97650E+03
   169   -0.27621E+00    0.51905E-03   -0.11747E-01    0.15978E+07    0.96440E+03
   170   -0.11610E+00    0.40467E-03   -0.10605E-01    0.15876E+07    0.95250E+03
   171   -0.51046E-01    0.33435E-03   -0.80286E-02    0.15775E+07    0.94080E+03
   172    0.11315E-02    0.21656E-03   -0.56291E-02    0.15675E+07    0.92929E+03
   173   -0.25956E-01    0.34034E-04   -0.35315E-02    0.15575E+07    0.91798E+03
   174    0.24154E-01    0.66645E-04   -0.18610E-02    0.15477E+07    0.90685E+03
   175    0.85073E-01    0.00000E+00   -0.47008E-10    0.15380E+07    0.89589E+03
   176    0.16250E-01    0.36738E-04    0.19737E-02    0.15284E+07    0.88511E+03
   177   -0.25234E-01    0.70562E-04    0.26861E-02    0.15189E+07    0.87450E+03
   178   -0.10503E+00    0.28936E-03    0.37823E-02    0.15094E+07    0.86406E+03
   179   -0.21450E+00    0.36102E-03    0.54213E-02    0.15001E+07    0.85378E+03
   180   -0.19644E+00    0.47345E-03    0.62767E-02    0.14908E+07    0.84365E+03
   181   -0.26508E+00    0.59167E-03    0.65077E-02    0.14816E+07    0.83369E+03
   182   -0.33748E+00    0.75500E-03    0.77592E-02    0.14725E+07    0.82388E+03
   183   -0.47931E+00    0.85420E-03    0.87047E-02    0.14635E+07    0.81423E+03
   184   -0.53335E+00    0.92858E-03    0.10246E-01    0.14546E+07    0.80472E+03
   185   -0.56526E+00    0.10917E-02    0.10315E-01    0.14457E+07    0.79535E+03
   186   -0.93782E+00    0.11676E-02    0.12040E-01    0.14370E+07    0.78613E+03
   187   -0.97384E+00    0.12623E-02    0.14096E-01    0.14283E+07    0.77705E+03
   188   -0.10361E+01    0.13260E-02    0.15157E-01    0.14196E+07    0.76811E+03
   189   -0.11903E+01    0.13610E-02    0.16867E-01    0.14111E+07    0.75930E+03
   190   -0.98198E+00    0.13842E-02    0.17157E-01    0.14026E+07    0.75062E+03
   191   -0.11455E+01    0.13829E-02    0.19157E-01    0.13942E+07    0.74207E+03
   192   -0.11521E+01    0.13446E-02    0.20798E-01    0.13859E+07    0.73364E+03
   193   -0.12160E+01    0.12787E-02    0.20754E-01    0.13776E+07    0.72534E+03
   194   -0.11059E+01    0.11801E-02    0.21412E-01    0.13694E+07    0.71715E+03
   195   -0.10358E+01    0.10509E-02    0.20704E-01    0.13612E+07    0.70909E+03
   196   -0.99719E+00    0.89326E-03    0.19530E-01    0.13532E+07    0.70113E+03
   197   -0.83282E+00    0.71685E-03    0.16565E-01    0.13451E+07    0.69329E+03
   198   -0.60834E+00    0.50895E-03    0.12711E-01    0.13372E+07    0.68555E+03
   199   -0.31512E+00    0.27175E-03    0.73839E-02    0.13293E+07    0.67791E+03
   200    0.55470E-01    0.00000E+00   -0.21662E-11    0.13214E+07    0.67038E+03
   201    0.43620E+00   -0.28135E-03   -0.84539E-02    0.13137E+07    0.66295E+03
   202    0.90209E+00   -0.59737E-03   -0.18882E-01    0.13059E+07    0.65561E+03
   203    0.13780E+01   -0.92061E-03   -0.29875E-01    0.12982E+07    0.64837E+03
   204    0.17888E+01   -0.12608E-02   -0.43737E-01    0.12906E+07    0.64123E+03
   205    0.22822E+01   -0.16054E-02   -0.57575E-01    0.12831E+07    0.63418E+03
   206    0.27087E+01   -0.19491E-02   -0.71984E-01    0.12755E+07    0.62722E+03
   207    0.32162E+01   -0.23019E-02   -0.86745E-01    0.12681E+07    0.62036E+03
   208    0.35808E+01   -0.26435E-02   -0.10171E+00    0.12607E+07    0.61358E+03
   209    0.39504E+01   -0.29838E-02   -0.11658E+00    0.12533E+07    0.60690E+03
   210    0.43240E+01   -0.33028E-02   -0.13159E+00    0.12460E+07    0.60030E+03
   211    0.47008E+01   -0.36027E-02   -0.14613E+00    0.12387E+07    0.59379E+03
   212    0.49314E+01   -0.38858E-02   -0.16047E+00    0.12315E+07    0.58737E+03
   213    0.52377E+01   -0.41395E-02   -0.17389E+00    0.12244E+07    0.58103E+03
   214    0.54704E+01   -0.44033E-02   -0.18694E+00    0.12172E+07    0.57478E+03
   215    0.57029E+01   -0.45160E-02   -0.19969E+00    0.12102E+07    0.56861E+03
   216    0.58601E+01   -0.46954E-02   -0.21095E+00    0.12031E+07    0.56252E+03
   217    0.60896E+01   -0.48174E-02   -0.22206E+00    0.11962E+07    0.55651E+03
   218    0.62421E+01   -0.49140E-02   -0.23214E+00    0.11892E+07    0.55059E+03
   219    0.63909E+01   -0.50172E-02   -0.23956E+00    0.11823E+07    0.54474E+03
   220    0.65353E+01   -0.50105E-02   -0.24809E+00    0.11755E+07    0.53897E+03
   221    0.66744E+01   -0.50002E-02   -0.25486E+00    0.11687E+07    0.53327E+03
   222    0.68072E+01   -0.48696E-02   -0.26067E+00    0.11619E+07    0.52765E+03
   223    0.67845E+01   -0.47250E-02   -0.26412E+00    0.11552E+07    0.52211E+03
   224    0.69024E+01   -0.45985E-02   -0.26826E+00    0.11485E+07    0.51664E+03
   225    0.69374E+01   -0.43735E-02   -0.26945E+00    0.11419E+07    0.51124E+03
   226    0.69627E+01   -0.40820E-02   -0.27073E+00    0.11353E+07    0.50591E+03
   227    0.69033E+01   -0.37559E-02   -0.26996E+00    0.11287E+07    0.50066E+03
   228    0.69069E+01   -0.34273E-02   -0.26795E+00    0.11222E+07    0.49547E+03
   229    0.68984E+01   -0.30538E-02   -0.26553E+00    0.11157E+07    0.49035E+03
   230    0.68026E+01   -0.26675E-02   -0.26128E+00    0.11092E+07    0.48529E+03
   231    0.66186E+01   -0.22262E-02   -0.25528E+00    0.11028E+07    0.48031E+03
   232    0.64942E+01   -0.18360E-02   -0.24836E+00    0.10964E+07    0.47538E+03
   233    0.63543E+01   -0.13061E-02   -0.24132E+00    0.10901E+07    0.47052E+03
   234    0.60494E+01   -0.81706E-03   -0.23276E+00    0.10838E+07    0.46572E+03
   235    0.58015E+01   -0.32665E-03   -0.22351E+00    0.10775E+07    0.46099E+03
   236    0.54612E+01    0.13318E-03   -0.21288E+00    0.10712E+07    0.45631E+03
   237    0.51019E+01    0.60470E-03   -0.20172E+00    0.10650E+07    0.45169E+03
   238    0.47228E+01    0.11302E-02   -0.18933E+00    0.10588E+07    0.44713E+03
   239    0.43974E+01    0.15291E-02   -0.17582E+00    0.10527E+07    0.44263E+03
   240    0.39018E+01    0.18438E-02   -0.16272E+00    0.10465E+07    0.43819E+03
   241    0.35324E+01    0.21907E-02   -0.14865E+00    0.10404E+07    0.43379E+03
   242    0.31398E+01    0.23893E-02   -0.13367E+00    0.10344E+07    0.42946E+03
   243    0.27231E+01    0.25562E-02   -0.11859E+00    0.10283E+07    0.42517E+03
   244    0.22815E+01    0.25851E-02   -0.10203E+00    0.10223E+07    0.42094E+03
   245    0.18141E+01    0.25182E-02   -0.86270E-01    0.10163E+07    0.41675E+03
   246    0.13943E+01    0.23237E-02   -0.69168E-01    0.10104E+07    0.41262E+03
   247    0.10214E+01    0.18952E-02   -0.52285E-01    0.10044E+07    0.40853E+03
   248    0.62003E+00    0.15721E-02   -0.34955E-01    0.99851E+06    0.40449E+03
   249    0.33808E+00    0.80248E-03   -0.17253E-01    0.99262E+06    0.40050E+03
   250    0.26078E-01    0.00000E+00    0.72007E-13    0.98675E+06    0.39655E+03
   251   -0.16977E+00   -0.11553E-02    0.18203E-01    0.98091E+06    0.39265E+03
   252   -0.48070E+00   -0.24267E-02    0.36481E-01    0.97509E+06    0.38879E+03
   253   -0.54521E+00   -0.40141E-02    0.53948E-01    0.96929E+06    0.38497E+03
   254   -0.67032E+00   -0.55973E-02    0.71205E-01    0.96352E+06    0.38119E+03
   255   -0.79166E+00   -0.74504E-02    0.88851E-01    0.95778E+06    0.37746E+03
   256   -0.84484E+00   -0.91791E-02    0.10749E+00    0.95206E+06    0.37377E+03
   257   -0.83976E+00   -0.11206E-01    0.11954E+00    0.94637E+06    0.37012E+03
   258   -0.86061E+00   -0.13137E-01    0.13824E+00    0.94071E+06    0.36651E+03
   259   -0.84300E+00   -0.15097E-01    0.14933E+00    0.93508E+06    0.36294E+03
   260   -0.72256E+00   -0.17063E-01    0.16826E+00    0.92948E+06    0.35942E+03
   261   -0.65774E+00   -0.19087E-01    0.17336E+00    0.92391E+06    0.35593E+03
   262   -0.65846E+00   -0.20923E-01    0.18751E+00    0.91837E+06    0.35248E+03
   263   -0.36320E+00   -0.22770E-01    0.20387E+00    0.91287E+06    0.34907E+03
   264   -0.22755E+00   -0.24532E-01    0.21562E+00    0.90741E+06    0.34571E+03
   265   -0.18713E+00   -0.26259E-01    0.21593E+00    0.90198E+06    0.34237E+03
   266   -0.29006E-01   -0.27706E-01    0.22769E+00    0.89659E+06    0.33908E+03
   267    0.14085E-01   -0.29221E-01    0.22921E+00    0.89123E+06    0.33583E+03
   268    0.80804E-01   -0.30410E-01    0.23595E+00    0.88592E+06    0.33261E+03
   269    0.12683E-01   -0.31547E-01    0.24107E+00    0.88064E+06    0.32943E+03
   270    0.96956E-01   -0.32534E-01    0.24519E+00    0.87541E+06    0.32629E+03
   271    0.10087E+00   -0.33424E-01    0.24889E+00    0.87021E+06    0.32318E+03
   272    0.23738E+00   -0.33894E-01    0.24536E+00    0.86506E+06    0.32011E+03
   273    0.27372E+00   -0.34518E-01    0.25005E+00    0.85996E+06    0.31708E+03
   274    0.34857E+00   -0.34678E-01    0.24127E+00    0.85490E+06    0.31408E+03
   275    0.37774E+00   -0.34870E-01    0.24190E+00    0.84988E+06    0.31111E+03
   276    0.49990E+00   -0.34849E-01    0.23027E+00    0.84491E+06    0.30818E+03
   277    0.48229E+00   -0.34591E-01    0.22926E+00    0.83999E+06    0.30528E+03
   278    0.53787E+00   -0.34149E-01    0.21717E+00    0.83512E+06    0.30242E+03
   279    0.58245E+00   -0.33573E-01    0.20206E+00    0.83030E+06    0.29959E+03
   280    0.60612E+00   -0.32841E-01    0.19935E+00    0.82553E+06    0.29680E+03
   281    0.74756E+00   -0.31854E-01    0.18738E+00    0.82081E+06    0.29403E+03
   282    0.69974E+00   -0.30888E-01    0.17418E+00    0.81614E+06    0.29130E+03
   283    0.74987E+00   -0.29696E-01    0.16033E+00    0.81152E+06    0.28860E+03
   284    0.81378E+00   -0.28329E-01    0.14644E+00    0.80696E+06    0.28593E+03
   285    0.88157E+00   -0.26765E-01    0.13312E+00    0.80246E+06    0.28329E+03
   286    0.86904E+00   -0.25130E-01    0.11352E+00    0.79801E+06    0.28069E+03
   287    0.84060E+00   -0.23399E-01    0.10312E+00    0.79362E+06    0.27811E+03
   288    0.86061E+00   -0.21551E-01    0.87651E-01    0.78929E+06    0.27557E+03
   289    0.84489E+00   -0.19636E-01    0.75142E-01    0.78502E+06    0.27305E+03
   290    0.85783E+00   -0.17779E-01    0.66194E-01    0.78081E+06    0.27056E+03
   291    0.88952E+00   -0.15217E-01    0.46550E-01    0.77666E+06    0.26810E+03
   292    0.63293E+00   -0.13038E-01    0.39095E-01    0.77257E+06    0.26568E+03
   293    0.67242E+00   -0.11592E-01    0.22144E-01    0.76855E+06    0.26327E+03
   294    0.55240E+00   -0.93704E-02    0.18583E-01    0.76459E+06    0.26090E+03
   295    0.63438E+00   -0.78354E-02    0.67261E-02    0.76070E+06    0.25855E+03
   296    0.53704E+00   -0.54786E-02    0.20301E-02    0.75687E+06    0.25623E+03
   297    0.47333E+00   -0.45053E-02    0.50950E-02    0.75311E+06    0.25394E+03
   298    0.28478E+00   -0.26641E-02    0.16641E-02    0.74942E+06    0.25167E+03
   299    0.18434E+00   -0.67475E-03   -0.23422E-03    0.74580E+06    0.24943E+03
   300    0.13545E-01    0.00000E+00    0.00000E+00    0.74224E+06    0.24722E+03
   301   -0.16309E+00    0.87705E-03    0.10259E-01    0.73876E+06    0.24503E+03
   302   -0.28049E+00    0.12775E-02    0.30463E-01    0.73535E+06    0.24286E+03
   303   -0.42204E+00    0.20163E-02    0.45537E-01    0.73200E+06    0.24072E+03
   304   -0.59682E+00    0.31656E-02    0.55267E-01    0.72871E+06    0.23861E+03
   305   -0.73962E+00    0.33118E-02    0.74293E-01    0.72547E+06    0.23652E+03
   306   -0.93381E+00    0.32699E-02    0.94968E-01    0.72229E+06    0.23445E+03
   307   -0.11142E+01    0.31120E-02    0.10965E+00    0.71915E+06    0.23240E+03
   308   -0.12899E+01    0.43959E-02    0.14041E+00    0.71606E+06    0.23038E+03
   309   -0.13956E+01    0.42224E-02    0.15731E+00    0.71301E+06    0.22839E+03
   310   -0.15891E+01    0.34063E-02    0.18242E+00    0.71000E+06    0.22641E+03
   311   -0.17308E+01    0.42485E-02    0.20067E+00    0.70702E+06    0.22446E+03
   312   -0.18299E+01    0.38496E-02    0.22671E+00    0.70407E+06    0.22253E+03
   313   -0.19697E+01    0.37674E-02    0.24545E+00    0.70115E+06    0.22062E+03
   314   -0.20849E+01    0.40740E-02    0.27154E+00    0.69824E+06    0.21874E+03
   315   -0.21848E+01    0.33559E-02    0.28990E+00    0.69536E+06    0.21687E+03
   316   -0.22783E+01    0.31709E-02    0.30775E+00    0.69248E+06    0.21503E+03
   317   -0.23745E+01    0.21055E-02    0.32487E+00    0.68962E+06    0.21321E+03
   318   -0.24826E+01    0.24602E-02    0.34105E+00    0.68676E+06    0.21141E+03
   319   -0.25374E+01    0.20787E-02    0.35606E+00    0.68391E+06    0.20963E+03
   320   -0.25478E+01    0.17759E-02    0.37712E+00    0.68105E+06    0.20787E+03
   321   -0.25974E+01    0.23668E-02    0.38916E+00    0.67819E+06    0.20613E+03
   322   -0.26208E+01    0.16949E-02    0.39938E+00    0.67532E+06    0.20442E+03
   323   -0.26272E+01    0.13182E-02    0.40758E+00    0.67244E+06    0.20272E+03
   324   -0.26257E+01    0.20516E-02    0.40610E+00    0.66954E+06    0.20104E+03
   325   -0.25510E+01    0.25286E-03    0.41702E+00    0.66662E+06    0.19938E+03
   326   -0.25608E+01    0.45130E-03    0.41041E+00    0.66368E+06    0.19774E+03
   327   -0.25157E+01    0.49047E-03    0.40833E+00    0.66070E+06    0.19611E+03
   328   -0.24246E+01   -0.30035E-03    0.41057E+00    0.65770E+06    0.19451E+03
   329   -0.23711E+01   -0.36335E-03    0.40205E+00    0.65466E+06    0.19292E+03
   330   -0.22898E+01   -0.11121E-02    0.38999E+00    0.65157E+06    0.19136E+03
   331   -0.21156E+01   -0.17316E-02    0.38160E+00    0.64845E+06    0.18981E+03
   332   -0.20061E+01   -0.14070E-02    0.37666E+00    0.64528E+06    0.18827E+03
   333   -0.18962E+01   -0.15517E-02    0.36752E+00    0.64205E+06    0.18676E+03
   334   -0.17206E+01   -0.13509E-02    0.35398E+00    0.63877E+06    0.18526E+03
   335   -0.16370E+01   -0.22180E-02    0.33582E+00    0.63544E+06    0.18378E+03
   336   -0.15058E+01   -0.25953E-02    0.32024E+00    0.63204E+06    0.18231E+03
   337   -0.13363E+01   -0.24107E-02    0.29217E+00    0.62857E+06    0.18087E+03
   338   -0.12117E+01   -0.30777E-02    0.27369E+00    0.62503E+06    0.17943E+03
   339   -0.99256E+00   -0.22956E-02    0.24972E+00    0.62142E+06    0.17802E+03
   340   -0.83655E+00   -0.22210E-02    0.23489E+00    0.61773E+06    0.17662E+03
   341   -0.75274E+00   -0.27816E-02    0.20672E+00    0.61396E+06    0.17523E+03
   342   -0.60165E+00   -0.16768E-02    0.17983E+00    0.61010E+06    0.17386E+03
   343   -0.46665E+00   -0.18059E-02    0.15401E+00    0.60615E+06    0.17250E+03
   344   -0.28254E+00   -0.16110E-02    0.12905E+00    0.60211E+06    0.17116E+03
   345   -0.20697E+00   -0.17629E-02    0.10473E+00    0.59797E+06    0.16983E+03
   346   -0.10045E+00   -0.70383E-03    0.88264E-01    0.59373E+06    0.16852E+03
   347   -0.46354E-01   -0.59009E-03    0.64572E-01    0.58939E+06    0.16722E+03
   348    0.20516E-01   -0.60675E-03    0.40871E-01    0.58493E+06    0.16593E+03
   349    0.16794E-01    0.61127E-04    0.16943E-01    0.58037E+06    0.16466E+03
   350    0.76804E-02    0.00000E+00    0.00000E+00    0.57569E+06    0.16340E+03
   351    0.13395E+00    0.76342E-03   -0.17693E-01    0.57089E+06    0.16216E+03
   352    0.21545E-01    0.16595E-02   -0.36808E-01    0.56598E+06    0.16092E+03
   353   -0.33734E-01    0.19922E-02   -0.43252E-01    0.56098E+06    0.15970E+03
   354   -0.18180E+00    0.25510E-02   -0.60074E-01    0.55590E+06    0.15849E+03
   355   -0.27543E+00    0.33826E-02   -0.73179E-01    0.55075E+06    0.15729E+03
   356   -0.39024E+00    0.45338E-02   -0.75903E-01    0.54555E+06    0.15611E+03
   357   -0.52759E+00    0.53084E-02   -0.83866E-01    0.54031E+06    0.15494E+03
   358   -0.61452E+00    0.50104E-02   -0.82973E-01    0.53504E+06    0.15378E+03
   359   -0.80096E+00    0.51721E-02   -0.88846E-01    0.52976E+06    0.15263E+03
   360   -0.93966E+00    0.58403E-02   -0.91104E-01    0.52447E+06    0.15149E+03
   361   -0.11063E+01    0.63189E-02   -0.94968E-01    0.51920E+06    0.15036E+03
   362   -0.12278E+01    0.66545E-02   -0.98230E-01    0.51396E+06    0.14925E+03
   363   -0.13800E+01    0.76368E-02   -0.99424E-01    0.50875E+06    0.14815E+03
   364   -0.14898E+01    0.70839E-02   -0.10303E+00    0.50359E+06    0.14705E+03
   365   -0.16328E+01    0.72711E-02   -0.10386E+00    0.49851E+06    0.14597E+03
   366   -0.17362E+01    0.75022E-02   -0.10566E+00    0.49350E+06    0.14490E+03
   367   -0.18013E+01    0.63384E-02   -0.10696E+00    0.48858E+06    0.14384E+03
   368   -0.19779E+01    0.60549E-02   -0.10704E+00    0.48377E+06    0.14279E+03
   369   -0.19703E+01    0.59554E-02   -0.10888E+00    0.47907E+06    0.14176E+03
   370   -0.20027E+01    0.53441E-02   -0.10806E+00    0.47451E+06    0.14073E+03
   371   -0.20764E+01    0.42674E-02   -0.10905E+00    0.47010E+06    0.13971E+03
   372   -0.21185E+01    0.35151E-02   -0.10815E+00    0.46584E+06    0.13870E+03
   373   -0.21304E+01    0.23910E-02   -0.10911E+00    0.46175E+06    0.13770E+03
   374   -0.21133E+01    0.16846E-02   -0.10896E+00    0.45785E+06    0.13671E+03
   375   -0.21428E+01    0.69991E-03   -0.10848E+00    0.45415E+06    0.13574E+03
   376   -0.20719E+01    0.22640E-03   -0.10842E+00    0.45066E+06    0.13477E+03
   377   -0.19760E+01   -0.11748E-02   -0.10658E+00    0.44740E+06    0.13381E+03
   378   -0.19309E+01   -0.27143E-02   -0.10670E+00    0.44437E+06    0.13286E+03
   379   -0.18635E+01   -0.36023E-02   -0.10507E+00    0.44159E+06    0.13192E+03
   380   -0.17010E+01   -0.37922E-02   -0.10469E+00    0.43908E+06    0.13098E+03
   381   -0.15932E+01   -0.69515E-02   -0.10335E+00    0.43685E+06    0.13006E+03
   382   -0.15415E+01   -0.78336E-02   -0.10108E+00    0.43491E+06    0.12914E+03
   383   -0.13987E+01   -0.93631E-02   -0.10012E+00    0.43327E+06    0.12824E+03
   384   -0.11661E+01   -0.11493E-01   -0.97518E-01    0.43196E+06    0.12734E+03
   385   -0.10678E+01   -0.11949E-01   -0.95526E-01    0.43097E+06    0.12645E+03
   386   -0.88249E+00   -0.12912E-01   -0.92679E-01    0.43033E+06    0.12557E+03
   387   -0.75995E+00   -0.14335E-01   -0.89739E-01    0.43004E+06    0.12470E+03
   388   -0.62726E+00   -0.15429E-01   -0.85984E-01    0.43013E+06    0.12383E+03
   389   -0.48577E+00   -0.18376E-01   -0.82178E-01    0.43060E+06    0.12298E+03
   390   -0.33683E+00   -0.17929E-01   -0.76854E-01    0.43146E+06    0.12213E+03
   391   -0.18177E+00   -0.18499E-01   -0.72262E-01    0.43274E+06    0.12128E+03
   392   -0.96222E-01   -0.17067E-01   -0.66193E-01    0.43445E+06    0.12045E+03
   393    0.67042E-01   -0.16558E-01   -0.60155E-01    0.43659E+06    0.11962E+03
   394    0.15811E+00   -0.15439E-01   -0.52680E-01    0.43918E+06    0.11880E+03
   395    0.17564E+00   -0.14407E-01   -0.46019E-01    0.44223E+06    0.11799E+03
   396    0.26686E+00   -0.12673E-01   -0.37369E-01    0.44577E+06    0.11718E+03
   397    0.20758E+00   -0.10189E-01   -0.28831E-01    0.44979E+06    0.11638E+03
   398    0.21930E+00   -0.76510E-02   -0.19829E-01    0.45432E+06    0.11559E+03
   399    0.15211E+00   -0.42704E-02   -0.10259E-01    0.45936E+06    0.11480E+03
   400    0.46718E-02    0.00000E+00    0.00000E+00    0.46493E+06    0.11402E+03
   401   -0.14856E+00    0.44423E-02    0.10795E-01    0.47105E+06    0.11325E+03
   402   -0.30139E+00    0.89950E-02    0.22317E-01    0.47768E+06    0.11248E+03
   403   -0.52038E+00    0.15060E-01    0.34445E-01    0.48482E+06    0.11172E+03
   404   -0.79782E+00    0.21069E-01    0.48024E-01    0.49243E+06    0.11096E+03
   405   -0.10517E+01    0.26938E-01    0.61523E-01    0.50050E+06    0.11022E+03
   406   -0.14229E+01    0.34070E-01    0.76456E-01    0.50901E+06    0.10947E+03
   407   -0.17551E+01    0.40895E-01    0.90621E-01    0.51793E+06    0.10873E+03
   408   -0.21149E+01    0.48074E-01    0.10776E+00    0.52724E+06    0.10800E+03
   409   -0.24203E+01    0.56265E-01    0.12493E+00    0.53692E+06    0.10728E+03
   410   -0.28122E+01    0.63157E-01    0.14217E+00    0.54696E+06    0.10656E+03
   411   -0.31342E+01    0.70895E-01    0.16097E+00    0.55732E+06    0.10584E+03
   412   -0.35272E+01    0.78652E-01    0.17990E+00    0.56798E+06    0.10514E+03
   413   -0.39093E+01    0.86346E-01    0.19971E+00    0.57893E+06    0.10443E+03
   414   -0.43469E+01    0.93893E-01    0.21969E+00    0.59015E+06    0.10374E+03
   415   -0.46839E+01    0.10195E+00    0.24136E+00    0.60160E+06    0.10305E+03
   416   -0.50610E+01    0.10896E+00    0.26252E+00    0.61327E+06    0.10236E+03
   417   -0.54705E+01    0.11630E+00    0.28318E+00    0.62514E+06    0.10168E+03
   418   -0.58305E+01    0.12169E+00    0.30562E+00    0.63719E+06    0.10101E+03
   419   -0.61333E+01    0.12799E+00    0.32838E+00    0.64939E+06    0.10034E+03
   420   -0.64454E+01    0.13439E+00    0.35073E+00    0.66173E+06    0.99673E+02
   421   -0.66847E+01    0.14007E+00    0.37345E+00    0.67417E+06    0.99015E+02
   422   -0.69180E+01    0.14492E+00    0.39508E+00    0.68671E+06    0.98362E+02
   423   -0.72116E+01    0.14888E+00    0.41714E+00    0.69931E+06    0.97714E+02
   424   -0.74838E+01    0.15261E+00    0.43816E+00    0.71196E+06    0.97072E+02
   425   -0.76524E+01    0.15526E+00    0.45967E+00    0.72464E+06    0.96435E+02
   426   -0.77840E+01    0.15826E+00    0.48020E+00    0.73732E+06    0.95803E+02
   427   -0.79452E+01    0.16003E+00    0.49830E+00    0.74998E+06    0.95176E+02
   428   -0.80539E+01    0.16123E+00    0.51696E+00    0.76260E+06    0.94554E+02
   429   -0.81769E+01    0.16177E+00    0.53399E+00    0.77516E+06    0.93937E+02
   430   -0.81577E+01    0.16232E+00    0.54867E+00    0.78763E+06    0.93326E+02
   431   -0.81373E+01    0.16130E+00    0.56177E+00    0.80000E+06    0.92719E+02
   432   -0.81822E+01    0.15938E+00    0.57184E+00    0.81225E+06    0.92117E+02
   433   -0.80618E+01    0.15796E+00    0.58112E+00    0.82434E+06    0.91520E+02
   434   -0.79912E+01    0.15472E+00    0.58595E+00    0.83627E+06    0.90928E+02
   435   -0.78886E+01    0.15182E+00    0.58782E+00    0.84801E+06    0.90340E+02
   436   -0.76718E+01    0.14768E+00    0.58602E+00    0.85953E+06    0.89757E+02
   437   -0.74075E+01    0.14222E+00    0.58133E+00    0.87082E+06    0.89179E+02
   438   -0.71622E+01    0.13609E+00    0.57303E+00    0.88185E+06    0.88606E+02
   439   -0.67797E+01    0.12997E+00    0.55891E+00    0.89260E+06    0.88037E+02
   440   -0.64007E+01    0.12227E+00    0.54125E+00    0.90306E+06    0.87473E+02
   441   -0.59433E+01    0.11366E+00    0.51708E+00    0.91319E+06    0.86913E+02
   442   -0.55484E+01    0.10406E+00    0.48794E+00    0.92298E+06    0.86358E+02
   443   -0.49853E+01    0.94122E-01    0.45235E+00    0.93241E+06    0.85807E+02
   444   -0.43950E+01    0.83765E-01    0.41109E+00    0.94145E+06    0.85261E+02
   445   -0.37697E+01    0.70679E-01    0.36271E+00    0.95008E+06    0.84719E+02
   446   -0.31760E+01    0.58492E-01    0.30797E+00    0.95828E+06    0.84181E+02
   447   -0.24576E+01    0.45638E-01    0.24393E+00    0.96604E+06    0.83648E+02
   448   -0.17553E+01    0.30545E-01    0.17136E+00    0.97332E+06    0.83118E+02
   449   -0.91296E+00    0.15360E-01    0.91029E-01    0.98010E+06    0.82593E+02
   450    0.29641E-02    0.00000E+00    0.00000E+00    0.98638E+06    0.82072E+02
   451    0.92481E+00   -0.17093E-01   -0.99948E-01    0.99212E+06    0.81555E+02
   452    0.18550E+01   -0.34455E-01   -0.21041E+00    0.99733E+06    0.81042E+02
   453    0.29434E+01   -0.52095E-01   -0.32828E+00    0.10020E+07    0.80533E+02
   454    0.39685E+01   -0.70766E-01   -0.45412E+00    0.10062E+07    0.80028E+02
   455    0.50061E+01   -0.89735E-01   -0.58705E+00    0.10099E+07    0.79527E+02
   456    0.62058E+01   -0.10975E+00   -0.71948E+00    0.10131E+07    0.79029E+02
   457    0.72721E+01   -0.12935E+00   -0.86463E+00    0.10159E+07    0.78535E+02
   458    0.84291E+01   -0.14927E+00   -0.10030E+01    0.10182E+07    0.78045E+02
   459    0.96038E+01   -0.16878E+00   -0.11494E+01    0.10200E+07    0.77558E+02
   460    0.10798E+02   -0.18938E+00   -0.12969E+01    0.10214E+07    0.77074E+02
   461    0.11938E+02   -0.20960E+00   -0.14453E+01    0.10223E+07    0.76593E+02
   462    0.13099E+02   -0.23018E+00   -0.15879E+01    0.10229E+07    0.76116E+02
   463    0.14210E+02   -0.24965E+00   -0.17422E+01    0.10230E+07    0.75642E+02
   464    0.15271E+02   -0.26877E+00   -0.18778E+01    0.10227E+07    0.75171E+02
   465    0.16283E+02   -0.28753E+00   -0.20233E+01    0.10221E+07    0.74703E+02
   466    0.17323E+02   -0.30670E+00   -0.21557E+01    0.10211E+07    0.74237E+02
   467    0.18391E+02   -0.32480E+00   -0.22888E+01    0.10197E+07    0.73775E+02
   468    0.19340E+02   -0.34183E+00   -0.24144E+01    0.10179E+07    0.73315E+02
   469    0.20246E+02   -0.35930E+00   -0.25390E+01    0.10158E+07    0.72857E+02
   470    0.21185E+02   -0.37498E+00   -0.26542E+01    0.10134E+07    0.72403E+02
   471    0.21861E+02   -0.38889E+00   -0.27592E+01    0.10107E+07    0.71950E+02
   472    0.22646E+02   -0.40251E+00   -0.28606E+01    0.10076E+07    0.71501E+02
   473    0.23319E+02   -0.41513E+00   -0.29498E+01    0.10042E+07    0.71053E+02
   474    0.23956E+02   -0.42599E+00   -0.30336E+01    0.10006E+07    0.70608E+02
   475    0.24558E+02   -0.43661E+00   -0.31036E+01    0.99665E+06    0.70164E+02
   476    0.24977E+02   -0.44475E+00   -0.31610E+01    0.99245E+06    0.69723E+02
   477    0.25290E+02   -0.45192E+00   -0.32148E+01    0.98800E+06    0.69284E+02
   478    0.25573E+02   -0.45812E+00   -0.32453E+01    0.98330E+06    0.68846E+02
   479    0.25751E+02   -0.46188E+00   -0.32762E+01    0.97836E+06    0.68411E+02
   480    0.25826E+02   -0.46395E+00   -0.32874E+01    0.97319E+06    0.67977E+02
   481    0.25801E+02   -0.46435E+00   -0.32816E+01    0.96781E+06    0.67545E+02
   482    0.25750E+02   -0.46233E+00   -0.32638E+01    0.96223E+06    0.67114E+02
   483    0.25451E+02   -0.45865E+00   -0.32355E+01    0.95645E+06    0.66685E+02
   484    0.24982E+02   -0.45258E+00   -0.31897E+01    0.95049E+06    0.66257E+02
   485    0.24565E+02   -0.44487E+00   -0.31271E+01    0.94436E+06    0.65831E+02
   486    0.23979E+02   -0.43404E+00   -0.30489E+01    0.93807E+06    0.65405E+02
   487    0.23226E+02   -0.42085E+00   -0.29543E+01    0.93162E+06    0.64981E+02
   488    0.22307E+02   -0.40604E+00   -0.28417E+01    0.92504E+06    0.64558E+02
   489    0.21297E+02   -0.38815E+00   -0.27116E+01    0.91833E+06    0.64136E+02
   490    0.20198E+02   -0.36718E+00   -0.25625E+01    0.91150E+06    0.63715E+02
   491    0.18789E+02   -0.34389E+00   -0.23962E+01    0.90456E+06    0.63294E+02
   492    0.17368E+02   -0.31754E+00   -0.22113E+01    0.89753E+06    0.62875E+02
   493    0.15787E+02   -0.28962E+00   -0.20054E+01    0.89041E+06    0.62456E+02
   494    0.14048E+02   -0.25718E+00   -0.17812E+01    0.88321E+06    0.62037E+02
   495    0.12078E+02   -0.22245E+00   -0.15364E+01    0.87595E+06    0.61620E+02
   496    0.99535E+01   -0.18396E+00   -0.12716E+01    0.86864E+06    0.61202E+02
   497    0.76746E+01   -0.14246E+00   -0.98510E+00    0.86128E+06    0.60785E+02
   498    0.52431E+01   -0.98705E-01   -0.67901E+00    0.85389E+06    0.60368E+02
   499    0.27346E+01   -0.50472E-01   -0.34946E+00    0.84648E+06    0.59951E+02
   500    0.19244E-02    0.00000E+00    0.00000E+00    0.83906E+06    0.59535E+02
