#    L    TT             EE             TE             PP             TP          
     2    0.32282E+03    0.73648E-10   -0.11507E-04    0.93265E+06    0.32349E+05
     3    0.22668E+03    0.22699E-10    0.74939E-05    0.14302E+07    0.36203E+05
     4    0.17060E+03    0.61046E-11    0.60582E-05    0.18666E+07    0.37511E+05
     5    0.13426E+03    0.20527E-11    0.30635E-05    0.22474E+07    0.37605E+05
     6    0.10898E+03    0.84746E-12    0.28536E-05    0.25794E+07    0.37064E+05
     7    0.90492E+02    0.56635E-12    0.39223E-05    0.28693E+07    0.36186E+05
     8    0.76468E+02    0.58950E-12    0.42019E-05    0.31231E+07    0.35131E+05
     9    0.65532E+02    0.48034E-12    0.32648E-05    0.33461E+07    0.33994E+05
    10    0.56802E+02    0.24704E-12    0.19401E-05    0.35419E+07    0.32824E+05
    11    0.49715E+02    0.92580E-13    0.10535E-05    0.37149E+07    0.31660E+05
    12    0.44010E+02    0.10382E-03   -0.23715E-03    0.38669E+07    0.30512E+05
    13    0.38962E+02    0.10449E-12    0.95151E-06    0.40004E+07    0.29391E+05
    14    0.34779E+02   -0.27194E-04    0.79635E-04    0.41179E+07    0.28307E+05
    15    0.31285E+02    0.12016E-12    0.11340E-05    0.42211E+07    0.27265E+05
    16    0.28209E+02   -0.22586E-04    0.32409E-03    0.43113E+07    0.26263E+05
    17    0.25599E+02    0.61420E-13    0.68799E-06    0.43902E+07    0.25304E+05
    18    0.22858E+02    0.11488E-04   -0.52563E-03    0.44588E+07    0.24386E+05
    19    0.21267E+02    0.27997E-13    0.28824E-06    0.45179E+07    0.23508E+05
    20    0.19515E+02    0.10034E-04   -0.10655E-04    0.45682E+07    0.22667E+05
    21    0.17886E+02    0.23783E-13    0.31922E-06    0.46107E+07    0.21863E+05
    22    0.16513E+02   -0.67106E-05   -0.42682E-04    0.46463E+07    0.21095E+05
    23    0.15200E+02    0.64732E-13    0.54586E-06    0.46757E+07    0.20361E+05
    24    0.14038E+02   -0.45945E-05    0.19327E-03    0.46991E+07    0.19659E+05
    25    0.13033E+02    0.10349E-12    0.64720E-06    0.47171E+07    0.18987E+05
    26    0.12050E+02    0.45677E-05    0.17381E-03    0.47304E+07    0.18345E+05
    27    0.11262E+02    0.86141E-13    0.53818E-06    0.47393E+07    0.17731E+05
    28    0.10469E+02    0.62322E-06   -0.24430E-03    0.47442E+07    0.17143E+05
    29    0.97977E+01    0.45839E-13    0.32485E-06    0.47453E+07    0.16580E+05
    30    0.92290E+01   -0.21393E-05    0.16706E-04    0.47426E+07    0.16039E+05
    31    0.85731E+01    0.25511E-13    0.13891E-06    0.47367E+07    0.15521E+05
    32    0.80040E+01    0.18985E-05    0.16031E-03    0.47281E+07    0.15024E+05
    33    0.75419E+01    0.20686E-13    0.50158E-07    0.47168E+07    0.14548E+05
    34    0.70693E+01    0.58091E-06   -0.27666E-03    0.47032E+07    0.14091E+05
    35    0.66669E+01    0.16771E-13    0.58626E-07    0.46874E+07    0.13652E+05
    36    0.63341E+01   -0.13653E-06    0.46383E-03    0.46696E+07    0.13231E+05
    37    0.59192E+01    0.15318E-13    0.12156E-06    0.46499E+07    0.12827E+05
    38    0.55611E+01    0.41830E-05   -0.55392E-03    0.46286E+07    0.12438E+05
    39    0.53010E+01    0.55145E-05   -0.64611E-03    0.46058E+07    0.12065E+05
    40    0.49887E+01    0.26417E-13    0.21539E-06    0.45815E+07    0.11705E+05
    41    0.48280E+01   -0.10177E-04    0.12921E-02    0.45559E+07    0.11360E+05
    42    0.45811E+01   -0.18179E-04    0.24752E-02    0.45291E+07    0.11027E+05
    43    0.43640E+01   -0.16190E-04    0.26483E-02    0.45012E+07    0.10706E+05
    44    0.39960E+01   -0.11250E-04    0.18018E-02    0.44723E+07    0.10398E+05
    45    0.38158E+01    0.31855E-13    0.21297E-06    0.44425E+07    0.10101E+05
    46    0.37246E+01    0.21386E-04   -0.44408E-02    0.44120E+07    0.98142E+04
    47    0.35804E+01    0.45231E-04   -0.10322E-01    0.43807E+07    0.95381E+04
    48    0.33232E+01    0.68040E-04   -0.13066E-01    0.43489E+07    0.92720E+04
    49    0.30416E+01    0.64032E-04   -0.86922E-02    0.43165E+07    0.90154E+04
    50    0.29726E+01    0.97978E-14    0.95931E-07    0.42837E+07    0.87679E+04
    51    0.29029E+01   -0.15865E-03    0.87114E-02    0.42504E+07    0.85291E+04
    52    0.30446E+01   -0.32573E-03    0.12776E-01    0.42169E+07    0.82986E+04
    53    0.30106E+01   -0.34961E-03    0.92855E-02    0.41830E+07    0.80761E+04
    54    0.27108E+01   -0.23463E-03    0.33016E-02    0.41488E+07    0.78614E+04
    55    0.23526E+01    0.40551E-14    0.24874E-07    0.41145E+07    0.76539E+04
    56    0.21477E+01    0.21343E-03   -0.17291E-02    0.40800E+07    0.74535E+04
    57    0.20304E+01    0.29820E-03   -0.18358E-02    0.40454E+07    0.72597E+04
    58    0.20134E+01    0.26287E-03   -0.12124E-02    0.40106E+07    0.70725E+04
    59    0.19614E+01    0.14575E-03   -0.77348E-03    0.39758E+07    0.68914E+04
    60    0.18874E+01    0.26018E-14    0.22859E-07    0.39409E+07    0.67163E+04
    61    0.20977E+01   -0.80085E-04    0.18113E-02    0.39060E+07    0.65468E+04
    62    0.19917E+01   -0.10301E-03    0.37228E-02    0.38712E+07    0.63828E+04
    63    0.17823E+01   -0.10297E-03    0.47585E-02    0.38363E+07    0.62240E+04
    64    0.17564E+01   -0.62183E-04    0.37191E-02    0.38015E+07    0.60703E+04
    65    0.15324E+01    0.56255E-14    0.43902E-07    0.37668E+07    0.59216E+04
    66    0.13970E+01    0.21984E-04   -0.46037E-02    0.37323E+07    0.57776E+04
    67    0.11887E+01    0.10896E-04   -0.77600E-02    0.36979E+07    0.56381E+04
    68    0.11916E+01    0.13330E-04   -0.83024E-02    0.36637E+07    0.55030E+04
    69    0.11695E+01   -0.58331E-05   -0.49903E-02    0.36297E+07    0.53722E+04
    70    0.12579E+01    0.85321E-14    0.48852E-07    0.35958E+07    0.52454E+04
    71    0.13008E+01    0.25785E-04    0.38996E-02    0.35622E+07    0.51225E+04
    72    0.13151E+01    0.53062E-04    0.55055E-02    0.35288E+07    0.50033E+04
    73    0.12493E+01    0.56304E-04    0.45079E-02    0.34956E+07    0.48878E+04
    74    0.11262E+01    0.32269E-04    0.20827E-02    0.34626E+07    0.47757E+04
    75    0.10427E+01    0.48286E-14    0.37137E-07    0.34299E+07    0.46670E+04
    76    0.94007E+00   -0.30693E-04   -0.95234E-03    0.33974E+07    0.45615E+04
    77    0.87837E+00   -0.57223E-04   -0.10189E-02    0.33651E+07    0.44591E+04
    78    0.91035E+00   -0.41664E-04   -0.21692E-02    0.33331E+07    0.43596E+04
    79    0.86590E+00   -0.27803E-04   -0.11730E-02    0.33013E+07    0.42631E+04
    80    0.87206E+00    0.20627E-14    0.23420E-07    0.32698E+07    0.41694E+04
    81    0.83756E+00    0.27379E-05    0.31531E-03    0.32386E+07    0.40783E+04
    82    0.83796E+00    0.12525E-04    0.24967E-03    0.32078E+07    0.39900E+04
    83    0.80479E+00    0.14258E-04   -0.27075E-03    0.31772E+07    0.39041E+04
    84    0.81818E+00    0.15117E-04    0.16587E-03    0.31470E+07    0.38208E+04
    85    0.73538E+00    0.16877E-14    0.15506E-07    0.31171E+07    0.37398E+04
    86    0.63577E+00   -0.80104E-05   -0.13641E-03    0.30875E+07    0.36611E+04
    87    0.74436E+00   -0.26216E-04    0.24021E-03    0.30583E+07    0.35847E+04
    88    0.61686E+00   -0.26302E-04    0.83362E-03    0.30294E+07    0.35104E+04
    89    0.62611E+00   -0.96688E-05   -0.13813E-03    0.30008E+07    0.34382E+04
    90    0.62495E+00    0.10313E-14    0.12272E-07    0.29727E+07    0.33680E+04
    91    0.54089E+00    0.88892E-05    0.16983E-03    0.29448E+07    0.32996E+04
    92    0.52575E+00    0.16379E-04    0.62229E-03    0.29173E+07    0.32331E+04
    93    0.58315E+00    0.29435E-04    0.82642E-03    0.28901E+07    0.31684E+04
    94    0.49387E+00    0.25308E-04    0.17369E-02    0.28633E+07    0.31055E+04
    95    0.48439E+00    0.18391E-04    0.20800E-02    0.28368E+07    0.30442E+04
    96    0.26120E+00    0.82198E-05    0.20674E-02    0.28107E+07    0.29846E+04
    97    0.27361E+00   -0.56680E-05    0.19112E-02    0.27849E+07    0.29266E+04
    98    0.30241E+00   -0.16308E-04    0.33087E-02    0.27594E+07    0.28702E+04
    99    0.20266E+00   -0.46450E-04    0.27578E-02    0.27342E+07    0.28153E+04
   100    0.20082E+00   -0.81699E-04    0.41844E-02    0.27093E+07    0.27619E+04
   101    0.15196E+00   -0.48236E-04    0.40862E-02    0.26848E+07    0.27099E+04
   102    0.43112E+00   -0.80235E-04    0.41607E-02    0.26606E+07    0.26593E+04
   103    0.44766E+00   -0.89020E-04    0.31342E-02    0.26367E+07    0.26100E+04
   104    0.50233E+00   -0.60196E-04    0.34469E-02    0.26131E+07    0.25620E+04
   105    0.52447E+00   -0.53656E-04    0.30823E-02    0.25899E+07    0.25153E+04
   106    0.59200E+00    0.19279E-04    0.22523E-02    0.25669E+07    0.24697E+04
   107    0.41140E+00    0.24434E-04    0.19114E-02    0.25443E+07    0.24253E+04
   108    0.43201E+00    0.50485E-04    0.78595E-03    0.25219E+07    0.23821E+04
   109    0.43458E+00    0.37543E-04   -0.16942E-03    0.24998E+07    0.23398E+04
   110    0.34848E+00    0.37504E-15    0.48886E-08    0.24781E+07    0.22986E+04
   111    0.25229E+00    0.25783E-04   -0.72092E-03    0.24566E+07    0.22584E+04
   112    0.15312E+00    0.51254E-04   -0.21128E-02    0.24354E+07    0.22191E+04
   113    0.13306E+00    0.86308E-04   -0.32119E-02    0.24146E+07    0.21808E+04
   114    0.51337E-01    0.66557E-04   -0.37972E-02    0.23940E+07    0.21433E+04
   115    0.64310E-01    0.15046E-03   -0.43908E-02    0.23736E+07    0.21068E+04
   116   -0.43070E-01    0.12507E-03   -0.47717E-02    0.23536E+07    0.20711E+04
   117    0.34130E-01    0.74553E-04   -0.47190E-02    0.23338E+07    0.20363E+04
   118    0.15514E+00    0.15738E-03   -0.54974E-02    0.23143E+07    0.20022E+04
   119    0.17919E+00    0.23488E-03   -0.54004E-02    0.22951E+07    0.19690E+04
   120    0.26265E+00    0.16838E-03   -0.49499E-02    0.22761E+07    0.19366E+04
   121    0.26474E+00    0.26490E-03   -0.46678E-02    0.22574E+07    0.19049E+04
   122    0.26756E+00    0.23721E-03   -0.43333E-02    0.22390E+07    0.18740E+04
   123    0.27889E+00    0.16949E-03   -0.44681E-02    0.22208E+07    0.18438E+04
   124    0.30653E+00    0.14592E-03   -0.26230E-02    0.22028E+07    0.18142E+04
   125    0.28400E+00    0.10210E-03   -0.15484E-02    0.21851E+07    0.17854E+04
   126    0.29339E+00    0.12222E-03   -0.10233E-02    0.21677E+07    0.17572E+04
   127    0.26820E+00    0.67608E-04   -0.82677E-03    0.21505E+07    0.17296E+04
   128    0.21623E+00    0.96719E-04   -0.73800E-03    0.21335E+07    0.17027E+04
   129    0.21957E+00    0.70884E-04   -0.53605E-03    0.21167E+07    0.16764E+04
   130    0.21173E+00    0.22502E-14    0.77681E-08    0.21002E+07    0.16506E+04
   131    0.20084E+00    0.40701E-04   -0.11275E-02    0.20839E+07    0.16254E+04
   132    0.27066E+00    0.45184E-04   -0.14194E-02    0.20679E+07    0.16007E+04
   133    0.28243E+00    0.86669E-04   -0.35664E-02    0.20520E+07    0.15765E+04
   134    0.32023E+00    0.16409E-03   -0.35737E-02    0.20364E+07    0.15529E+04
   135    0.39388E+00    0.20211E-03   -0.48750E-02    0.20210E+07    0.15297E+04
   136    0.36461E+00    0.19965E-03   -0.42183E-02    0.20058E+07    0.15071E+04
   137    0.39079E+00    0.22994E-03   -0.42943E-02    0.19908E+07    0.14849E+04
   138    0.40796E+00    0.21763E-03   -0.40796E-02    0.19760E+07    0.14632E+04
   139    0.27734E+00    0.31022E-03   -0.32936E-02    0.19614E+07    0.14419E+04
   140    0.30589E+00    0.28381E-03   -0.31413E-02    0.19470E+07    0.14211E+04
   141    0.20627E+00    0.21161E-03   -0.18566E-02    0.19327E+07    0.14008E+04
   142    0.21113E+00    0.16683E-03   -0.64437E-03    0.19187E+07    0.13808E+04
   143    0.25601E+00    0.14843E-03    0.33036E-04    0.19049E+07    0.13613E+04
   144    0.20215E+00    0.81045E-04    0.45625E-03    0.18912E+07    0.13421E+04
   145    0.13362E+00    0.11218E-03    0.90586E-03    0.18777E+07    0.13233E+04
   146    0.28309E+00    0.17933E-04    0.91965E-03    0.18643E+07    0.13050E+04
   147    0.21467E+00    0.20080E-04    0.15210E-02    0.18512E+07    0.12869E+04
   148    0.16101E+00   -0.31007E-04    0.76213E-03    0.18382E+07    0.12692E+04
   149    0.20620E+00   -0.62107E-04   -0.33364E-03    0.18253E+07    0.12519E+04
   150    0.13720E+00    0.18752E-15    0.11840E-08    0.18126E+07    0.12349E+04
   151    0.11206E+00    0.77267E-04   -0.16144E-02    0.18001E+07    0.12181E+04
   152   -0.95714E-02    0.80850E-04   -0.38724E-02    0.17877E+07    0.12017E+04
   153   -0.71230E-01    0.14206E-03   -0.46709E-02    0.17754E+07    0.11856E+04
   154   -0.13931E+00    0.24362E-03   -0.63636E-02    0.17633E+07    0.11698E+04
   155   -0.20591E+00    0.36829E-03   -0.83328E-02    0.17514E+07    0.11543E+04
   156   -0.41170E+00    0.49880E-03   -0.10704E-01    0.17396E+07    0.11391E+04
   157   -0.45166E+00    0.61790E-03   -0.12116E-01    0.17279E+07    0.11241E+04
   158   -0.54074E+00    0.78259E-03   -0.13437E-01    0.17163E+07    0.11094E+04
   159   -0.67105E+00    0.82706E-03   -0.14794E-01    0.17049E+07    0.10950E+04
   160   -0.76040E+00    0.88262E-03   -0.14824E-01    0.16936E+07    0.10809E+04
   161   -0.80091E+00    0.10063E-02   -0.15139E-01    0.16824E+07    0.10670E+04
   162   -0.85896E+00    0.10322E-02   -0.15864E-01    0.16714E+07    0.10533E+04
   163   -0.77809E+00    0.10175E-02   -0.15639E-01    0.16605E+07    0.10399E+04
   164   -0.84754E+00    0.10190E-02   -0.16075E-01    0.16497E+07    0.10267E+04
   165   -0.76228E+00    0.94538E-03   -0.15068E-01    0.16390E+07    0.10138E+04
   166   -0.66299E+00    0.92781E-03   -0.14230E-01    0.16284E+07    0.10011E+04
   167   -0.46747E+00    0.72622E-03   -0.14427E-01    0.16180E+07    0.98861E+03
   168   -0.39070E+00    0.69477E-03   -0.13558E-01    0.16076E+07    0.97635E+03
   169   -0.27620E+00    0.51905E-03   -0.11747E-01    0.15974E+07    0.96429E+03
   170   -0.11609E+00    0.40467E-03   -0.10605E-01    0.15873E+07    0.95244E+03
   171   -0.51031E-01    0.33435E-03   -0.80286E-02    0.15773E+07    0.94079E+03
   172    0.11508E-02    0.21656E-03   -0.56291E-02    0.15673E+07    0.92933E+03
   173   -0.25932E-01    0.34034E-04   -0.35315E-02    0.15575E+07    0.91806E+03
   174    0.24182E-01    0.66645E-04   -0.18610E-02    0.15478E+07    0.90697E+03
   175    0.85103E-01    0.00000E+00   -0.46804E-10    0.15381E+07    0.89606E+03
   176    0.16285E-01    0.36738E-04    0.19737E-02    0.15286E+07    0.88532E+03
   177   -0.25196E-01    0.70562E-04    0.26861E-02    0.15191E+07    0.87475E+03
   178   -0.10499E+00    0.28936E-03    0.37823E-02    0.15098E+07    0.86434E+03
   179   -0.21445E+00    0.36102E-03    0.54213E-02    0.15005E+07    0.85410E+03
   180   -0.19640E+00    0.47345E-03    0.62767E-02    0.14913E+07    0.84401E+03
   181   -0.26503E+00    0.59167E-03    0.65077E-02    0.14822E+07    0.83409E+03
   182   -0.33743E+00    0.75500E-03    0.77592E-02    0.14731E+07    0.82431E+03
   183   -0.47925E+00    0.85420E-03    0.87047E-02    0.14642E+07    0.81469E+03
   184   -0.53329E+00    0.92858E-03    0.10246E-01    0.14553E+07    0.80521E+03
   185   -0.56520E+00    0.10917E-02    0.10315E-01    0.14465E+07    0.79588E+03
   186   -0.93775E+00    0.11676E-02    0.12040E-01    0.14378E+07    0.78669E+03
   187   -0.97377E+00    0.12623E-02    0.14096E-01    0.14291E+07    0.77764E+03
   188   -0.10360E+01    0.13260E-02    0.15157E-01    0.14206E+07    0.76872E+03
   189   -0.11902E+01    0.13610E-02    0.16867E-01    0.14121E+07    0.75994E+03
   190   -0.98191E+00    0.13842E-02    0.17157E-01    0.14037E+07    0.75128E+03
   191   -0.11454E+01    0.13829E-02    0.19157E-01    0.13953E+07    0.74276E+03
   192   -0.11520E+01    0.13446E-02    0.20798E-01    0.13870E+07    0.73436E+03
   193   -0.12160E+01    0.12787E-02    0.20754E-01    0.13788E+07    0.72608E+03
   194   -0.11058E+01    0.11801E-02    0.21412E-01    0.13706E+07    0.71792E+03
   195   -0.10357E+01    0.10509E-02    0.20704E-01    0.13626E+07    0.70987E+03
   196   -0.99711E+00    0.89326E-03    0.19530E-01    0.13545E+07    0.70194E+03
   197   -0.83273E+00    0.71685E-03    0.16565E-01    0.13466E+07    0.69411E+03
   198   -0.60825E+00    0.50895E-03    0.12711E-01    0.13386E+07    0.68639E+03
   199   -0.31504E+00    0.27175E-03    0.73839E-02    0.13308E+07    0.67878E+03
   200    0.55554E-01    0.00000E+00   -0.21632E-11    0.13230E+07    0.67127E+03
   201    0.43629E+00   -0.28135E-03   -0.84539E-02    0.13153E+07    0.66385E+03
   202    0.90218E+00   -0.59737E-03   -0.18882E-01    0.13076E+07    0.65653E+03
   203    0.13781E+01   -0.92061E-03   -0.29875E-01    0.13000E+07    0.64931E+03
   204    0.17889E+01   -0.12608E-02   -0.43737E-01    0.12924E+07    0.64218E+03
   205    0.22823E+01   -0.16054E-02   -0.57575E-01    0.12848E+07    0.63515E+03
   206    0.27088E+01   -0.19491E-02   -0.71984E-01    0.12774E+07    0.62821E+03
   207    0.32163E+01   -0.23019E-02   -0.86745E-01    0.12700E+07    0.62136E+03
   208    0.35809E+01   -0.26435E-02   -0.10171E+00    0.12626E+07    0.61460E+03
   209    0.39505E+01   -0.29838E-02   -0.11658E+00    0.12553E+07    0.60793E+03
   210    0.43241E+01   -0.33028E-02   -0.13159E+00    0.12480E+07    0.60134E+03
   211    0.47009E+01   -0.36027E-02   -0.14613E+00    0.12408E+07    0.59485E+03
   212    0.49315E+01   -0.38858E-02   -0.16047E+00    0.12336E+07    0.58844E+03
   213    0.52378E+01   -0.41395E-02   -0.17389E+00    0.12265E+07    0.58211E+03
   214    0.54705E+01   -0.44033E-02   -0.18694E+00    0.12194E+07    0.57587E+03
   215    0.57030E+01   -0.45160E-02   -0.19969E+00    0.12123E+07    0.56971E+03
   216    0.58602E+01   -0.46954E-02   -0.21095E+00    0.12054E+07    0.56364E+03
   217    0.60897E+01   -0.48174E-02   -0.22206E+00    0.11984E+07    0.55764E+03
   218    0.62422E+01   -0.49140E-02   -0.23214E+00    0.11915E+07    0.55172E+03
   219    0.63910E+01   -0.50172E-02   -0.23956E+00    0.11846E+07    0.54589E+03
   220    0.65354E+01   -0.50105E-02   -0.24809E+00    0.11778E+07    0.54012E+03
   221    0.66745E+01   -0.50002E-02   -0.25486E+00    0.11711E+07    0.53444E+03
   222    0.68073E+01   -0.48696E-02   -0.26067E+00    0.11643E+07    0.52883E+03
   223    0.67846E+01   -0.47250E-02   -0.26412E+00    0.11576E+07    0.52329E+03
   224    0.69025E+01   -0.45985E-02   -0.26826E+00    0.11510E+07    0.51783E+03
   225    0.69375E+01   -0.43735E-02   -0.26945E+00    0.11444E+07    0.51244E+03
   226    0.69628E+01   -0.40820E-02   -0.27073E+00    0.11378E+07    0.50712E+03
   227    0.69034E+01   -0.37559E-02   -0.26996E+00    0.11313E+07    0.50187E+03
   228    0.69070E+01   -0.34273E-02   -0.26795E+00    0.11247E+07    0.49669E+03
   229    0.68985E+01   -0.30538E-02   -0.26553E+00    0.11183E+07    0.49157E+03
   230    0.68027E+01   -0.26675E-02   -0.26128E+00    0.11119E+07    0.48652E+03
   231    0.66187E+01   -0.22262E-02   -0.25528E+00    0.11055E+07    0.48154E+03
   232    0.64943E+01   -0.18360E-02   -0.24836E+00    0.10991E+07    0.47662E+03
   233    0.63544E+01   -0.13061E-02   -0.24132E+00    0.10928E+07    0.47177E+03
   234    0.60495E+01   -0.81706E-03   -0.23276E+00    0.10865E+07    0.46697E+03
   235    0.58016E+01   -0.32665E-03   -0.22351E+00    0.10802E+07    0.46224E+03
   236    0.54613E+01    0.13318E-03   -0.21288E+00    0.10740E+07    0.45757E+03
   237    0.51020E+01    0.60470E-03   -0.20172E+00    0.10678E+07    0.45296E+03
   238    0.47229E+01    0.11302E-02   -0.18933E+00    0.10616E+07    0.44840E+03
   239    0.43975E+01    0.15291E-02   -0.17582E+00    0.10555E+07    0.44390E+03
   240    0.39019E+01    0.18438E-02   -0.16272E+00    0.10494E+07    0.43946E+03
   241    0.35325E+01    0.21907E-02   -0.14865E+00    0.10433E+07    0.43507E+03
   242    0.31399E+01    0.23893E-02   -0.13367E+00    0.10373E+07    0.43073E+03
   243    0.27232E+01    0.25562E-02   -0.11859E+00    0.10313E+07    0.42645E+03
   244    0.22816E+01    0.25851E-02   -0.10203E+00    0.10253E+07    0.42222E+03
   245    0.18142E+01    0.25182E-02   -0.86270E-01    0.10193E+07    0.41804E+03
   246    0.13944E+01    0.23237E-02   -0.69168E-01    0.10134E+07    0.41390E+03
   247    0.10214E+01    0.18952E-02   -0.52285E-01    0.10074E+07    0.40982E+03
   248    0.62013E+00    0.15721E-02   -0.34955E-01    0.10015E+07    0.40578E+03
   249    0.33817E+00    0.80248E-03   -0.17253E-01    0.99567E+06    0.40179E+03
   250    0.26170E-01    0.00000E+00    0.72007E-13    0.98982E+06    0.39784E+03
   251   -0.16968E+00   -0.11553E-02    0.18203E-01    0.98399E+06    0.39394E+03
   252   -0.48061E+00   -0.24267E-02    0.36481E-01    0.97818E+06    0.39008E+03
   253   -0.54512E+00   -0.40141E-02    0.53948E-01    0.97240E+06    0.38626E+03
   254   -0.67023E+00   -0.55973E-02    0.71205E-01    0.96665E+06    0.38249E+03
   255   -0.79157E+00   -0.74504E-02    0.88851E-01    0.96092E+06    0.37875E+03
   256   -0.84475E+00   -0.91791E-02    0.10749E+00    0.95522E+06    0.37506E+03
   257   -0.83967E+00   -0.11206E-01    0.11954E+00    0.94954E+06    0.37141E+03
   258   -0.86052E+00   -0.13137E-01    0.13824E+00    0.94389E+06    0.36780E+03
   259   -0.84291E+00   -0.15097E-01    0.14933E+00    0.93828E+06    0.36424E+03
   260   -0.72247E+00   -0.17063E-01    0.16826E+00    0.93269E+06    0.36071E+03
   261   -0.65766E+00   -0.19087E-01    0.17336E+00    0.92714E+06    0.35722E+03
   262   -0.65838E+00   -0.20923E-01    0.18751E+00    0.92162E+06    0.35378E+03
   263   -0.36311E+00   -0.22770E-01    0.20387E+00    0.91613E+06    0.35037E+03
   264   -0.22746E+00   -0.24532E-01    0.21562E+00    0.91068E+06    0.34700E+03
   265   -0.18705E+00   -0.26259E-01    0.21593E+00    0.90526E+06    0.34367E+03
   266   -0.28921E-01   -0.27706E-01    0.22769E+00    0.89988E+06    0.34037E+03
   267    0.14169E-01   -0.29221E-01    0.22921E+00    0.89453E+06    0.33712E+03
   268    0.80888E-01   -0.30410E-01    0.23595E+00    0.88923E+06    0.33390E+03
   269    0.12767E-01   -0.31547E-01    0.24107E+00    0.88397E+06    0.33072E+03
   270    0.97039E-01   -0.32534E-01    0.24519E+00    0.87874E+06    0.32757E+03
   271    0.10095E+00   -0.33424E-01    0.24889E+00    0.87356E+06    0.32447E+03
   272    0.23746E+00   -0.33894E-01    0.24536E+00    0.86842E+06    0.32139E+03
   273    0.27380E+00   -0.34518E-01    0.25005E+00    0.86332E+06    0.31836E+03
   274    0.34865E+00   -0.34678E-01    0.24127E+00    0.85827E+06    0.31536E+03
   275    0.37782E+00   -0.34870E-01    0.24190E+00    0.85327E+06    0.31239E+03
   276    0.49998E+00   -0.34849E-01    0.23027E+00    0.84831E+06    0.30946E+03
   277    0.48237E+00   -0.34591E-01    0.22926E+00    0.84339E+06    0.30656E+03
   278    0.53795E+00   -0.34149E-01    0.21717E+00    0.83853E+06    0.30369E+03
   279    0.58253E+00   -0.33573E-01    0.20206E+00    0.83372E+06    0.30086E+03
   280    0.60620E+00   -0.32841E-01    0.19935E+00    0.82895E+06    0.29806E+03
   281    0.74764E+00   -0.31854E-01    0.18738E+00    0.82424E+06    0.29530E+03
   282    0.69981E+00   -0.30888E-01    0.17418E+00    0.81958E+06    0.29256E+03
   283    0.74995E+00   -0.29696E-01    0.16033E+00    0.81497E+06    0.28986E+03
   284    0.81386E+00   -0.28329E-01    0.14644E+00    0.81042E+06    0.28719E+03
   285    0.88164E+00   -0.26765E-01    0.13312E+00    0.80593E+06    0.28455E+03
   286    0.86912E+00   -0.25130E-01    0.11352E+00    0.80149E+06    0.28194E+03
   287    0.84067E+00   -0.23399E-01    0.10312E+00    0.79710E+06    0.27936E+03
   288    0.86068E+00   -0.21551E-01    0.87651E-01    0.79278E+06    0.27682E+03
   289    0.84497E+00   -0.19636E-01    0.75142E-01    0.78851E+06    0.27430E+03
   290    0.85790E+00   -0.17779E-01    0.66194E-01    0.78431E+06    0.27181E+03
   291    0.88959E+00   -0.15217E-01    0.46550E-01    0.78016E+06    0.26935E+03
   292    0.63300E+00   -0.13038E-01    0.39095E-01    0.77608E+06    0.26691E+03
   293    0.67250E+00   -0.11592E-01    0.22144E-01    0.77206E+06    0.26451E+03
   294    0.55247E+00   -0.93704E-02    0.18583E-01    0.76811E+06    0.26213E+03
   295    0.63445E+00   -0.78354E-02    0.67261E-02    0.76422E+06    0.25978E+03
   296    0.53711E+00   -0.54786E-02    0.20301E-02    0.76040E+06    0.25746E+03
   297    0.47340E+00   -0.45053E-02    0.50950E-02    0.75664E+06    0.25516E+03
   298    0.28485E+00   -0.26641E-02    0.16641E-02    0.75296E+06    0.25289E+03
   299    0.18441E+00   -0.67475E-03   -0.23422E-03    0.74934E+06    0.25065E+03
   300    0.13615E-01    0.00000E+00    0.00000E+00    0.74579E+06    0.24843E+03
   301   -0.16302E+00    0.87705E-03    0.10259E-01    0.74231E+06    0.24624E+03
   302   -0.28042E+00    0.12775E-02    0.30463E-01    0.73890E+06    0.24407E+03
   303   -0.42197E+00    0.20163E-02    0.45537E-01    0.73556E+06    0.24193E+03
   304   -0.59675E+00    0.31656E-02    0.55267E-01    0.73227E+06    0.23981E+03
   305   -0.73955E+00    0.33118E-02    0.74293E-01    0.72904E+06    0.23771E+03
   306   -0.93375E+00    0.32699E-02    0.94968E-01    0.72586E+06    0.23564E+03
   307   -0.11141E+01    0.31120E-02    0.10965E+00    0.72273E+06    0.23359E+03
   308   -0.12898E+01    0.43959E-02    0.14041E+00    0.71964E+06    0.23157E+03
   309   -0.13956E+01    0.42224E-02    0.15731E+00    0.71659E+06    0.22957E+03
   310   -0.15890E+01    0.34063E-02    0.18242E+00    0.71358E+06    0.22759E+03
   311   -0.17308E+01    0.42485E-02    0.20067E+00    0.71061E+06    0.22564E+03
   312   -0.18298E+01    0.38496E-02    0.22671E+00    0.70766E+06    0.22370E+03
   313   -0.19696E+01    0.37674E-02    0.24545E+00    0.70474E+06    0.22179E+03
   314   -0.20848E+01    0.40740E-02    0.27154E+00    0.70184E+06    0.21990E+03
   315   -0.21847E+01    0.33559E-02    0.28990E+00    0.69895E+06    0.21804E+03
   316   -0.22782E+01    0.31709E-02    0.30775E+00    0.69608E+06    0.21619E+03
   317   -0.23745E+01    0.21055E-02    0.32487E+00    0.69322E+06    0.21437E+03
   318   -0.24826E+01    0.24602E-02    0.34105E+00    0.69037E+06    0.21256E+03
   319   -0.25373E+01    0.20787E-02    0.35606E+00    0.68751E+06    0.21078E+03
   320   -0.25478E+01    0.17759E-02    0.37712E+00    0.68466E+06    0.20902E+03
   321   -0.25973E+01    0.23668E-02    0.38916E+00    0.68180E+06    0.20727E+03
   322   -0.26207E+01    0.16949E-02    0.39938E+00    0.67893E+06    0.20555E+03
   323   -0.26271E+01    0.13182E-02    0.40758E+00    0.67605E+06    0.20385E+03
   324   -0.26256E+01    0.20516E-02    0.40610E+00    0.67315E+06    0.20217E+03
   325   -0.25509E+01    0.25286E-03    0.41702E+00    0.67023E+06    0.20050E+03
   326   -0.25608E+01    0.45130E-03    0.41041E+00    0.66729E+06    0.19886E+03
   327   -0.25156E+01    0.49047E-03    0.40833E+00    0.66431E+06    0.19723E+03
   328   -0.24246E+01   -0.30035E-03    0.41057E+00    0.66131E+06    0.19562E+03
   329   -0.23710E+01   -0.36335E-03    0.40205E+00    0.65827E+06    0.19403E+03
   330   -0.22897E+01   -0.11121E-02    0.38999E+00    0.65518E+06    0.19246E+03
   331   -0.21155E+01   -0.17316E-02    0.38160E+00    0.65206E+06    0.19091E+03
   332   -0.20061E+01   -0.14070E-02    0.37666E+00    0.64889E+06    0.18937E+03
   333   -0.18961E+01   -0.15517E-02    0.36752E+00    0.64566E+06    0.18785E+03
   334   -0.17205E+01   -0.13509E-02    0.35398E+00    0.64238E+06    0.18635E+03
   335   -0.16369E+01   -0.22180E-02    0.33582E+00    0.63904E+06    0.18486E+03
   336   -0.15058E+01   -0.25953E-02    0.32024E+00    0.63564E+06    0.18340E+03
   337   -0.13362E+01   -0.24107E-02    0.29217E+00    0.63217E+06    0.18194E+03
   338   -0.12116E+01   -0.30777E-02    0.27369E+00    0.62863E+06    0.18051E+03
   339   -0.99250E+00   -0.22956E-02    0.24972E+00    0.62502E+06    0.17909E+03
   340   -0.83649E+00   -0.22210E-02    0.23489E+00    0.62133E+06    0.17768E+03
   341   -0.75269E+00   -0.27816E-02    0.20672E+00    0.61755E+06    0.17629E+03
   342   -0.60160E+00   -0.16768E-02    0.17983E+00    0.61369E+06    0.17492E+03
   343   -0.46660E+00   -0.18059E-02    0.15401E+00    0.60974E+06    0.17356E+03
   344   -0.28249E+00   -0.16110E-02    0.12905E+00    0.60570E+06    0.17221E+03
   345   -0.20691E+00   -0.17629E-02    0.10473E+00    0.60156E+06    0.17088E+03
   346   -0.10040E+00   -0.70383E-03    0.88264E-01    0.59732E+06    0.16956E+03
   347   -0.46302E-01   -0.59009E-03    0.64572E-01    0.59297E+06    0.16826E+03
   348    0.20567E-01   -0.60675E-03    0.40871E-01    0.58851E+06    0.16697E+03
   349    0.16845E-01    0.61127E-04    0.16943E-01    0.58394E+06    0.16569E+03
   350    0.77307E-02    0.00000E+00    0.00000E+00    0.57926E+06    0.16443E+03
   351    0.13400E+00    0.76342E-03   -0.17693E-01    0.57445E+06    0.16318E+03
   352    0.21595E-01    0.16595E-02   -0.36808E-01    0.56954E+06    0.16194E+03
   353   -0.33685E-01    0.19922E-02   -0.43252E-01    0.56454E+06    0.16071E+03
   354   -0.18175E+00    0.25510E-02   -0.60074E-01    0.55945E+06    0.15950E+03
   355   -0.27538E+00    0.33826E-02   -0.73179E-01    0.55430E+06    0.15830E+03
   356   -0.39020E+00    0.45338E-02   -0.75903E-01    0.54910E+06    0.15711E+03
   357   -0.52754E+00    0.53084E-02   -0.83866E-01    0.54385E+06    0.15594E+03
   358   -0.61448E+00    0.50104E-02   -0.82973E-01    0.53857E+06    0.15477E+03
   359   -0.80091E+00    0.51721E-02   -0.88846E-01    0.53329E+06    0.15362E+03
   360   -0.93962E+00    0.58403E-02   -0.91104E-01    0.52800E+06    0.15248E+03
   361   -0.11062E+01    0.63189E-02   -0.94968E-01    0.52272E+06    0.15135E+03
   362   -0.12278E+01    0.66545E-02   -0.98230E-01    0.51747E+06    0.15023E+03
   363   -0.13799E+01    0.76368E-02   -0.99424E-01    0.51226E+06    0.14912E+03
   364   -0.14897E+01    0.70839E-02   -0.10303E+00    0.50710E+06    0.14803E+03
   365   -0.16328E+01    0.72711E-02   -0.10386E+00    0.50200E+06    0.14694E+03
   366   -0.17362E+01    0.75022E-02   -0.10566E+00    0.49699E+06    0.14587E+03
   367   -0.18012E+01    0.63384E-02   -0.10696E+00    0.49207E+06    0.14480E+03
   368   -0.19779E+01    0.60549E-02   -0.10704E+00    0.48725E+06    0.14375E+03
   369   -0.19703E+01    0.59554E-02   -0.10888E+00    0.48255E+06    0.14271E+03
   370   -0.20027E+01    0.53441E-02   -0.10806E+00    0.47798E+06    0.14168E+03
   371   -0.20764E+01    0.42674E-02   -0.10905E+00    0.47356E+06    0.14066E+03
   372   -0.21185E+01    0.35151E-02   -0.10815E+00    0.46930E+06    0.13964E+03
   373   -0.21303E+01    0.23910E-02   -0.10911E+00    0.46521E+06    0.13864E+03
   374   -0.21132E+01    0.16846E-02   -0.10896E+00    0.46131E+06    0.13765E+03
   375   -0.21428E+01    0.69991E-03   -0.10848E+00    0.45760E+06    0.13667E+03
   376   -0.20719E+01    0.22640E-03   -0.10842E+00    0.45410E+06    0.13569E+03
   377   -0.19760E+01   -0.11748E-02   -0.10658E+00    0.45083E+06    0.13473E+03
   378   -0.19309E+01   -0.27143E-02   -0.10670E+00    0.44780E+06    0.13378E+03
   379   -0.18635E+01   -0.36023E-02   -0.10507E+00    0.44502E+06    0.13283E+03
   380   -0.17010E+01   -0.37922E-02   -0.10469E+00    0.44251E+06    0.13190E+03
   381   -0.15932E+01   -0.69515E-02   -0.10335E+00    0.44027E+06    0.13097E+03
   382   -0.15415E+01   -0.78336E-02   -0.10108E+00    0.43833E+06    0.13005E+03
   383   -0.13986E+01   -0.93631E-02   -0.10012E+00    0.43669E+06    0.12914E+03
   384   -0.11660E+01   -0.11493E-01   -0.97518E-01    0.43537E+06    0.12824E+03
   385   -0.10678E+01   -0.11949E-01   -0.95526E-01    0.43438E+06    0.12735E+03
   386   -0.88245E+00   -0.12912E-01   -0.92679E-01    0.43374E+06    0.12646E+03
   387   -0.75991E+00   -0.14335E-01   -0.89739E-01    0.43345E+06    0.12558E+03
   388   -0.62722E+00   -0.15429E-01   -0.85984E-01    0.43353E+06    0.12472E+03
   389   -0.48574E+00   -0.18376E-01   -0.82178E-01    0.43400E+06    0.12386E+03
   390   -0.33679E+00   -0.17929E-01   -0.76854E-01    0.43487E+06    0.12300E+03
   391   -0.18173E+00   -0.18499E-01   -0.72262E-01    0.43615E+06    0.12216E+03
   392   -0.96184E-01   -0.17067E-01   -0.66193E-01    0.43785E+06    0.12132E+03
   393    0.67080E-01   -0.16558E-01   -0.60155E-01    0.43999E+06    0.12049E+03
   394    0.15815E+00   -0.15439E-01   -0.52680E-01    0.44258E+06    0.11966E+03
   395    0.17568E+00   -0.14407E-01   -0.46019E-01    0.44564E+06    0.11885E+03
   396    0.26690E+00   -0.12673E-01   -0.37369E-01    0.44917E+06    0.11804E+03
   397    0.20761E+00   -0.10189E-01   -0.28831E-01    0.45320E+06    0.11723E+03
   398    0.21933E+00   -0.76510E-02   -0.19829E-01    0.45773E+06    0.11644E+03
   399    0.15214E+00   -0.42704E-02   -0.10259E-01    0.46278E+06    0.11565E+03
   400    0.47076E-02    0.00000E+00    0.00000E+00    0.46835E+06    0.11486E+03
   401   -0.14853E+00    0.44423E-02    0.10795E-01    0.47447E+06    0.11409E+03
   402   -0.30135E+00    0.89950E-02    0.22317E-01    0.48111E+06    0.11332E+03
   403   -0.52034E+00    0.15060E-01    0.34445E-01    0.48825E+06    0.11255E+03
   404   -0.79778E+00    0.21069E-01    0.48024E-01    0.49587E+06    0.11179E+03
   405   -0.10517E+01    0.26938E-01    0.61523E-01    0.50394E+06    0.11104E+03
   406   -0.14229E+01    0.34070E-01    0.76456E-01    0.51246E+06    0.11029E+03
   407   -0.17551E+01    0.40895E-01    0.90621E-01    0.52138E+06    0.10955E+03
   408   -0.21149E+01    0.48074E-01    0.10776E+00    0.53070E+06    0.10882E+03
   409   -0.24203E+01    0.56265E-01    0.12493E+00    0.54039E+06    0.10809E+03
   410   -0.28121E+01    0.63157E-01    0.14217E+00    0.55043E+06    0.10736E+03
   411   -0.31341E+01    0.70895E-01    0.16097E+00    0.56080E+06    0.10665E+03
   412   -0.35272E+01    0.78652E-01    0.17990E+00    0.57147E+06    0.10594E+03
   413   -0.39092E+01    0.86346E-01    0.19971E+00    0.58243E+06    0.10523E+03
   414   -0.43469E+01    0.93893E-01    0.21969E+00    0.59365E+06    0.10453E+03
   415   -0.46838E+01    0.10195E+00    0.24136E+00    0.60512E+06    0.10384E+03
   416   -0.50609E+01    0.10896E+00    0.26252E+00    0.61680E+06    0.10315E+03
   417   -0.54705E+01    0.11630E+00    0.28318E+00    0.62868E+06    0.10246E+03
   418   -0.58305E+01    0.12169E+00    0.30562E+00    0.64074E+06    0.10179E+03
   419   -0.61333E+01    0.12799E+00    0.32838E+00    0.65295E+06    0.10111E+03
   420   -0.64453E+01    0.13439E+00    0.35073E+00    0.66530E+06    0.10045E+03
   421   -0.66847E+01    0.14007E+00    0.37345E+00    0.67775E+06    0.99785E+02
   422   -0.69179E+01    0.14492E+00    0.39508E+00    0.69030E+06    0.99129E+02
   423   -0.72116E+01    0.14888E+00    0.41714E+00    0.70291E+06    0.98478E+02
   424   -0.74837E+01    0.15261E+00    0.43816E+00    0.71557E+06    0.97833E+02
   425   -0.76523E+01    0.15526E+00    0.45967E+00    0.72826E+06    0.97192E+02
   426   -0.77839E+01    0.15826E+00    0.48020E+00    0.74095E+06    0.96557E+02
   427   -0.79451E+01    0.16003E+00    0.49830E+00    0.75362E+06    0.95927E+02
   428   -0.80539E+01    0.16123E+00    0.51696E+00    0.76625E+06    0.95302E+02
   429   -0.81769E+01    0.16177E+00    0.53399E+00    0.77882E+06    0.94682E+02
   430   -0.81577E+01    0.16232E+00    0.54867E+00    0.79131E+06    0.94067E+02
   431   -0.81373E+01    0.16130E+00    0.56177E+00    0.80369E+06    0.93457E+02
   432   -0.81821E+01    0.15938E+00    0.57184E+00    0.81595E+06    0.92852E+02
   433   -0.80617E+01    0.15796E+00    0.58112E+00    0.82805E+06    0.92252E+02
   434   -0.79912E+01    0.15472E+00    0.58595E+00    0.83999E+06    0.91657E+02
   435   -0.78886E+01    0.15182E+00    0.58782E+00    0.85174E+06    0.91066E+02
   436   -0.76718E+01    0.14768E+00    0.58602E+00    0.86327E+06    0.90480E+02
   437   -0.74075E+01    0.14222E+00    0.58133E+00    0.87457E+06    0.89899E+02
   438   -0.71622E+01    0.13609E+00    0.57303E+00    0.88561E+06    0.89322E+02
   439   -0.67796E+01    0.12997E+00    0.55891E+00    0.89638E+06    0.88751E+02
   440   -0.64007E+01    0.12227E+00    0.54125E+00    0.90684E+06    0.88183E+02
   441   -0.59433E+01    0.11366E+00    0.51708E+00    0.91699E+06    0.87621E+02
   442   -0.55483E+01    0.10406E+00    0.48794E+00    0.92679E+06    0.87062E+02
   443   -0.49853E+01    0.94122E-01    0.45235E+00    0.93622E+06    0.86508E+02
   444   -0.43950E+01    0.83765E-01    0.41109E+00    0.94527E+06    0.85959E+02
   445   -0.37697E+01    0.70679E-01    0.36271E+00    0.95392E+06    0.85414E+02
   446   -0.31760E+01    0.58492E-01    0.30797E+00    0.96213E+06    0.84873E+02
   447   -0.24575E+01    0.45638E-01    0.24393E+00    0.96989E+06    0.84337E+02
   448   -0.17553E+01    0.30545E-01    0.17136E+00    0.97718E+06    0.83804E+02
   449   -0.91293E+00    0.15360E-01    0.91029E-01    0.98398E+06    0.83276E+02
   450    0.29895E-02    0.00000E+00    0.00000E+00    0.99026E+06    0.82752E+02
   451    0.92483E+00   -0.17093E-01   -0.99948E-01    0.99601E+06    0.82233E+02
   452    0.18550E+01   -0.34455E-01   -0.21041E+00    0.10012E+07    0.81717E+02
   453    0.29434E+01   -0.52095E-01   -0.32828E+00    0.10059E+07    0.81205E+02
   454    0.39686E+01   -0.70766E-01   -0.45412E+00    0.10101E+07    0.80697E+02
   455    0.50061E+01   -0.89735E-01   -0.58705E+00    0.10138E+07    0.80193E+02
   456    0.62059E+01   -0.10975E+00   -0.71948E+00    0.10171E+07    0.79692E+02
   457    0.72722E+01   -0.12935E+00   -0.86463E+00    0.10198E+07    0.79195E+02
   458    0.84291E+01   -0.14927E+00   -0.10030E+01    0.10221E+07    0.78702E+02
   459    0.96039E+01   -0.16878E+00   -0.11494E+01    0.10239E+07    0.78212E+02
   460    0.10798E+02   -0.18938E+00   -0.12969E+01    0.10253E+07    0.77725E+02
   461    0.11938E+02   -0.20960E+00   -0.14453E+01    0.10263E+07    0.77242E+02
   462    0.13099E+02   -0.23018E+00   -0.15879E+01    0.10268E+07    0.76762E+02
   463    0.14210E+02   -0.24965E+00   -0.17422E+01    0.10270E+07    0.76285E+02
   464    0.15271E+02   -0.26877E+00   -0.18778E+01    0.10267E+07    0.75811E+02
   465    0.16283E+02   -0.28753E+00   -0.20233E+01    0.10261E+07    0.75340E+02
   466    0.17323E+02   -0.30670E+00   -0.21557E+01    0.10250E+07    0.74872E+02
   467    0.18391E+02   -0.32480E+00   -0.22888E+01    0.10236E+07    0.74406E+02
   468    0.19340E+02   -0.34183E+00   -0.24144E+01    0.10219E+07    0.73944E+02
   469    0.20246E+02   -0.35930E+00   -0.25390E+01    0.10198E+07    0.73484E+02
   470    0.21185E+02   -0.37498E+00   -0.26542E+01    0.10174E+07    0.73026E+02
   471    0.21861E+02   -0.38889E+00   -0.27592E+01    0.10147E+07    0.72571E+02
   472    0.22646E+02   -0.40251E+00   -0.28606E+01    0.10116E+07    0.72119E+02
   473    0.23319E+02   -0.41513E+00   -0.29498E+01    0.10082E+07    0.71668E+02
   474    0.23956E+02   -0.42599E+00   -0.30336E+01    0.10046E+07    0.71220E+02
   475    0.24558E+02   -0.43661E+00   -0.31036E+01    0.10007E+07    0.70774E+02
   476    0.24977E+02   -0.44475E+00   -0.31610E+01    0.99647E+06    0.70330E+02
   477    0.25290E+02   -0.45192E+00   -0.32148E+01    0.99202E+06    0.69888E+02
   478    0.25573E+02   -0.45812E+00   -0.32453E+01    0.98732E+06    0.69448E+02
   479    0.25751E+02   -0.46188E+00   -0.32762E+01    0.98238E+06    0.69010E+02
   480    0.25826E+02   -0.46395E+00   -0.32874E+01    0.97722E+06    0.68573E+02
   481    0.25801E+02   -0.46435E+00   -0.32816E+01    0.97184E+06    0.68138E+02
   482    0.25750E+02   -0.46233E+00   -0.32638E+01    0.96626E+06    0.67705E+02
   483    0.25451E+02   -0.45865E+00   -0.32355E+01    0.96048E+06    0.67273E+02
   484    0.24982E+02   -0.45258E+00   -0.31897E+01    0.95452E+06    0.66843E+02
   485    0.24565E+02   -0.44487E+00   -0.31271E+01    0.94839E+06    0.66413E+02
   486    0.23979E+02   -0.43404E+00   -0.30489E+01    0.94210E+06    0.65986E+02
   487    0.23226E+02   -0.42085E+00   -0.29543E+01    0.93566E+06    0.65559E+02
   488    0.22307E+02   -0.40604E+00   -0.28417E+01    0.92908E+06    0.65133E+02
   489    0.21297E+02   -0.38815E+00   -0.27116E+01    0.92237E+06    0.64708E+02
   490    0.20198E+02   -0.36718E+00   -0.25625E+01    0.91554E+06    0.64284E+02
   491    0.18789E+02   -0.34389E+00   -0.23962E+01    0.90860E+06    0.63861E+02
   492    0.17368E+02   -0.31754E+00   -0.22113E+01    0.90157E+06    0.63439E+02
   493    0.15787E+02   -0.28962E+00   -0.20054E+01    0.89445E+06    0.63017E+02
   494    0.14048E+02   -0.25718E+00   -0.17812E+01    0.88725E+06    0.62596E+02
   495    0.12079E+02   -0.22245E+00   -0.15364E+01    0.87999E+06    0.62176E+02
   496    0.99535E+01   -0.18396E+00   -0.12716E+01    0.87268E+06    0.61756E+02
   497    0.76746E+01   -0.14246E+00   -0.98510E+00    0.86533E+06    0.61336E+02
   498    0.52431E+01   -0.98705E-01   -0.67901E+00    0.85794E+06    0.60916E+02
   499    0.27346E+01   -0.50472E-01   -0.34946E+00    0.85053E+06    0.60497E+02
   500    0.19425E-02    0.00000E+00    0.00000E+00    0.84311E+06    0.60078E+02
