#    L    TT             EE             TE             PP             TP          
     2    0.32877E+03    0.74356E-10   -0.11737E-04    0.94493E+06    0.32901E+05
     3    0.23046E+03    0.22884E-10    0.74753E-05    0.14470E+07    0.36760E+05
     4    0.17323E+03    0.61320E-11    0.59557E-05    0.18865E+07    0.38043E+05
     5    0.13620E+03    0.20348E-11    0.30939E-05    0.22695E+07    0.38101E+05
     6    0.11046E+03    0.84245E-12    0.31007E-05    0.26028E+07    0.37521E+05
     7    0.91654E+02    0.59577E-12    0.41710E-05    0.28934E+07    0.36604E+05
     8    0.77397E+02    0.60456E-12    0.42391E-05    0.31474E+07    0.35513E+05
     9    0.66286E+02    0.45458E-12    0.31034E-05    0.33701E+07    0.34342E+05
    10    0.57421E+02    0.21636E-12    0.17417E-05    0.35654E+07    0.33139E+05
    11    0.50229E+02    0.88936E-13    0.94980E-06    0.37376E+07    0.31946E+05
    12    0.44439E+02    0.10382E-03   -0.23714E-03    0.38885E+07    0.30770E+05
    13    0.39322E+02    0.12397E-12    0.10142E-05    0.40207E+07    0.29623E+05
    14    0.35083E+02   -0.27194E-04    0.79678E-04    0.41368E+07    0.28516E+05
    15    0.31542E+02    0.11627E-12    0.11183E-05    0.42385E+07    0.27452E+05
    16    0.28427E+02   -0.22586E-04    0.32403E-03    0.43271E+07    0.26430E+05
    17    0.25783E+02    0.51233E-13    0.60144E-06    0.44042E+07    0.25452E+05
    18    0.23015E+02    0.11488E-04   -0.52570E-03    0.44710E+07    0.24517E+05
    19    0.21399E+02    0.22486E-13    0.25754E-06    0.45283E+07    0.23623E+05
    20    0.19626E+02    0.10034E-04   -0.10643E-04    0.45768E+07    0.22766E+05
    21    0.17979E+02    0.26841E-13    0.36335E-06    0.46173E+07    0.21948E+05
    22    0.16591E+02   -0.67106E-05   -0.42626E-04    0.46510E+07    0.21167E+05
    23    0.15265E+02    0.72610E-13    0.59530E-06    0.46783E+07    0.20420E+05
    24    0.14091E+02   -0.45945E-05    0.19330E-03    0.46997E+07    0.19707E+05
    25    0.13076E+02    0.99743E-13    0.64781E-06    0.47158E+07    0.19024E+05
    26    0.12083E+02    0.45677E-05    0.17378E-03    0.47270E+07    0.18372E+05
    27    0.11288E+02    0.72036E-13    0.49309E-06    0.47339E+07    0.17749E+05
    28    0.10488E+02    0.62322E-06   -0.24435E-03    0.47368E+07    0.17152E+05
    29    0.98101E+01    0.35168E-13    0.26876E-06    0.47359E+07    0.16581E+05
    30    0.92360E+01   -0.21393E-05    0.16657E-04    0.47312E+07    0.16033E+05
    31    0.85753E+01    0.21020E-13    0.10329E-06    0.47233E+07    0.15507E+05
    32    0.80020E+01    0.18985E-05    0.16029E-03    0.47127E+07    0.15003E+05
    33    0.75362E+01    0.17855E-13    0.47533E-07    0.46995E+07    0.14521E+05
    34    0.70603E+01    0.58091E-06   -0.27665E-03    0.46839E+07    0.14058E+05
    35    0.66550E+01    0.14996E-13    0.82067E-07    0.46662E+07    0.13614E+05
    36    0.63197E+01   -0.13653E-06    0.46386E-03    0.46464E+07    0.13187E+05
    37    0.59025E+01    0.16636E-13    0.15425E-06    0.46249E+07    0.12778E+05
    38    0.55424E+01    0.41830E-05   -0.55389E-03    0.46017E+07    0.12385E+05
    39    0.52806E+01    0.55145E-05   -0.64608E-03    0.45770E+07    0.12007E+05
    40    0.49668E+01    0.29651E-13    0.23566E-06    0.45509E+07    0.11644E+05
    41    0.48048E+01   -0.10177E-04    0.12921E-02    0.45236E+07    0.11295E+05
    42    0.45567E+01   -0.18179E-04    0.24752E-02    0.44950E+07    0.10958E+05
    43    0.43387E+01   -0.16190E-04    0.26483E-02    0.44653E+07    0.10635E+05
    44    0.39698E+01   -0.11250E-04    0.18018E-02    0.44347E+07    0.10323E+05
    45    0.37889E+01    0.28327E-13    0.20050E-06    0.44033E+07    0.10023E+05
    46    0.36971E+01    0.21386E-04   -0.44409E-02    0.43711E+07    0.97338E+04
    47    0.35524E+01    0.45231E-04   -0.10322E-01    0.43382E+07    0.94553E+04
    48    0.32948E+01    0.68040E-04   -0.13066E-01    0.43048E+07    0.91868E+04
    49    0.30128E+01    0.64032E-04   -0.86922E-02    0.42709E+07    0.89281E+04
    50    0.29437E+01    0.84852E-14    0.81482E-07    0.42365E+07    0.86786E+04
    51    0.28738E+01   -0.15865E-03    0.87114E-02    0.42017E+07    0.84380E+04
    52    0.30153E+01   -0.32573E-03    0.12776E-01    0.41667E+07    0.82058E+04
    53    0.29812E+01   -0.34961E-03    0.92855E-02    0.41314E+07    0.79818E+04
    54    0.26815E+01   -0.23463E-03    0.33016E-02    0.40958E+07    0.77657E+04
    55    0.23232E+01    0.41957E-14    0.24434E-07    0.40601E+07    0.75569E+04
    56    0.21185E+01    0.21343E-03   -0.17291E-02    0.40242E+07    0.73553E+04
    57    0.20012E+01    0.29820E-03   -0.18358E-02    0.39883E+07    0.71605E+04
    58    0.19844E+01    0.26287E-03   -0.12124E-02    0.39522E+07    0.69723E+04
    59    0.19326E+01    0.14575E-03   -0.77348E-03    0.39161E+07    0.67903E+04
    60    0.18588E+01    0.24143E-14    0.29699E-07    0.38800E+07    0.66144E+04
    61    0.20693E+01   -0.80085E-04    0.18113E-02    0.38439E+07    0.64442E+04
    62    0.19636E+01   -0.10301E-03    0.37228E-02    0.38078E+07    0.62796E+04
    63    0.17544E+01   -0.10297E-03    0.47585E-02    0.37718E+07    0.61203E+04
    64    0.17287E+01   -0.62183E-04    0.37191E-02    0.37359E+07    0.59661E+04
    65    0.15050E+01    0.65162E-14    0.48415E-07    0.37001E+07    0.58170E+04
    66    0.13699E+01    0.21984E-04   -0.46037E-02    0.36645E+07    0.56727E+04
    67    0.11619E+01    0.10896E-04   -0.77600E-02    0.36291E+07    0.55329E+04
    68    0.11651E+01    0.13330E-04   -0.83024E-02    0.35939E+07    0.53976E+04
    69    0.11434E+01   -0.58331E-05   -0.49903E-02    0.35588E+07    0.52666E+04
    70    0.12320E+01    0.75007E-14    0.47996E-07    0.35240E+07    0.51397E+04
    71    0.12753E+01    0.25785E-04    0.38996E-02    0.34895E+07    0.50168E+04
    72    0.12900E+01    0.53062E-04    0.55055E-02    0.34552E+07    0.48977E+04
    73    0.12245E+01    0.56304E-04    0.45079E-02    0.34211E+07    0.47822E+04
    74    0.11017E+01    0.32269E-04    0.20827E-02    0.33873E+07    0.46702E+04
    75    0.10186E+01    0.35628E-14    0.35177E-07    0.33537E+07    0.45616E+04
    76    0.91630E+00   -0.30693E-04   -0.95235E-03    0.33204E+07    0.44563E+04
    77    0.85495E+00   -0.57223E-04   -0.10189E-02    0.32873E+07    0.43541E+04
    78    0.88728E+00   -0.41664E-04   -0.21692E-02    0.32545E+07    0.42549E+04
    79    0.84318E+00   -0.27803E-04   -0.11730E-02    0.32220E+07    0.41587E+04
    80    0.84969E+00    0.22502E-14    0.22958E-07    0.31899E+07    0.40653E+04
    81    0.81554E+00    0.27379E-05    0.31531E-03    0.31580E+07    0.39746E+04
    82    0.81629E+00    0.12525E-04    0.24967E-03    0.31265E+07    0.38866E+04
    83    0.78347E+00    0.14258E-04   -0.27075E-03    0.30953E+07    0.38012E+04
    84    0.79720E+00    0.15117E-04    0.16588E-03    0.30645E+07    0.37183E+04
    85    0.71474E+00    0.18752E-14    0.16634E-07    0.30340E+07    0.36378E+04
    86    0.61548E+00   -0.80104E-05   -0.13641E-03    0.30039E+07    0.35596E+04
    87    0.72440E+00   -0.26216E-04    0.24022E-03    0.29742E+07    0.34837E+04
    88    0.59724E+00   -0.26302E-04    0.83363E-03    0.29448E+07    0.34100E+04
    89    0.60681E+00   -0.96688E-05   -0.13813E-03    0.29158E+07    0.33383E+04
    90    0.60598E+00    0.10313E-14    0.13481E-07    0.28871E+07    0.32686E+04
    91    0.52224E+00    0.88892E-05    0.16983E-03    0.28588E+07    0.32009E+04
    92    0.50741E+00    0.16379E-04    0.62229E-03    0.28309E+07    0.31350E+04
    93    0.56513E+00    0.29435E-04    0.82642E-03    0.28034E+07    0.30709E+04
    94    0.47617E+00    0.25308E-04    0.17369E-02    0.27762E+07    0.30085E+04
    95    0.46699E+00    0.18391E-04    0.20800E-02    0.27493E+07    0.29479E+04
    96    0.24410E+00    0.82198E-05    0.20674E-02    0.27228E+07    0.28889E+04
    97    0.25681E+00   -0.56680E-05    0.19112E-02    0.26967E+07    0.28316E+04
    98    0.28590E+00   -0.16308E-04    0.33088E-02    0.26709E+07    0.27758E+04
    99    0.18644E+00   -0.46450E-04    0.27578E-02    0.26455E+07    0.27216E+04
   100    0.18489E+00   -0.81699E-04    0.41844E-02    0.26204E+07    0.26689E+04
   101    0.13631E+00   -0.48236E-04    0.40862E-02    0.25956E+07    0.26176E+04
   102    0.41574E+00   -0.80235E-04    0.41607E-02    0.25711E+07    0.25676E+04
   103    0.43255E+00   -0.89020E-04    0.31342E-02    0.25470E+07    0.25191E+04
   104    0.48749E+00   -0.60196E-04    0.34469E-02    0.25233E+07    0.24718E+04
   105    0.50990E+00   -0.53656E-04    0.30823E-02    0.24998E+07    0.24258E+04
   106    0.57769E+00    0.19279E-04    0.22523E-02    0.24767E+07    0.23809E+04
   107    0.39734E+00    0.24434E-04    0.19114E-02    0.24539E+07    0.23373E+04
   108    0.41820E+00    0.50485E-04    0.78595E-03    0.24314E+07    0.22947E+04
   109    0.42102E+00    0.37543E-04   -0.16941E-03    0.24093E+07    0.22532E+04
   110    0.33516E+00    0.75007E-15    0.57602E-08    0.23874E+07    0.22127E+04
   111    0.23921E+00    0.25783E-04   -0.72092E-03    0.23659E+07    0.21733E+04
   112    0.14028E+00    0.51254E-04   -0.21128E-02    0.23446E+07    0.21347E+04
   113    0.12045E+00    0.86308E-04   -0.32119E-02    0.23237E+07    0.20971E+04
   114    0.38953E-01    0.66557E-04   -0.37972E-02    0.23030E+07    0.20604E+04
   115    0.52149E-01    0.15046E-03   -0.43908E-02    0.22827E+07    0.20246E+04
   116   -0.55012E-01    0.12507E-03   -0.47717E-02    0.22626E+07    0.19896E+04
   117    0.22402E-01    0.74553E-04   -0.47190E-02    0.22429E+07    0.19555E+04
   118    0.14362E+00    0.15738E-03   -0.54974E-02    0.22234E+07    0.19222E+04
   119    0.16788E+00    0.23488E-03   -0.54004E-02    0.22042E+07    0.18897E+04
   120    0.25154E+00    0.16838E-03   -0.49499E-02    0.21853E+07    0.18580E+04
   121    0.25384E+00    0.26490E-03   -0.46678E-02    0.21666E+07    0.18271E+04
   122    0.25685E+00    0.23721E-03   -0.43333E-02    0.21482E+07    0.17969E+04
   123    0.26837E+00    0.16949E-03   -0.44681E-02    0.21301E+07    0.17674E+04
   124    0.29620E+00    0.14592E-03   -0.26230E-02    0.21123E+07    0.17386E+04
   125    0.27386E+00    0.10210E-03   -0.15484E-02    0.20947E+07    0.17104E+04
   126    0.28343E+00    0.12222E-03   -0.10233E-02    0.20773E+07    0.16830E+04
   127    0.25842E+00    0.67608E-04   -0.82677E-03    0.20602E+07    0.16561E+04
   128    0.20663E+00    0.96719E-04   -0.73800E-03    0.20434E+07    0.16299E+04
   129    0.21014E+00    0.70884E-04   -0.53605E-03    0.20268E+07    0.16043E+04
   130    0.20247E+00    0.15001E-14    0.72590E-08    0.20104E+07    0.15792E+04
   131    0.19174E+00    0.40701E-04   -0.11275E-02    0.19943E+07    0.15547E+04
   132    0.26173E+00    0.45184E-04   -0.14194E-02    0.19784E+07    0.15307E+04
   133    0.27365E+00    0.86669E-04   -0.35664E-02    0.19627E+07    0.15072E+04
   134    0.31161E+00    0.16409E-03   -0.35737E-02    0.19473E+07    0.14843E+04
   135    0.38541E+00    0.20211E-03   -0.48750E-02    0.19321E+07    0.14618E+04
   136    0.35629E+00    0.19965E-03   -0.42183E-02    0.19171E+07    0.14398E+04
   137    0.38262E+00    0.22994E-03   -0.42943E-02    0.19023E+07    0.14184E+04
   138    0.39993E+00    0.21763E-03   -0.40796E-02    0.18877E+07    0.13973E+04
   139    0.26946E+00    0.31022E-03   -0.32936E-02    0.18733E+07    0.13767E+04
   140    0.29815E+00    0.28381E-03   -0.31413E-02    0.18591E+07    0.13566E+04
   141    0.19866E+00    0.21161E-03   -0.18566E-02    0.18451E+07    0.13369E+04
   142    0.20366E+00    0.16683E-03   -0.64437E-03    0.18313E+07    0.13176E+04
   143    0.24867E+00    0.14843E-03    0.33035E-04    0.18177E+07    0.12987E+04
   144    0.19493E+00    0.81045E-04    0.45625E-03    0.18043E+07    0.12802E+04
   145    0.12653E+00    0.11218E-03    0.90586E-03    0.17911E+07    0.12620E+04
   146    0.27613E+00    0.17933E-04    0.91965E-03    0.17780E+07    0.12443E+04
   147    0.20783E+00    0.20080E-04    0.15210E-02    0.17651E+07    0.12269E+04
   148    0.15429E+00   -0.31007E-04    0.76213E-03    0.17524E+07    0.12098E+04
   149    0.19960E+00   -0.62107E-04   -0.33364E-03    0.17398E+07    0.11931E+04
   150    0.13071E+00    0.00000E+00    0.78837E-09    0.17274E+07    0.11767E+04
   151    0.10568E+00    0.77267E-04   -0.16144E-02    0.17152E+07    0.11606E+04
   152   -0.15835E-01    0.80850E-04   -0.38724E-02    0.17031E+07    0.11448E+04
   153   -0.77385E-01    0.14206E-03   -0.46709E-02    0.16911E+07    0.11293E+04
   154   -0.14535E+00    0.24362E-03   -0.63636E-02    0.16793E+07    0.11140E+04
   155   -0.21185E+00    0.36829E-03   -0.83328E-02    0.16677E+07    0.10991E+04
   156   -0.41754E+00    0.49880E-03   -0.10704E-01    0.16562E+07    0.10844E+04
   157   -0.45740E+00    0.61790E-03   -0.12116E-01    0.16448E+07    0.10701E+04
   158   -0.54638E+00    0.78259E-03   -0.13437E-01    0.16336E+07    0.10560E+04
   159   -0.67659E+00    0.82706E-03   -0.14794E-01    0.16225E+07    0.10421E+04
   160   -0.76585E+00    0.88262E-03   -0.14824E-01    0.16115E+07    0.10285E+04
   161   -0.80627E+00    0.10063E-02   -0.15139E-01    0.16007E+07    0.10152E+04
   162   -0.86423E+00    0.10322E-02   -0.15864E-01    0.15900E+07    0.10021E+04
   163   -0.78327E+00    0.10175E-02   -0.15639E-01    0.15794E+07    0.98920E+03
   164   -0.85263E+00    0.10190E-02   -0.16075E-01    0.15690E+07    0.97657E+03
   165   -0.76729E+00    0.94538E-03   -0.15068E-01    0.15586E+07    0.96417E+03
   166   -0.66791E+00    0.92781E-03   -0.14230E-01    0.15484E+07    0.95199E+03
   167   -0.47231E+00    0.72622E-03   -0.14427E-01    0.15383E+07    0.94003E+03
   168   -0.39546E+00    0.69477E-03   -0.13558E-01    0.15283E+07    0.92828E+03
   169   -0.28088E+00    0.51905E-03   -0.11747E-01    0.15185E+07    0.91673E+03
   170   -0.12069E+00    0.40467E-03   -0.10605E-01    0.15087E+07    0.90539E+03
   171   -0.55556E-01    0.33435E-03   -0.80286E-02    0.14990E+07    0.89423E+03
   172   -0.32988E-02    0.21656E-03   -0.56291E-02    0.14894E+07    0.88327E+03
   173   -0.30309E-01    0.34034E-04   -0.35315E-02    0.14800E+07    0.87249E+03
   174    0.19877E-01    0.66645E-04   -0.18610E-02    0.14706E+07    0.86189E+03
   175    0.80870E-01    0.00000E+00   -0.31977E-10    0.14613E+07    0.85145E+03
   176    0.12120E-01    0.36738E-04    0.19737E-02    0.14522E+07    0.84119E+03
   177   -0.29292E-01    0.70562E-04    0.26861E-02    0.14431E+07    0.83108E+03
   178   -0.10902E+00    0.28936E-03    0.37823E-02    0.14341E+07    0.82114E+03
   179   -0.21842E+00    0.36102E-03    0.54213E-02    0.14251E+07    0.81135E+03
   180   -0.20030E+00    0.47345E-03    0.62767E-02    0.14163E+07    0.80172E+03
   181   -0.26886E+00    0.59167E-03    0.65077E-02    0.14076E+07    0.79224E+03
   182   -0.34120E+00    0.75500E-03    0.77592E-02    0.13989E+07    0.78290E+03
   183   -0.48297E+00    0.85420E-03    0.87047E-02    0.13903E+07    0.77372E+03
   184   -0.53695E+00    0.92858E-03    0.10246E-01    0.13818E+07    0.76467E+03
   185   -0.56879E+00    0.10917E-02    0.10315E-01    0.13734E+07    0.75577E+03
   186   -0.94129E+00    0.11676E-02    0.12040E-01    0.13650E+07    0.74700E+03
   187   -0.97726E+00    0.12623E-02    0.14096E-01    0.13568E+07    0.73836E+03
   188   -0.10395E+01    0.13260E-02    0.15157E-01    0.13486E+07    0.72986E+03
   189   -0.11936E+01    0.13610E-02    0.16867E-01    0.13404E+07    0.72148E+03
   190   -0.98524E+00    0.13842E-02    0.17157E-01    0.13324E+07    0.71323E+03
   191   -0.11487E+01    0.13829E-02    0.19157E-01    0.13244E+07    0.70510E+03
   192   -0.11552E+01    0.13446E-02    0.20798E-01    0.13165E+07    0.69709E+03
   193   -0.12191E+01    0.12787E-02    0.20754E-01    0.13086E+07    0.68920E+03
   194   -0.11089E+01    0.11801E-02    0.21412E-01    0.13008E+07    0.68142E+03
   195   -0.10388E+01    0.10509E-02    0.20704E-01    0.12931E+07    0.67376E+03
   196   -0.10001E+01    0.89326E-03    0.19530E-01    0.12854E+07    0.66620E+03
   197   -0.83571E+00    0.71685E-03    0.16565E-01    0.12778E+07    0.65874E+03
   198   -0.61119E+00    0.50895E-03    0.12711E-01    0.12703E+07    0.65139E+03
   199   -0.31792E+00    0.27175E-03    0.73839E-02    0.12628E+07    0.64413E+03
   200    0.52710E-01    0.00000E+00   -0.68527E-11    0.12554E+07    0.63698E+03
   201    0.43349E+00   -0.28135E-03   -0.84539E-02    0.12480E+07    0.62991E+03
   202    0.89942E+00   -0.59737E-03   -0.18882E-01    0.12406E+07    0.62294E+03
   203    0.13754E+01   -0.92061E-03   -0.29875E-01    0.12334E+07    0.61606E+03
   204    0.17862E+01   -0.12608E-02   -0.43737E-01    0.12261E+07    0.60927E+03
   205    0.22796E+01   -0.16054E-02   -0.57575E-01    0.12190E+07    0.60258E+03
   206    0.27062E+01   -0.19491E-02   -0.71984E-01    0.12118E+07    0.59596E+03
   207    0.32137E+01   -0.23019E-02   -0.86745E-01    0.12048E+07    0.58944E+03
   208    0.35784E+01   -0.26435E-02   -0.10171E+00    0.11977E+07    0.58300E+03
   209    0.39480E+01   -0.29838E-02   -0.11658E+00    0.11907E+07    0.57665E+03
   210    0.43216E+01   -0.33028E-02   -0.13159E+00    0.11838E+07    0.57038E+03
   211    0.46985E+01   -0.36027E-02   -0.14613E+00    0.11769E+07    0.56419E+03
   212    0.49291E+01   -0.38858E-02   -0.16047E+00    0.11701E+07    0.55809E+03
   213    0.52355E+01   -0.41395E-02   -0.17389E+00    0.11633E+07    0.55207E+03
   214    0.54682E+01   -0.44033E-02   -0.18694E+00    0.11565E+07    0.54612E+03
   215    0.57008E+01   -0.45160E-02   -0.19969E+00    0.11498E+07    0.54026E+03
   216    0.58580E+01   -0.46954E-02   -0.21095E+00    0.11432E+07    0.53447E+03
   217    0.60875E+01   -0.48174E-02   -0.22206E+00    0.11366E+07    0.52876E+03
   218    0.62400E+01   -0.49140E-02   -0.23214E+00    0.11300E+07    0.52313E+03
   219    0.63889E+01   -0.50172E-02   -0.23956E+00    0.11234E+07    0.51757E+03
   220    0.65333E+01   -0.50105E-02   -0.24809E+00    0.11170E+07    0.51208E+03
   221    0.66724E+01   -0.50002E-02   -0.25486E+00    0.11105E+07    0.50667E+03
   222    0.68053E+01   -0.48696E-02   -0.26067E+00    0.11041E+07    0.50133E+03
   223    0.67826E+01   -0.47250E-02   -0.26412E+00    0.10977E+07    0.49606E+03
   224    0.69005E+01   -0.45985E-02   -0.26826E+00    0.10914E+07    0.49086E+03
   225    0.69355E+01   -0.43735E-02   -0.26945E+00    0.10851E+07    0.48572E+03
   226    0.69609E+01   -0.40820E-02   -0.27073E+00    0.10788E+07    0.48066E+03
   227    0.69015E+01   -0.37559E-02   -0.26996E+00    0.10726E+07    0.47566E+03
   228    0.69051E+01   -0.34273E-02   -0.26795E+00    0.10664E+07    0.47072E+03
   229    0.68966E+01   -0.30538E-02   -0.26553E+00    0.10602E+07    0.46585E+03
   230    0.68008E+01   -0.26675E-02   -0.26128E+00    0.10541E+07    0.46105E+03
   231    0.66169E+01   -0.22262E-02   -0.25528E+00    0.10480E+07    0.45630E+03
   232    0.64925E+01   -0.18360E-02   -0.24836E+00    0.10419E+07    0.45162E+03
   233    0.63526E+01   -0.13061E-02   -0.24132E+00    0.10359E+07    0.44700E+03
   234    0.60477E+01   -0.81706E-03   -0.23276E+00    0.10299E+07    0.44243E+03
   235    0.57998E+01   -0.32665E-03   -0.22351E+00    0.10239E+07    0.43792E+03
   236    0.54596E+01    0.13318E-03   -0.21288E+00    0.10180E+07    0.43348E+03
   237    0.51003E+01    0.60470E-03   -0.20172E+00    0.10121E+07    0.42908E+03
   238    0.47213E+01    0.11302E-02   -0.18933E+00    0.10062E+07    0.42474E+03
   239    0.43958E+01    0.15291E-02   -0.17582E+00    0.10003E+07    0.42046E+03
   240    0.39003E+01    0.18438E-02   -0.16272E+00    0.99451E+06    0.41622E+03
   241    0.35309E+01    0.21907E-02   -0.14865E+00    0.98871E+06    0.41204E+03
   242    0.31383E+01    0.23893E-02   -0.13367E+00    0.98294E+06    0.40791E+03
   243    0.27217E+01    0.25562E-02   -0.11859E+00    0.97719E+06    0.40383E+03
   244    0.22801E+01    0.25851E-02   -0.10203E+00    0.97146E+06    0.39980E+03
   245    0.18127E+01    0.25182E-02   -0.86270E-01    0.96576E+06    0.39582E+03
   246    0.13929E+01    0.23237E-02   -0.69168E-01    0.96008E+06    0.39188E+03
   247    0.10200E+01    0.18952E-02   -0.52285E-01    0.95442E+06    0.38799E+03
   248    0.61867E+00    0.15721E-02   -0.34955E-01    0.94878E+06    0.38414E+03
   249    0.33673E+00    0.80248E-03   -0.17253E-01    0.94317E+06    0.38033E+03
   250    0.24747E-01    0.00000E+00    0.96009E-13    0.93757E+06    0.37657E+03
   251   -0.17108E+00   -0.11553E-02    0.18203E-01    0.93200E+06    0.37285E+03
   252   -0.48200E+00   -0.24267E-02    0.36481E-01    0.92644E+06    0.36917E+03
   253   -0.54649E+00   -0.40141E-02    0.53948E-01    0.92091E+06    0.36553E+03
   254   -0.67159E+00   -0.55973E-02    0.71205E-01    0.91540E+06    0.36193E+03
   255   -0.79291E+00   -0.74504E-02    0.88851E-01    0.90991E+06    0.35837E+03
   256   -0.84607E+00   -0.91791E-02    0.10749E+00    0.90445E+06    0.35485E+03
   257   -0.84098E+00   -0.11206E-01    0.11954E+00    0.89901E+06    0.35137E+03
   258   -0.86181E+00   -0.13137E-01    0.13824E+00    0.89360E+06    0.34793E+03
   259   -0.84419E+00   -0.15097E-01    0.14933E+00    0.88822E+06    0.34452E+03
   260   -0.72373E+00   -0.17063E-01    0.16826E+00    0.88286E+06    0.34116E+03
   261   -0.65890E+00   -0.19087E-01    0.17336E+00    0.87753E+06    0.33783E+03
   262   -0.65961E+00   -0.20923E-01    0.18751E+00    0.87224E+06    0.33454E+03
   263   -0.36432E+00   -0.22770E-01    0.20387E+00    0.86697E+06    0.33129E+03
   264   -0.22866E+00   -0.24532E-01    0.21562E+00    0.86174E+06    0.32807E+03
   265   -0.18824E+00   -0.26259E-01    0.21593E+00    0.85654E+06    0.32489E+03
   266   -0.30094E-01   -0.27706E-01    0.22769E+00    0.85137E+06    0.32175E+03
   267    0.13009E-01   -0.29221E-01    0.22921E+00    0.84624E+06    0.31864E+03
   268    0.79741E-01   -0.30410E-01    0.23595E+00    0.84114E+06    0.31557E+03
   269    0.11634E-01   -0.31547E-01    0.24107E+00    0.83608E+06    0.31253E+03
   270    0.95919E-01   -0.32534E-01    0.24519E+00    0.83106E+06    0.30953E+03
   271    0.99846E-01   -0.33424E-01    0.24889E+00    0.82608E+06    0.30656E+03
   272    0.23636E+00   -0.33894E-01    0.24536E+00    0.82114E+06    0.30363E+03
   273    0.27272E+00   -0.34518E-01    0.25005E+00    0.81624E+06    0.30073E+03
   274    0.34758E+00   -0.34678E-01    0.24127E+00    0.81138E+06    0.29786E+03
   275    0.37677E+00   -0.34870E-01    0.24190E+00    0.80656E+06    0.29502E+03
   276    0.49893E+00   -0.34849E-01    0.23027E+00    0.80179E+06    0.29222E+03
   277    0.48134E+00   -0.34591E-01    0.22926E+00    0.79706E+06    0.28945E+03
   278    0.53693E+00   -0.34149E-01    0.21717E+00    0.79238E+06    0.28672E+03
   279    0.58152E+00   -0.33573E-01    0.20206E+00    0.78774E+06    0.28401E+03
   280    0.60520E+00   -0.32841E-01    0.19935E+00    0.78315E+06    0.28134E+03
   281    0.74665E+00   -0.31854E-01    0.18738E+00    0.77861E+06    0.27870E+03
   282    0.69883E+00   -0.30888E-01    0.17418E+00    0.77412E+06    0.27608E+03
   283    0.74898E+00   -0.29696E-01    0.16033E+00    0.76968E+06    0.27350E+03
   284    0.81290E+00   -0.28329E-01    0.14644E+00    0.76529E+06    0.27095E+03
   285    0.88069E+00   -0.26765E-01    0.13312E+00    0.76096E+06    0.26843E+03
   286    0.86818E+00   -0.25130E-01    0.11352E+00    0.75667E+06    0.26593E+03
   287    0.83975E+00   -0.23399E-01    0.10312E+00    0.75245E+06    0.26347E+03
   288    0.85977E+00   -0.21551E-01    0.87651E-01    0.74827E+06    0.26104E+03
   289    0.84406E+00   -0.19636E-01    0.75142E-01    0.74416E+06    0.25863E+03
   290    0.85700E+00   -0.17779E-01    0.66194E-01    0.74010E+06    0.25625E+03
   291    0.88870E+00   -0.15217E-01    0.46550E-01    0.73610E+06    0.25390E+03
   292    0.63212E+00   -0.13038E-01    0.39095E-01    0.73215E+06    0.25157E+03
   293    0.67163E+00   -0.11592E-01    0.22144E-01    0.72827E+06    0.24928E+03
   294    0.55161E+00   -0.93704E-02    0.18583E-01    0.72445E+06    0.24700E+03
   295    0.63360E+00   -0.78354E-02    0.67261E-02    0.72069E+06    0.24476E+03
   296    0.53626E+00   -0.54786E-02    0.20301E-02    0.71700E+06    0.24254E+03
   297    0.47256E+00   -0.45053E-02    0.50950E-02    0.71337E+06    0.24035E+03
   298    0.28402E+00   -0.26641E-02    0.16641E-02    0.70980E+06    0.23818E+03
   299    0.18359E+00   -0.67475E-03   -0.23422E-03    0.70630E+06    0.23604E+03
   300    0.12806E-01    0.00000E+00    0.00000E+00    0.70287E+06    0.23392E+03
   301   -0.16382E+00    0.87705E-03    0.10259E-01    0.69950E+06    0.23182E+03
   302   -0.28122E+00    0.12775E-02    0.30463E-01    0.69620E+06    0.22975E+03
   303   -0.42276E+00    0.20163E-02    0.45537E-01    0.69296E+06    0.22771E+03
   304   -0.59752E+00    0.31656E-02    0.55267E-01    0.68978E+06    0.22568E+03
   305   -0.74032E+00    0.33118E-02    0.74293E-01    0.68665E+06    0.22368E+03
   306   -0.93451E+00    0.32699E-02    0.94968E-01    0.68356E+06    0.22171E+03
   307   -0.11149E+01    0.31120E-02    0.10965E+00    0.68053E+06    0.21975E+03
   308   -0.12906E+01    0.43959E-02    0.14041E+00    0.67754E+06    0.21782E+03
   309   -0.13963E+01    0.42224E-02    0.15731E+00    0.67459E+06    0.21591E+03
   310   -0.15898E+01    0.34063E-02    0.18242E+00    0.67167E+06    0.21402E+03
   311   -0.17315E+01    0.42485E-02    0.20067E+00    0.66878E+06    0.21216E+03
   312   -0.18305E+01    0.38496E-02    0.22671E+00    0.66592E+06    0.21031E+03
   313   -0.19703E+01    0.37674E-02    0.24545E+00    0.66309E+06    0.20849E+03
   314   -0.20855E+01    0.40740E-02    0.27154E+00    0.66028E+06    0.20669E+03
   315   -0.21854E+01    0.33559E-02    0.28990E+00    0.65748E+06    0.20491E+03
   316   -0.22789E+01    0.31709E-02    0.30775E+00    0.65470E+06    0.20315E+03
   317   -0.23751E+01    0.21055E-02    0.32487E+00    0.65193E+06    0.20141E+03
   318   -0.24832E+01    0.24602E-02    0.34105E+00    0.64916E+06    0.19969E+03
   319   -0.25380E+01    0.20787E-02    0.35606E+00    0.64640E+06    0.19799E+03
   320   -0.25484E+01    0.17759E-02    0.37712E+00    0.64364E+06    0.19631E+03
   321   -0.25980E+01    0.23668E-02    0.38916E+00    0.64087E+06    0.19465E+03
   322   -0.26214E+01    0.16949E-02    0.39938E+00    0.63809E+06    0.19301E+03
   323   -0.26278E+01    0.13182E-02    0.40758E+00    0.63531E+06    0.19138E+03
   324   -0.26262E+01    0.20516E-02    0.40610E+00    0.63250E+06    0.18978E+03
   325   -0.25516E+01    0.25286E-03    0.41702E+00    0.62968E+06    0.18820E+03
   326   -0.25614E+01    0.45130E-03    0.41041E+00    0.62684E+06    0.18663E+03
   327   -0.25162E+01    0.49047E-03    0.40833E+00    0.62396E+06    0.18508E+03
   328   -0.24252E+01   -0.30035E-03    0.41057E+00    0.62106E+06    0.18355E+03
   329   -0.23716E+01   -0.36335E-03    0.40205E+00    0.61813E+06    0.18204E+03
   330   -0.22903E+01   -0.11121E-02    0.38999E+00    0.61516E+06    0.18054E+03
   331   -0.21161E+01   -0.17316E-02    0.38160E+00    0.61214E+06    0.17906E+03
   332   -0.20067E+01   -0.14070E-02    0.37666E+00    0.60909E+06    0.17760E+03
   333   -0.18967E+01   -0.15517E-02    0.36752E+00    0.60598E+06    0.17616E+03
   334   -0.17211E+01   -0.13509E-02    0.35398E+00    0.60282E+06    0.17473E+03
   335   -0.16375E+01   -0.22180E-02    0.33582E+00    0.59961E+06    0.17332E+03
   336   -0.15063E+01   -0.25953E-02    0.32024E+00    0.59634E+06    0.17192E+03
   337   -0.13368E+01   -0.24107E-02    0.29217E+00    0.59301E+06    0.17054E+03
   338   -0.12122E+01   -0.30777E-02    0.27369E+00    0.58961E+06    0.16918E+03
   339   -0.99305E+00   -0.22956E-02    0.24972E+00    0.58614E+06    0.16783E+03
   340   -0.83704E+00   -0.22210E-02    0.23489E+00    0.58260E+06    0.16649E+03
   341   -0.75323E+00   -0.27816E-02    0.20672E+00    0.57898E+06    0.16517E+03
   342   -0.60213E+00   -0.16768E-02    0.17983E+00    0.57528E+06    0.16387E+03
   343   -0.46713E+00   -0.18059E-02    0.15401E+00    0.57149E+06    0.16258E+03
   344   -0.28301E+00   -0.16110E-02    0.12905E+00    0.56762E+06    0.16130E+03
   345   -0.20743E+00   -0.17629E-02    0.10473E+00    0.56365E+06    0.16004E+03
   346   -0.10091E+00   -0.70383E-03    0.88264E-01    0.55959E+06    0.15879E+03
   347   -0.46813E-01   -0.59009E-03    0.64572E-01    0.55544E+06    0.15755E+03
   348    0.20061E-01   -0.60675E-03    0.40871E-01    0.55118E+06    0.15633E+03
   349    0.16344E-01    0.61127E-04    0.16943E-01    0.54681E+06    0.15512E+03
   350    0.72339E-02    0.00000E+00    0.00000E+00    0.54233E+06    0.15392E+03
   351    0.13351E+00    0.76342E-03   -0.17693E-01    0.53775E+06    0.15274E+03
   352    0.21107E-01    0.16595E-02   -0.36808E-01    0.53306E+06    0.15157E+03
   353   -0.34168E-01    0.19922E-02   -0.43252E-01    0.52828E+06    0.15041E+03
   354   -0.18223E+00    0.25510E-02   -0.60074E-01    0.52343E+06    0.14926E+03
   355   -0.27585E+00    0.33826E-02   -0.73179E-01    0.51852E+06    0.14812E+03
   356   -0.39067E+00    0.45338E-02   -0.75903E-01    0.51356E+06    0.14700E+03
   357   -0.52801E+00    0.53084E-02   -0.83866E-01    0.50855E+06    0.14588E+03
   358   -0.61494E+00    0.50104E-02   -0.82973E-01    0.50353E+06    0.14478E+03
   359   -0.80137E+00    0.51721E-02   -0.88846E-01    0.49849E+06    0.14369E+03
   360   -0.94007E+00    0.58403E-02   -0.91104E-01    0.49345E+06    0.14262E+03
   361   -0.11067E+01    0.63189E-02   -0.94968E-01    0.48843E+06    0.14155E+03
   362   -0.12282E+01    0.66545E-02   -0.98230E-01    0.48343E+06    0.14049E+03
   363   -0.13804E+01    0.76368E-02   -0.99424E-01    0.47847E+06    0.13945E+03
   364   -0.14902E+01    0.70839E-02   -0.10303E+00    0.47356E+06    0.13841E+03
   365   -0.16332E+01    0.72711E-02   -0.10386E+00    0.46871E+06    0.13739E+03
   366   -0.17366E+01    0.75022E-02   -0.10566E+00    0.46394E+06    0.13638E+03
   367   -0.18016E+01    0.63384E-02   -0.10696E+00    0.45926E+06    0.13537E+03
   368   -0.19783E+01    0.60549E-02   -0.10704E+00    0.45468E+06    0.13438E+03
   369   -0.19707E+01    0.59554E-02   -0.10888E+00    0.45021E+06    0.13340E+03
   370   -0.20031E+01    0.53441E-02   -0.10806E+00    0.44587E+06    0.13243E+03
   371   -0.20768E+01    0.42674E-02   -0.10905E+00    0.44167E+06    0.13146E+03
   372   -0.21189E+01    0.35151E-02   -0.10815E+00    0.43762E+06    0.13051E+03
   373   -0.21307E+01    0.23910E-02   -0.10911E+00    0.43374E+06    0.12957E+03
   374   -0.21136E+01    0.16846E-02   -0.10896E+00    0.43003E+06    0.12863E+03
   375   -0.21432E+01    0.69991E-03   -0.10848E+00    0.42651E+06    0.12771E+03
   376   -0.20722E+01    0.22640E-03   -0.10842E+00    0.42320E+06    0.12679E+03
   377   -0.19764E+01   -0.11748E-02   -0.10658E+00    0.42010E+06    0.12589E+03
   378   -0.19312E+01   -0.27143E-02   -0.10670E+00    0.41722E+06    0.12499E+03
   379   -0.18639E+01   -0.36023E-02   -0.10507E+00    0.41459E+06    0.12410E+03
   380   -0.17013E+01   -0.37922E-02   -0.10469E+00    0.41221E+06    0.12322E+03
   381   -0.15935E+01   -0.69515E-02   -0.10335E+00    0.41010E+06    0.12235E+03
   382   -0.15419E+01   -0.78336E-02   -0.10108E+00    0.40826E+06    0.12149E+03
   383   -0.13990E+01   -0.93631E-02   -0.10012E+00    0.40672E+06    0.12063E+03
   384   -0.11664E+01   -0.11493E-01   -0.97518E-01    0.40547E+06    0.11979E+03
   385   -0.10681E+01   -0.11949E-01   -0.95526E-01    0.40455E+06    0.11895E+03
   386   -0.88280E+00   -0.12912E-01   -0.92679E-01    0.40395E+06    0.11812E+03
   387   -0.76026E+00   -0.14335E-01   -0.89739E-01    0.40369E+06    0.11730E+03
   388   -0.62757E+00   -0.15429E-01   -0.85984E-01    0.40379E+06    0.11648E+03
   389   -0.48608E+00   -0.18376E-01   -0.82178E-01    0.40426E+06    0.11567E+03
   390   -0.33713E+00   -0.17929E-01   -0.76854E-01    0.40510E+06    0.11487E+03
   391   -0.18207E+00   -0.18499E-01   -0.72262E-01    0.40633E+06    0.11408E+03
   392   -0.96520E-01   -0.17067E-01   -0.66193E-01    0.40797E+06    0.11330E+03
   393    0.66747E-01   -0.16558E-01   -0.60155E-01    0.41003E+06    0.11252E+03
   394    0.15782E+00   -0.15439E-01   -0.52680E-01    0.41252E+06    0.11175E+03
   395    0.17535E+00   -0.14407E-01   -0.46019E-01    0.41544E+06    0.11098E+03
   396    0.26658E+00   -0.12673E-01   -0.37369E-01    0.41883E+06    0.11022E+03
   397    0.20729E+00   -0.10189E-01   -0.28831E-01    0.42268E+06    0.10947E+03
   398    0.21901E+00   -0.76510E-02   -0.19829E-01    0.42701E+06    0.10873E+03
   399    0.15183E+00   -0.42704E-02   -0.10259E-01    0.43183E+06    0.10799E+03
   400    0.43956E-02    0.00000E+00    0.00000E+00    0.43716E+06    0.10725E+03
   401   -0.14884E+00    0.44423E-02    0.10795E-01    0.44300E+06    0.10653E+03
   402   -0.30166E+00    0.89950E-02    0.22317E-01    0.44934E+06    0.10581E+03
   403   -0.52065E+00    0.15060E-01    0.34445E-01    0.45615E+06    0.10509E+03
   404   -0.79808E+00    0.21069E-01    0.48024E-01    0.46342E+06    0.10438E+03
   405   -0.10520E+01    0.26938E-01    0.61523E-01    0.47113E+06    0.10368E+03
   406   -0.14232E+01    0.34070E-01    0.76456E-01    0.47925E+06    0.10298E+03
   407   -0.17554E+01    0.40895E-01    0.90621E-01    0.48777E+06    0.10229E+03
   408   -0.21152E+01    0.48074E-01    0.10776E+00    0.49666E+06    0.10160E+03
   409   -0.24206E+01    0.56265E-01    0.12493E+00    0.50590E+06    0.10092E+03
   410   -0.28124E+01    0.63157E-01    0.14217E+00    0.51548E+06    0.10025E+03
   411   -0.31344E+01    0.70895E-01    0.16097E+00    0.52536E+06    0.99576E+02
   412   -0.35275E+01    0.78652E-01    0.17990E+00    0.53554E+06    0.98912E+02
   413   -0.39095E+01    0.86346E-01    0.19971E+00    0.54599E+06    0.98253E+02
   414   -0.43471E+01    0.93893E-01    0.21969E+00    0.55669E+06    0.97599E+02
   415   -0.46841E+01    0.10195E+00    0.24136E+00    0.56762E+06    0.96951E+02
   416   -0.50612E+01    0.10896E+00    0.26252E+00    0.57876E+06    0.96309E+02
   417   -0.54708E+01    0.11630E+00    0.28318E+00    0.59008E+06    0.95671E+02
   418   -0.58308E+01    0.12169E+00    0.30562E+00    0.60158E+06    0.95039E+02
   419   -0.61335E+01    0.12799E+00    0.32838E+00    0.61322E+06    0.94412E+02
   420   -0.64456E+01    0.13439E+00    0.35073E+00    0.62499E+06    0.93790E+02
   421   -0.66849E+01    0.14007E+00    0.37345E+00    0.63686E+06    0.93173E+02
   422   -0.69182E+01    0.14492E+00    0.39508E+00    0.64882E+06    0.92561E+02
   423   -0.72119E+01    0.14888E+00    0.41714E+00    0.66084E+06    0.91954E+02
   424   -0.74840E+01    0.15261E+00    0.43816E+00    0.67291E+06    0.91352E+02
   425   -0.76526E+01    0.15526E+00    0.45967E+00    0.68500E+06    0.90755E+02
   426   -0.77842E+01    0.15826E+00    0.48020E+00    0.69709E+06    0.90163E+02
   427   -0.79454E+01    0.16003E+00    0.49830E+00    0.70917E+06    0.89576E+02
   428   -0.80542E+01    0.16123E+00    0.51696E+00    0.72121E+06    0.88993E+02
   429   -0.81771E+01    0.16177E+00    0.53399E+00    0.73318E+06    0.88416E+02
   430   -0.81579E+01    0.16232E+00    0.54867E+00    0.74508E+06    0.87843E+02
   431   -0.81375E+01    0.16130E+00    0.56177E+00    0.75688E+06    0.87274E+02
   432   -0.81824E+01    0.15938E+00    0.57184E+00    0.76856E+06    0.86710E+02
   433   -0.80620E+01    0.15796E+00    0.58112E+00    0.78010E+06    0.86151E+02
   434   -0.79914E+01    0.15472E+00    0.58595E+00    0.79147E+06    0.85596E+02
   435   -0.78888E+01    0.15182E+00    0.58782E+00    0.80266E+06    0.85046E+02
   436   -0.76720E+01    0.14768E+00    0.58602E+00    0.81365E+06    0.84500E+02
   437   -0.74077E+01    0.14222E+00    0.58133E+00    0.82442E+06    0.83959E+02
   438   -0.71624E+01    0.13609E+00    0.57303E+00    0.83494E+06    0.83422E+02
   439   -0.67799E+01    0.12997E+00    0.55891E+00    0.84519E+06    0.82889E+02
   440   -0.64009E+01    0.12227E+00    0.54125E+00    0.85516E+06    0.82360E+02
   441   -0.59435E+01    0.11366E+00    0.51708E+00    0.86483E+06    0.81836E+02
   442   -0.55486E+01    0.10406E+00    0.48794E+00    0.87417E+06    0.81316E+02
   443   -0.49855E+01    0.94122E-01    0.45235E+00    0.88315E+06    0.80800E+02
   444   -0.43952E+01    0.83765E-01    0.41109E+00    0.89178E+06    0.80288E+02
   445   -0.37699E+01    0.70679E-01    0.36271E+00    0.90001E+06    0.79780E+02
   446   -0.31762E+01    0.58492E-01    0.30797E+00    0.90783E+06    0.79276E+02
   447   -0.24578E+01    0.45638E-01    0.24393E+00    0.91523E+06    0.78776E+02
   448   -0.17555E+01    0.30545E-01    0.17136E+00    0.92217E+06    0.78280E+02
   449   -0.91313E+00    0.15360E-01    0.91029E-01    0.92864E+06    0.77788E+02
   450    0.27914E-02    0.00000E+00    0.00000E+00    0.93462E+06    0.77299E+02
   451    0.92463E+00   -0.17093E-01   -0.99948E-01    0.94010E+06    0.76814E+02
   452    0.18548E+01   -0.34455E-01   -0.21041E+00    0.94507E+06    0.76333E+02
   453    0.29432E+01   -0.52095E-01   -0.32828E+00    0.94955E+06    0.75856E+02
   454    0.39684E+01   -0.70766E-01   -0.45412E+00    0.95355E+06    0.75382E+02
   455    0.50059E+01   -0.89735E-01   -0.58705E+00    0.95707E+06    0.74912E+02
   456    0.62057E+01   -0.10975E+00   -0.71948E+00    0.96014E+06    0.74445E+02
   457    0.72720E+01   -0.12935E+00   -0.86463E+00    0.96276E+06    0.73981E+02
   458    0.84289E+01   -0.14927E+00   -0.10030E+01    0.96493E+06    0.73521E+02
   459    0.96037E+01   -0.16878E+00   -0.11494E+01    0.96667E+06    0.73064E+02
   460    0.10797E+02   -0.18938E+00   -0.12969E+01    0.96800E+06    0.72609E+02
   461    0.11937E+02   -0.20960E+00   -0.14453E+01    0.96891E+06    0.72158E+02
   462    0.13099E+02   -0.23018E+00   -0.15879E+01    0.96943E+06    0.71710E+02
   463    0.14210E+02   -0.24965E+00   -0.17422E+01    0.96955E+06    0.71265E+02
   464    0.15271E+02   -0.26877E+00   -0.18778E+01    0.96930E+06    0.70822E+02
   465    0.16283E+02   -0.28753E+00   -0.20233E+01    0.96868E+06    0.70382E+02
   466    0.17323E+02   -0.30670E+00   -0.21557E+01    0.96770E+06    0.69945E+02
   467    0.18391E+02   -0.32480E+00   -0.22888E+01    0.96637E+06    0.69510E+02
   468    0.19340E+02   -0.34183E+00   -0.24144E+01    0.96470E+06    0.69078E+02
   469    0.20246E+02   -0.35930E+00   -0.25390E+01    0.96271E+06    0.68649E+02
   470    0.21185E+02   -0.37498E+00   -0.26542E+01    0.96039E+06    0.68221E+02
   471    0.21861E+02   -0.38889E+00   -0.27592E+01    0.95777E+06    0.67796E+02
   472    0.22646E+02   -0.40251E+00   -0.28606E+01    0.95486E+06    0.67373E+02
   473    0.23319E+02   -0.41513E+00   -0.29498E+01    0.95165E+06    0.66952E+02
   474    0.23956E+02   -0.42599E+00   -0.30336E+01    0.94817E+06    0.66533E+02
   475    0.24558E+02   -0.43661E+00   -0.31036E+01    0.94442E+06    0.66116E+02
   476    0.24977E+02   -0.44475E+00   -0.31610E+01    0.94042E+06    0.65702E+02
   477    0.25290E+02   -0.45192E+00   -0.32148E+01    0.93617E+06    0.65288E+02
   478    0.25572E+02   -0.45812E+00   -0.32453E+01    0.93169E+06    0.64877E+02
   479    0.25751E+02   -0.46188E+00   -0.32762E+01    0.92698E+06    0.64467E+02
   480    0.25826E+02   -0.46395E+00   -0.32874E+01    0.92205E+06    0.64059E+02
   481    0.25801E+02   -0.46435E+00   -0.32816E+01    0.91692E+06    0.63652E+02
   482    0.25749E+02   -0.46233E+00   -0.32638E+01    0.91160E+06    0.63247E+02
   483    0.25451E+02   -0.45865E+00   -0.32355E+01    0.90609E+06    0.62843E+02
   484    0.24981E+02   -0.45258E+00   -0.31897E+01    0.90041E+06    0.62441E+02
   485    0.24565E+02   -0.44487E+00   -0.31271E+01    0.89456E+06    0.62039E+02
   486    0.23979E+02   -0.43404E+00   -0.30489E+01    0.88856E+06    0.61639E+02
   487    0.23226E+02   -0.42085E+00   -0.29543E+01    0.88241E+06    0.61240E+02
   488    0.22307E+02   -0.40604E+00   -0.28417E+01    0.87614E+06    0.60841E+02
   489    0.21297E+02   -0.38815E+00   -0.27116E+01    0.86974E+06    0.60444E+02
   490    0.20198E+02   -0.36718E+00   -0.25625E+01    0.86322E+06    0.60048E+02
   491    0.18789E+02   -0.34389E+00   -0.23962E+01    0.85661E+06    0.59652E+02
   492    0.17368E+02   -0.31754E+00   -0.22113E+01    0.84990E+06    0.59257E+02
   493    0.15787E+02   -0.28962E+00   -0.20054E+01    0.84311E+06    0.58862E+02
   494    0.14048E+02   -0.25718E+00   -0.17812E+01    0.83625E+06    0.58468E+02
   495    0.12078E+02   -0.22245E+00   -0.15364E+01    0.82932E+06    0.58075E+02
   496    0.99534E+01   -0.18396E+00   -0.12716E+01    0.82235E+06    0.57682E+02
   497    0.76745E+01   -0.14246E+00   -0.98510E+00    0.81533E+06    0.57289E+02
   498    0.52430E+01   -0.98705E-01   -0.67901E+00    0.80829E+06    0.56896E+02
   499    0.27345E+01   -0.50472E-01   -0.34946E+00    0.80122E+06    0.56504E+02
   500    0.18127E-02    0.00000E+00    0.00000E+00    0.79415E+06    0.56112E+02
