#    L    TT             EE             TE             PP             TP          
     2    0.32888E+03    0.81923E-10   -0.12887E-04    0.95486E+06    0.32963E+05
     3    0.23063E+03    0.25134E-10    0.79035E-05    0.14652E+07    0.36864E+05
     4    0.17344E+03    0.67881E-11    0.75839E-05    0.19131E+07    0.38186E+05
     5    0.13644E+03    0.24632E-11    0.41283E-05    0.23048E+07    0.38283E+05
     6    0.11073E+03    0.11528E-11    0.21529E-05    0.26469E+07    0.37741E+05
     7    0.91942E+02    0.59542E-12    0.21918E-05    0.29465E+07    0.36860E+05
     8    0.77705E+02    0.48422E-12    0.31659E-05    0.32096E+07    0.35803E+05
     9    0.66612E+02    0.60435E-12    0.37103E-05    0.34414E+07    0.34665E+05
    10    0.57761E+02    0.62761E-12    0.33344E-05    0.36457E+07    0.33494E+05
    11    0.50581E+02    0.45954E-12    0.24100E-05    0.38271E+07    0.32330E+05
    12    0.44800E+02    0.10382E-03   -0.23642E-03    0.39871E+07    0.31183E+05
    13    0.39690E+02    0.10600E-12    0.98960E-06    0.41284E+07    0.30062E+05
    14    0.35457E+02   -0.27194E-04    0.79369E-04    0.42536E+07    0.28981E+05
    15    0.31920E+02    0.95401E-13    0.93336E-06    0.43643E+07    0.27940E+05
    16    0.28808E+02   -0.22586E-04    0.32419E-03    0.44620E+07    0.26940E+05
    17    0.26167E+02    0.14254E-12    0.11032E-05    0.45480E+07    0.25983E+05
    18    0.23399E+02    0.11488E-04   -0.52506E-03    0.46238E+07    0.25068E+05
    19    0.21784E+02    0.11353E-12    0.84457E-06    0.46900E+07    0.24193E+05
    20    0.20011E+02    0.10034E-04   -0.10283E-04    0.47472E+07    0.23354E+05
    21    0.18362E+02    0.64931E-13    0.43133E-06    0.47965E+07    0.22552E+05
    22    0.16973E+02   -0.67106E-05   -0.42816E-04    0.48388E+07    0.21786E+05
    23    0.15644E+02    0.28397E-13    0.23846E-06    0.48747E+07    0.21054E+05
    24    0.14467E+02   -0.45945E-05    0.19290E-03    0.49046E+07    0.20354E+05
    25    0.13449E+02    0.28355E-13    0.31544E-06    0.49291E+07    0.19684E+05
    26    0.12453E+02    0.45677E-05    0.17360E-03    0.49487E+07    0.19043E+05
    27    0.11654E+02    0.75359E-13    0.49150E-06    0.49638E+07    0.18431E+05
    28    0.10850E+02    0.62322E-06   -0.24418E-03    0.49749E+07    0.17844E+05
    29    0.10168E+02    0.11797E-12    0.59647E-06    0.49820E+07    0.17282E+05
    30    0.95893E+01   -0.21393E-05    0.17083E-04    0.49853E+07    0.16742E+05
    31    0.89239E+01    0.11188E-12    0.57173E-06    0.49853E+07    0.16224E+05
    32    0.83459E+01    0.18985E-05    0.16075E-03    0.49824E+07    0.15728E+05
    33    0.78752E+01    0.72751E-13    0.45061E-06    0.49768E+07    0.15251E+05
    34    0.73944E+01    0.58091E-06   -0.27633E-03    0.49688E+07    0.14794E+05
    35    0.69840E+01    0.37914E-13    0.29644E-06    0.49584E+07    0.14355E+05
    36    0.66436E+01   -0.13653E-06    0.46396E-03    0.49460E+07    0.13934E+05
    37    0.62213E+01    0.21090E-13    0.16186E-06    0.49317E+07    0.13528E+05
    38    0.58560E+01    0.41830E-05   -0.55396E-03    0.49156E+07    0.13139E+05
    39    0.55890E+01    0.55145E-05   -0.64622E-03    0.48979E+07    0.12764E+05
    40    0.52701E+01    0.13911E-13    0.50903E-07    0.48786E+07    0.12403E+05
    41    0.51029E+01   -0.10177E-04    0.12919E-02    0.48580E+07    0.12056E+05
    42    0.48496E+01   -0.18179E-04    0.24750E-02    0.48360E+07    0.11722E+05
    43    0.46265E+01   -0.16190E-04    0.26481E-02    0.48129E+07    0.11399E+05
    44    0.42525E+01   -0.11250E-04    0.18016E-02    0.47887E+07    0.11088E+05
    45    0.40666E+01    0.87196E-14    0.69550E-07    0.47635E+07    0.10789E+05
    46    0.39698E+01    0.21386E-04   -0.44410E-02    0.47374E+07    0.10500E+05
    47    0.38201E+01    0.45231E-04   -0.10322E-01    0.47106E+07    0.10221E+05
    48    0.35575E+01    0.68040E-04   -0.13066E-01    0.46831E+07    0.99525E+04
    49    0.32707E+01    0.64032E-04   -0.86922E-02    0.46549E+07    0.96931E+04
    50    0.31967E+01    0.13572E-13    0.12643E-06    0.46262E+07    0.94425E+04
    51    0.31220E+01   -0.15865E-03    0.87114E-02    0.45970E+07    0.92006E+04
    52    0.32589E+01   -0.32573E-03    0.12776E-01    0.45673E+07    0.89668E+04
    53    0.32201E+01   -0.34961E-03    0.92856E-02    0.45373E+07    0.87410E+04
    54    0.29157E+01   -0.23463E-03    0.33016E-02    0.45068E+07    0.85226E+04
    55    0.25530E+01    0.11485E-13    0.10844E-06    0.44761E+07    0.83115E+04
    56    0.23438E+01    0.21343E-03   -0.17290E-02    0.44451E+07    0.81073E+04
    57    0.22221E+01    0.29820E-03   -0.18357E-02    0.44138E+07    0.79097E+04
    58    0.22010E+01    0.26287E-03   -0.12123E-02    0.43823E+07    0.77184E+04
    59    0.21449E+01    0.14575E-03   -0.77344E-03    0.43506E+07    0.75332E+04
    60    0.20668E+01    0.44067E-14    0.52892E-07    0.43188E+07    0.73538E+04
    61    0.22732E+01   -0.80085E-04    0.18113E-02    0.42868E+07    0.71800E+04
    62    0.21634E+01   -0.10301E-03    0.37228E-02    0.42547E+07    0.70116E+04
    63    0.19502E+01   -0.10297E-03    0.47585E-02    0.42225E+07    0.68483E+04
    64    0.19206E+01   -0.62183E-04    0.37191E-02    0.41903E+07    0.66901E+04
    65    0.16931E+01    0.12657E-14    0.21961E-07    0.41581E+07    0.65368E+04
    66    0.15542E+01    0.21984E-04   -0.46037E-02    0.41260E+07    0.63882E+04
    67    0.13425E+01    0.10896E-04   -0.77600E-02    0.40939E+07    0.62440E+04
    68    0.13421E+01    0.13330E-04   -0.83025E-02    0.40620E+07    0.61043E+04
    69    0.13168E+01   -0.58331E-05   -0.49903E-02    0.40301E+07    0.59687E+04
    70    0.14019E+01    0.22971E-14    0.23836E-07    0.39984E+07    0.58372E+04
    71    0.14418E+01    0.25785E-04    0.38995E-02    0.39668E+07    0.57096E+04
    72    0.14531E+01    0.53062E-04    0.55054E-02    0.39354E+07    0.55858E+04
    73    0.13844E+01    0.56304E-04    0.45079E-02    0.39041E+07    0.54656E+04
    74    0.12584E+01    0.32269E-04    0.20827E-02    0.38730E+07    0.53488E+04
    75    0.11721E+01    0.65162E-14    0.37387E-07    0.38420E+07    0.52353E+04
    76    0.10667E+01   -0.30693E-04   -0.95234E-03    0.38113E+07    0.51251E+04
    77    0.10024E+01   -0.57223E-04   -0.10189E-02    0.37807E+07    0.50180E+04
    78    0.10317E+01   -0.41664E-04   -0.21692E-02    0.37502E+07    0.49138E+04
    79    0.98475E+00   -0.27803E-04   -0.11730E-02    0.37200E+07    0.48126E+04
    80    0.98842E+00    0.83445E-14    0.41503E-07    0.36900E+07    0.47141E+04
    81    0.95149E+00    0.27379E-05    0.31533E-03    0.36603E+07    0.46184E+04
    82    0.94951E+00    0.12525E-04    0.24969E-03    0.36307E+07    0.45253E+04
    83    0.91402E+00    0.14258E-04   -0.27073E-03    0.36014E+07    0.44347E+04
    84    0.92513E+00    0.15117E-04    0.16589E-03    0.35724E+07    0.43467E+04
    85    0.84011E+00    0.54380E-14    0.32763E-07    0.35436E+07    0.42610E+04
    86    0.73833E+00   -0.80104E-05   -0.13640E-03    0.35151E+07    0.41776E+04
    87    0.84479E+00   -0.26216E-04    0.24023E-03    0.34868E+07    0.40964E+04
    88    0.71520E+00   -0.26302E-04    0.83364E-03    0.34588E+07    0.40174E+04
    89    0.72241E+00   -0.96688E-05   -0.13812E-03    0.34310E+07    0.39404E+04
    90    0.71926E+00    0.21565E-14    0.20187E-07    0.34036E+07    0.38654E+04
    91    0.63324E+00    0.88892E-05    0.16983E-03    0.33763E+07    0.37923E+04
    92    0.61619E+00    0.16379E-04    0.62229E-03    0.33494E+07    0.37211E+04
    93    0.67172E+00    0.29435E-04    0.82642E-03    0.33227E+07    0.36516E+04
    94    0.58061E+00    0.25308E-04    0.17369E-02    0.32962E+07    0.35839E+04
    95    0.56934E+00    0.18391E-04    0.20800E-02    0.32701E+07    0.35179E+04
    96    0.34439E+00    0.82198E-05    0.20674E-02    0.32441E+07    0.34536E+04
    97    0.35509E+00   -0.56680E-05    0.19112E-02    0.32185E+07    0.33909E+04
    98    0.38222E+00   -0.16308E-04    0.33088E-02    0.31931E+07    0.33298E+04
    99    0.28082E+00   -0.46450E-04    0.27578E-02    0.31679E+07    0.32702E+04
   100    0.27738E+00   -0.81699E-04    0.41844E-02    0.31430E+07    0.32121E+04
   101    0.22695E+00   -0.48236E-04    0.40862E-02    0.31184E+07    0.31554E+04
   102    0.50458E+00   -0.80235E-04    0.41607E-02    0.30940E+07    0.31002E+04
   103    0.51961E+00   -0.89020E-04    0.31342E-02    0.30699E+07    0.30463E+04
   104    0.57281E+00   -0.60196E-04    0.34469E-02    0.30460E+07    0.29937E+04
   105    0.59352E+00   -0.53656E-04    0.30823E-02    0.30224E+07    0.29424E+04
   106    0.65964E+00    0.19279E-04    0.22523E-02    0.29991E+07    0.28924E+04
   107    0.47768E+00    0.24434E-04    0.19114E-02    0.29760E+07    0.28435E+04
   108    0.49694E+00    0.50485E-04    0.78596E-03    0.29531E+07    0.27957E+04
   109    0.49820E+00    0.37543E-04   -0.16941E-03    0.29305E+07    0.27491E+04
   110    0.41081E+00    0.93759E-15    0.76746E-08    0.29082E+07    0.27035E+04
   111    0.31337E+00    0.25783E-04   -0.72092E-03    0.28861E+07    0.26589E+04
   112    0.21298E+00    0.51254E-04   -0.21128E-02    0.28643E+07    0.26153E+04
   113    0.19172E+00    0.86308E-04   -0.32119E-02    0.28427E+07    0.25726E+04
   114    0.10882E+00    0.66557E-04   -0.37972E-02    0.28213E+07    0.25309E+04
   115    0.12064E+00    0.15046E-03   -0.43908E-02    0.28002E+07    0.24902E+04
   116    0.12140E-01    0.12507E-03   -0.47717E-02    0.27793E+07    0.24503E+04
   117    0.88243E-01    0.74553E-04   -0.47190E-02    0.27587E+07    0.24113E+04
   118    0.20818E+00    0.15738E-03   -0.54974E-02    0.27383E+07    0.23732E+04
   119    0.23118E+00    0.23488E-03   -0.54004E-02    0.27181E+07    0.23359E+04
   120    0.31362E+00    0.16838E-03   -0.49499E-02    0.26982E+07    0.22994E+04
   121    0.31471E+00    0.26490E-03   -0.46678E-02    0.26785E+07    0.22637E+04
   122    0.31654E+00    0.23721E-03   -0.43333E-02    0.26590E+07    0.22288E+04
   123    0.32691E+00    0.16949E-03   -0.44681E-02    0.26397E+07    0.21947E+04
   124    0.35362E+00    0.14592E-03   -0.26230E-02    0.26206E+07    0.21613E+04
   125    0.33018E+00    0.10210E-03   -0.15484E-02    0.26018E+07    0.21286E+04
   126    0.33867E+00    0.12222E-03   -0.10233E-02    0.25831E+07    0.20966E+04
   127    0.31260E+00    0.67608E-04   -0.82677E-03    0.25647E+07    0.20652E+04
   128    0.25978E+00    0.96719E-04   -0.73801E-03    0.25465E+07    0.20345E+04
   129    0.26228E+00    0.70884E-04   -0.53605E-03    0.25285E+07    0.20045E+04
   130    0.25362E+00    0.18752E-15    0.13894E-08    0.25107E+07    0.19750E+04
   131    0.24192E+00    0.40701E-04   -0.11275E-02    0.24930E+07    0.19461E+04
   132    0.31095E+00    0.45184E-04   -0.14194E-02    0.24756E+07    0.19178E+04
   133    0.32195E+00    0.86669E-04   -0.35664E-02    0.24584E+07    0.18901E+04
   134    0.35900E+00    0.16409E-03   -0.35737E-02    0.24413E+07    0.18629E+04
   135    0.43191E+00    0.20211E-03   -0.48750E-02    0.24245E+07    0.18363E+04
   136    0.40191E+00    0.19965E-03   -0.42183E-02    0.24078E+07    0.18102E+04
   137    0.42739E+00    0.22994E-03   -0.42943E-02    0.23913E+07    0.17845E+04
   138    0.44387E+00    0.21763E-03   -0.40796E-02    0.23750E+07    0.17594E+04
   139    0.31257E+00    0.31022E-03   -0.32936E-02    0.23589E+07    0.17348E+04
   140    0.34046E+00    0.28381E-03   -0.31413E-02    0.23429E+07    0.17107E+04
   141    0.24019E+00    0.21161E-03   -0.18566E-02    0.23271E+07    0.16870E+04
   142    0.24442E+00    0.16683E-03   -0.64437E-03    0.23115E+07    0.16638E+04
   143    0.28868E+00    0.14843E-03    0.33033E-04    0.22960E+07    0.16410E+04
   144    0.23420E+00    0.81045E-04    0.45624E-03    0.22807E+07    0.16187E+04
   145    0.16508E+00    0.11218E-03    0.90586E-03    0.22656E+07    0.15968E+04
   146    0.31397E+00    0.17933E-04    0.91965E-03    0.22506E+07    0.15753E+04
   147    0.24498E+00    0.20080E-04    0.15210E-02    0.22357E+07    0.15541E+04
   148    0.19076E+00   -0.31007E-04    0.76213E-03    0.22210E+07    0.15334E+04
   149    0.23541E+00   -0.62107E-04   -0.33364E-03    0.22065E+07    0.15130E+04
   150    0.16587E+00    0.18752E-15    0.15255E-08    0.21921E+07    0.14930E+04
   151    0.14021E+00    0.77267E-04   -0.16144E-02    0.21778E+07    0.14734E+04
   152    0.18066E-01    0.80850E-04   -0.38724E-02    0.21637E+07    0.14540E+04
   153   -0.44094E-01    0.14206E-03   -0.46709E-02    0.21497E+07    0.14351E+04
   154   -0.11266E+00    0.24362E-03   -0.63636E-02    0.21359E+07    0.14164E+04
   155   -0.17974E+00    0.36829E-03   -0.83328E-02    0.21222E+07    0.13981E+04
   156   -0.38601E+00    0.49880E-03   -0.10704E-01    0.21086E+07    0.13801E+04
   157   -0.42643E+00    0.61790E-03   -0.12116E-01    0.20952E+07    0.13624E+04
   158   -0.51596E+00    0.78259E-03   -0.13437E-01    0.20818E+07    0.13450E+04
   159   -0.64671E+00    0.82706E-03   -0.14794E-01    0.20686E+07    0.13279E+04
   160   -0.73650E+00    0.88262E-03   -0.14824E-01    0.20556E+07    0.13111E+04
   161   -0.77743E+00    0.10063E-02   -0.15139E-01    0.20426E+07    0.12946E+04
   162   -0.83589E+00    0.10322E-02   -0.15864E-01    0.20298E+07    0.12783E+04
   163   -0.75543E+00    0.10175E-02   -0.15639E-01    0.20171E+07    0.12624E+04
   164   -0.82528E+00    0.10190E-02   -0.16075E-01    0.20045E+07    0.12467E+04
   165   -0.74041E+00    0.94538E-03   -0.15068E-01    0.19920E+07    0.12313E+04
   166   -0.64149E+00    0.92781E-03   -0.14230E-01    0.19796E+07    0.12161E+04
   167   -0.44635E+00    0.72622E-03   -0.14427E-01    0.19673E+07    0.12012E+04
   168   -0.36994E+00    0.69477E-03   -0.13558E-01    0.19552E+07    0.11865E+04
   169   -0.25580E+00    0.51905E-03   -0.11747E-01    0.19431E+07    0.11721E+04
   170   -0.96035E-01    0.40467E-03   -0.10605E-01    0.19312E+07    0.11579E+04
   171   -0.31319E-01    0.33435E-03   -0.80286E-02    0.19193E+07    0.11440E+04
   172    0.20528E-01    0.21656E-03   -0.56291E-02    0.19076E+07    0.11302E+04
   173   -0.68832E-02    0.34034E-04   -0.35315E-02    0.18960E+07    0.11167E+04
   174    0.42909E-01    0.66645E-04   -0.18610E-02    0.18844E+07    0.11034E+04
   175    0.10352E+00    0.00000E+00   -0.12645E-09    0.18730E+07    0.10903E+04
   176    0.34388E-01    0.36738E-04    0.19737E-02    0.18616E+07    0.10774E+04
   177   -0.73960E-02    0.70562E-04    0.26861E-02    0.18503E+07    0.10647E+04
   178   -0.87484E-01    0.28936E-03    0.37823E-02    0.18392E+07    0.10522E+04
   179   -0.19724E+00    0.36102E-03    0.54213E-02    0.18281E+07    0.10399E+04
   180   -0.17947E+00    0.47345E-03    0.62767E-02    0.18171E+07    0.10277E+04
   181   -0.24838E+00    0.59167E-03    0.65077E-02    0.18062E+07    0.10158E+04
   182   -0.32106E+00    0.75500E-03    0.77592E-02    0.17954E+07    0.10040E+04
   183   -0.46315E+00    0.85420E-03    0.87047E-02    0.17846E+07    0.99238E+03
   184   -0.51745E+00    0.92858E-03    0.10246E-01    0.17740E+07    0.98095E+03
   185   -0.54961E+00    0.10917E-02    0.10315E-01    0.17634E+07    0.96969E+03
   186   -0.92242E+00    0.11676E-02    0.12040E-01    0.17529E+07    0.95860E+03
   187   -0.95869E+00    0.12623E-02    0.14096E-01    0.17425E+07    0.94768E+03
   188   -0.10212E+01    0.13260E-02    0.15157E-01    0.17322E+07    0.93691E+03
   189   -0.11756E+01    0.13610E-02    0.16867E-01    0.17220E+07    0.92630E+03
   190   -0.96754E+00    0.13842E-02    0.17157E-01    0.17118E+07    0.91585E+03
   191   -0.11312E+01    0.13829E-02    0.19157E-01    0.17017E+07    0.90555E+03
   192   -0.11381E+01    0.13446E-02    0.20798E-01    0.16917E+07    0.89539E+03
   193   -0.12023E+01    0.12787E-02    0.20754E-01    0.16818E+07    0.88538E+03
   194   -0.10923E+01    0.11801E-02    0.21412E-01    0.16719E+07    0.87551E+03
   195   -0.10225E+01    0.10509E-02    0.20704E-01    0.16621E+07    0.86578E+03
   196   -0.98405E+00    0.89326E-03    0.19530E-01    0.16524E+07    0.85619E+03
   197   -0.81987E+00    0.71685E-03    0.16565E-01    0.16428E+07    0.84673E+03
   198   -0.59559E+00    0.50895E-03    0.12711E-01    0.16332E+07    0.83739E+03
   199   -0.30257E+00    0.27175E-03    0.73839E-02    0.16237E+07    0.82818E+03
   200    0.67829E-01    0.00000E+00   -0.92889E-11    0.16143E+07    0.81910E+03
   201    0.44837E+00   -0.28135E-03   -0.84539E-02    0.16049E+07    0.81013E+03
   202    0.91408E+00   -0.59737E-03   -0.18882E-01    0.15957E+07    0.80129E+03
   203    0.13898E+01   -0.92061E-03   -0.29875E-01    0.15864E+07    0.79255E+03
   204    0.18004E+01   -0.12608E-02   -0.43737E-01    0.15773E+07    0.78394E+03
   205    0.22936E+01   -0.16054E-02   -0.57575E-01    0.15682E+07    0.77544E+03
   206    0.27200E+01   -0.19491E-02   -0.71984E-01    0.15592E+07    0.76705E+03
   207    0.32273E+01   -0.23019E-02   -0.86745E-01    0.15502E+07    0.75877E+03
   208    0.35918E+01   -0.26435E-02   -0.10171E+00    0.15413E+07    0.75060E+03
   209    0.39612E+01   -0.29838E-02   -0.11658E+00    0.15324E+07    0.74254E+03
   210    0.43346E+01   -0.33028E-02   -0.13159E+00    0.15237E+07    0.73459E+03
   211    0.47113E+01   -0.36027E-02   -0.14613E+00    0.15149E+07    0.72675E+03
   212    0.49417E+01   -0.38858E-02   -0.16047E+00    0.15063E+07    0.71901E+03
   213    0.52479E+01   -0.41395E-02   -0.17389E+00    0.14977E+07    0.71137E+03
   214    0.54805E+01   -0.44033E-02   -0.18694E+00    0.14891E+07    0.70384E+03
   215    0.57128E+01   -0.45160E-02   -0.19969E+00    0.14807E+07    0.69640E+03
   216    0.58698E+01   -0.46954E-02   -0.21095E+00    0.14722E+07    0.68907E+03
   217    0.60992E+01   -0.48174E-02   -0.22206E+00    0.14639E+07    0.68183E+03
   218    0.62516E+01   -0.49140E-02   -0.23214E+00    0.14556E+07    0.67469E+03
   219    0.64003E+01   -0.50172E-02   -0.23956E+00    0.14473E+07    0.66765E+03
   220    0.65445E+01   -0.50105E-02   -0.24809E+00    0.14391E+07    0.66070E+03
   221    0.66834E+01   -0.50002E-02   -0.25486E+00    0.14310E+07    0.65385E+03
   222    0.68162E+01   -0.48696E-02   -0.26067E+00    0.14229E+07    0.64708E+03
   223    0.67933E+01   -0.47250E-02   -0.26412E+00    0.14148E+07    0.64041E+03
   224    0.69111E+01   -0.45985E-02   -0.26826E+00    0.14068E+07    0.63383E+03
   225    0.69460E+01   -0.43735E-02   -0.26945E+00    0.13989E+07    0.62733E+03
   226    0.69712E+01   -0.40820E-02   -0.27073E+00    0.13910E+07    0.62092E+03
   227    0.69117E+01   -0.37559E-02   -0.26996E+00    0.13832E+07    0.61459E+03
   228    0.69152E+01   -0.34273E-02   -0.26795E+00    0.13754E+07    0.60835E+03
   229    0.69065E+01   -0.30538E-02   -0.26553E+00    0.13676E+07    0.60220E+03
   230    0.68106E+01   -0.26675E-02   -0.26128E+00    0.13599E+07    0.59612E+03
   231    0.66265E+01   -0.22262E-02   -0.25528E+00    0.13523E+07    0.59012E+03
   232    0.65020E+01   -0.18360E-02   -0.24836E+00    0.13447E+07    0.58420E+03
   233    0.63620E+01   -0.13061E-02   -0.24132E+00    0.13371E+07    0.57836E+03
   234    0.60570E+01   -0.81706E-03   -0.23276E+00    0.13296E+07    0.57260E+03
   235    0.58090E+01   -0.32665E-03   -0.22351E+00    0.13221E+07    0.56691E+03
   236    0.54686E+01    0.13318E-03   -0.21288E+00    0.13147E+07    0.56129E+03
   237    0.51092E+01    0.60470E-03   -0.20172E+00    0.13073E+07    0.55574E+03
   238    0.47301E+01    0.11302E-02   -0.18933E+00    0.13000E+07    0.55027E+03
   239    0.44045E+01    0.15291E-02   -0.17582E+00    0.12927E+07    0.54486E+03
   240    0.39088E+01    0.18438E-02   -0.16272E+00    0.12854E+07    0.53953E+03
   241    0.35394E+01    0.21907E-02   -0.14865E+00    0.12782E+07    0.53426E+03
   242    0.31467E+01    0.23893E-02   -0.13367E+00    0.12710E+07    0.52905E+03
   243    0.27299E+01    0.25562E-02   -0.11859E+00    0.12639E+07    0.52391E+03
   244    0.22882E+01    0.25851E-02   -0.10203E+00    0.12567E+07    0.51884E+03
   245    0.18207E+01    0.25182E-02   -0.86270E-01    0.12497E+07    0.51382E+03
   246    0.14009E+01    0.23237E-02   -0.69168E-01    0.12426E+07    0.50886E+03
   247    0.10278E+01    0.18952E-02   -0.52285E-01    0.12356E+07    0.50397E+03
   248    0.62642E+00    0.15721E-02   -0.34955E-01    0.12287E+07    0.49913E+03
   249    0.34439E+00    0.80248E-03   -0.17253E-01    0.12217E+07    0.49435E+03
   250    0.32311E-01    0.00000E+00    0.15601E-12    0.12148E+07    0.48962E+03
   251   -0.16361E+00   -0.11553E-02    0.18203E-01    0.12080E+07    0.48494E+03
   252   -0.47462E+00   -0.24267E-02    0.36481E-01    0.12011E+07    0.48032E+03
   253   -0.53920E+00   -0.40141E-02    0.53948E-01    0.11943E+07    0.47576E+03
   254   -0.66438E+00   -0.55973E-02    0.71205E-01    0.11876E+07    0.47124E+03
   255   -0.78579E+00   -0.74504E-02    0.88851E-01    0.11809E+07    0.46678E+03
   256   -0.83904E+00   -0.91791E-02    0.10749E+00    0.11742E+07    0.46236E+03
   257   -0.83403E+00   -0.11206E-01    0.11954E+00    0.11675E+07    0.45800E+03
   258   -0.85494E+00   -0.13137E-01    0.13824E+00    0.11609E+07    0.45369E+03
   259   -0.83740E+00   -0.15097E-01    0.14933E+00    0.11543E+07    0.44943E+03
   260   -0.71703E+00   -0.17063E-01    0.16826E+00    0.11478E+07    0.44521E+03
   261   -0.65228E+00   -0.19087E-01    0.17336E+00    0.11413E+07    0.44105E+03
   262   -0.65306E+00   -0.20923E-01    0.18751E+00    0.11349E+07    0.43693E+03
   263   -0.35785E+00   -0.22770E-01    0.20387E+00    0.11285E+07    0.43287E+03
   264   -0.22227E+00   -0.24532E-01    0.21562E+00    0.11221E+07    0.42884E+03
   265   -0.18192E+00   -0.26259E-01    0.21593E+00    0.11158E+07    0.42487E+03
   266   -0.23847E-01   -0.27706E-01    0.22769E+00    0.11096E+07    0.42094E+03
   267    0.19184E-01   -0.29221E-01    0.22921E+00    0.11033E+07    0.41706E+03
   268    0.85845E-01   -0.30410E-01    0.23595E+00    0.10972E+07    0.41322E+03
   269    0.17667E-01   -0.31547E-01    0.24107E+00    0.10911E+07    0.40943E+03
   270    0.10188E+00   -0.32534E-01    0.24519E+00    0.10850E+07    0.40568E+03
   271    0.10574E+00   -0.33424E-01    0.24889E+00    0.10790E+07    0.40198E+03
   272    0.24219E+00   -0.33894E-01    0.24536E+00    0.10731E+07    0.39832E+03
   273    0.27848E+00   -0.34518E-01    0.25005E+00    0.10672E+07    0.39470E+03
   274    0.35328E+00   -0.34678E-01    0.24127E+00    0.10613E+07    0.39112E+03
   275    0.38240E+00   -0.34870E-01    0.24190E+00    0.10555E+07    0.38759E+03
   276    0.50451E+00   -0.34849E-01    0.23027E+00    0.10498E+07    0.38409E+03
   277    0.48685E+00   -0.34591E-01    0.22926E+00    0.10441E+07    0.38064E+03
   278    0.54238E+00   -0.34149E-01    0.21717E+00    0.10385E+07    0.37723E+03
   279    0.58690E+00   -0.33573E-01    0.20206E+00    0.10330E+07    0.37385E+03
   280    0.61053E+00   -0.32841E-01    0.19935E+00    0.10275E+07    0.37052E+03
   281    0.75192E+00   -0.31854E-01    0.18738E+00    0.10221E+07    0.36723E+03
   282    0.70405E+00   -0.30888E-01    0.17418E+00    0.10167E+07    0.36397E+03
   283    0.75413E+00   -0.29696E-01    0.16033E+00    0.10114E+07    0.36075E+03
   284    0.81800E+00   -0.28329E-01    0.14644E+00    0.10062E+07    0.35757E+03
   285    0.88574E+00   -0.26765E-01    0.13312E+00    0.10010E+07    0.35443E+03
   286    0.87317E+00   -0.25130E-01    0.11352E+00    0.99593E+06    0.35132E+03
   287    0.84468E+00   -0.23399E-01    0.10312E+00    0.99091E+06    0.34824E+03
   288    0.86465E+00   -0.21551E-01    0.87651E-01    0.98595E+06    0.34521E+03
   289    0.84889E+00   -0.19636E-01    0.75142E-01    0.98106E+06    0.34220E+03
   290    0.86179E+00   -0.17779E-01    0.66194E-01    0.97625E+06    0.33924E+03
   291    0.89344E+00   -0.15217E-01    0.46550E-01    0.97151E+06    0.33630E+03
   292    0.63680E+00   -0.13038E-01    0.39095E-01    0.96684E+06    0.33340E+03
   293    0.67626E+00   -0.11592E-01    0.22144E-01    0.96225E+06    0.33053E+03
   294    0.55620E+00   -0.93704E-02    0.18583E-01    0.95773E+06    0.32769E+03
   295    0.63813E+00   -0.78354E-02    0.67261E-02    0.95329E+06    0.32489E+03
   296    0.54075E+00   -0.54786E-02    0.20301E-02    0.94893E+06    0.32212E+03
   297    0.47700E+00   -0.45053E-02    0.50950E-02    0.94465E+06    0.31937E+03
   298    0.28842E+00   -0.26641E-02    0.16641E-02    0.94045E+06    0.31666E+03
   299    0.18794E+00   -0.67475E-03   -0.23422E-03    0.93633E+06    0.31398E+03
   300    0.17110E-01    0.00000E+00    0.00000E+00    0.93229E+06    0.31133E+03
   301   -0.15956E+00    0.87705E-03    0.10259E-01    0.92833E+06    0.30870E+03
   302   -0.27700E+00    0.12775E-02    0.30463E-01    0.92445E+06    0.30610E+03
   303   -0.41859E+00    0.20163E-02    0.45537E-01    0.92064E+06    0.30354E+03
   304   -0.59340E+00    0.31656E-02    0.55267E-01    0.91690E+06    0.30100E+03
   305   -0.73623E+00    0.33118E-02    0.74293E-01    0.91323E+06    0.29849E+03
   306   -0.93046E+00    0.32699E-02    0.94968E-01    0.90962E+06    0.29600E+03
   307   -0.11109E+01    0.31120E-02    0.10965E+00    0.90606E+06    0.29354E+03
   308   -0.12866E+01    0.43959E-02    0.14041E+00    0.90255E+06    0.29111E+03
   309   -0.13924E+01    0.42224E-02    0.15731E+00    0.89908E+06    0.28871E+03
   310   -0.15859E+01    0.34063E-02    0.18242E+00    0.89566E+06    0.28633E+03
   311   -0.17276E+01    0.42485E-02    0.20067E+00    0.89227E+06    0.28398E+03
   312   -0.18267E+01    0.38496E-02    0.22671E+00    0.88891E+06    0.28165E+03
   313   -0.19665E+01    0.37674E-02    0.24545E+00    0.88558E+06    0.27935E+03
   314   -0.20818E+01    0.40740E-02    0.27154E+00    0.88228E+06    0.27707E+03
   315   -0.21817E+01    0.33559E-02    0.28990E+00    0.87898E+06    0.27482E+03
   316   -0.22752E+01    0.31709E-02    0.30775E+00    0.87570E+06    0.27259E+03
   317   -0.23715E+01    0.21055E-02    0.32487E+00    0.87243E+06    0.27039E+03
   318   -0.24797E+01    0.24602E-02    0.34105E+00    0.86916E+06    0.26821E+03
   319   -0.25344E+01    0.20787E-02    0.35606E+00    0.86589E+06    0.26605E+03
   320   -0.25449E+01    0.17759E-02    0.37712E+00    0.86261E+06    0.26392E+03
   321   -0.25945E+01    0.23668E-02    0.38916E+00    0.85933E+06    0.26181E+03
   322   -0.26179E+01    0.16949E-02    0.39938E+00    0.85602E+06    0.25973E+03
   323   -0.26244E+01    0.13182E-02    0.40758E+00    0.85269E+06    0.25766E+03
   324   -0.26229E+01    0.20516E-02    0.40610E+00    0.84934E+06    0.25562E+03
   325   -0.25482E+01    0.25286E-03    0.41702E+00    0.84596E+06    0.25360E+03
   326   -0.25581E+01    0.45130E-03    0.41041E+00    0.84255E+06    0.25160E+03
   327   -0.25130E+01    0.49047E-03    0.40833E+00    0.83909E+06    0.24963E+03
   328   -0.24220E+01   -0.30035E-03    0.41057E+00    0.83559E+06    0.24767E+03
   329   -0.23684E+01   -0.36335E-03    0.40205E+00    0.83204E+06    0.24574E+03
   330   -0.22872E+01   -0.11121E-02    0.38999E+00    0.82844E+06    0.24382E+03
   331   -0.21130E+01   -0.17316E-02    0.38160E+00    0.82478E+06    0.24193E+03
   332   -0.20036E+01   -0.14070E-02    0.37666E+00    0.82105E+06    0.24005E+03
   333   -0.18936E+01   -0.15517E-02    0.36752E+00    0.81726E+06    0.23820E+03
   334   -0.17181E+01   -0.13509E-02    0.35398E+00    0.81339E+06    0.23636E+03
   335   -0.16344E+01   -0.22180E-02    0.33582E+00    0.80945E+06    0.23455E+03
   336   -0.15033E+01   -0.25953E-02    0.32024E+00    0.80543E+06    0.23275E+03
   337   -0.13338E+01   -0.24107E-02    0.29217E+00    0.80132E+06    0.23097E+03
   338   -0.12092E+01   -0.30777E-02    0.27369E+00    0.79711E+06    0.22921E+03
   339   -0.99014E+00   -0.22956E-02    0.24972E+00    0.79282E+06    0.22747E+03
   340   -0.83416E+00   -0.22210E-02    0.23489E+00    0.78842E+06    0.22574E+03
   341   -0.75037E+00   -0.27816E-02    0.20672E+00    0.78391E+06    0.22403E+03
   342   -0.59931E+00   -0.16768E-02    0.17983E+00    0.77930E+06    0.22234E+03
   343   -0.46433E+00   -0.18059E-02    0.15401E+00    0.77457E+06    0.22067E+03
   344   -0.28024E+00   -0.16110E-02    0.12905E+00    0.76972E+06    0.21901E+03
   345   -0.20469E+00   -0.17629E-02    0.10473E+00    0.76474E+06    0.21737E+03
   346   -0.98195E-01   -0.70383E-03    0.88264E-01    0.75964E+06    0.21574E+03
   347   -0.44122E-01   -0.59009E-03    0.64572E-01    0.75440E+06    0.21413E+03
   348    0.22726E-01   -0.60675E-03    0.40871E-01    0.74903E+06    0.21254E+03
   349    0.18983E-01    0.61127E-04    0.16943E-01    0.74351E+06    0.21096E+03
   350    0.98482E-02    0.00000E+00    0.00000E+00    0.73784E+06    0.20939E+03
   351    0.13609E+00    0.76342E-03   -0.17693E-01    0.73202E+06    0.20784E+03
   352    0.23672E-01    0.16595E-02   -0.36808E-01    0.72607E+06    0.20630E+03
   353   -0.31628E-01    0.19922E-02   -0.43252E-01    0.72000E+06    0.20478E+03
   354   -0.17971E+00    0.25510E-02   -0.60074E-01    0.71382E+06    0.20327E+03
   355   -0.27336E+00    0.33826E-02   -0.73179E-01    0.70756E+06    0.20178E+03
   356   -0.38820E+00    0.45338E-02   -0.75903E-01    0.70122E+06    0.20030E+03
   357   -0.52556E+00    0.53084E-02   -0.83866E-01    0.69483E+06    0.19883E+03
   358   -0.61252E+00    0.50104E-02   -0.82973E-01    0.68840E+06    0.19738E+03
   359   -0.79897E+00    0.51721E-02   -0.88846E-01    0.68195E+06    0.19594E+03
   360   -0.93769E+00    0.58403E-02   -0.91104E-01    0.67549E+06    0.19451E+03
   361   -0.11043E+01    0.63189E-02   -0.94968E-01    0.66904E+06    0.19310E+03
   362   -0.12259E+01    0.66545E-02   -0.98230E-01    0.66262E+06    0.19170E+03
   363   -0.13781E+01    0.76368E-02   -0.99424E-01    0.65624E+06    0.19031E+03
   364   -0.14879E+01    0.70839E-02   -0.10303E+00    0.64993E+06    0.18894E+03
   365   -0.16310E+01    0.72711E-02   -0.10386E+00    0.64368E+06    0.18758E+03
   366   -0.17344E+01    0.75022E-02   -0.10566E+00    0.63753E+06    0.18623E+03
   367   -0.17994E+01    0.63384E-02   -0.10696E+00    0.63149E+06    0.18489E+03
   368   -0.19761E+01    0.60549E-02   -0.10704E+00    0.62557E+06    0.18356E+03
   369   -0.19685E+01    0.59554E-02   -0.10888E+00    0.61979E+06    0.18225E+03
   370   -0.20009E+01    0.53441E-02   -0.10806E+00    0.61416E+06    0.18095E+03
   371   -0.20747E+01    0.42674E-02   -0.10905E+00    0.60871E+06    0.17966E+03
   372   -0.21168E+01    0.35151E-02   -0.10815E+00    0.60345E+06    0.17838E+03
   373   -0.21286E+01    0.23910E-02   -0.10911E+00    0.59840E+06    0.17712E+03
   374   -0.21115E+01    0.16846E-02   -0.10896E+00    0.59357E+06    0.17586E+03
   375   -0.21411E+01    0.69991E-03   -0.10848E+00    0.58897E+06    0.17462E+03
   376   -0.20702E+01    0.22640E-03   -0.10842E+00    0.58463E+06    0.17339E+03
   377   -0.19744E+01   -0.11748E-02   -0.10658E+00    0.58056E+06    0.17216E+03
   378   -0.19292E+01   -0.27143E-02   -0.10670E+00    0.57678E+06    0.17095E+03
   379   -0.18619E+01   -0.36023E-02   -0.10507E+00    0.57330E+06    0.16975E+03
   380   -0.16994E+01   -0.37922E-02   -0.10469E+00    0.57014E+06    0.16856E+03
   381   -0.15916E+01   -0.69515E-02   -0.10335E+00    0.56732E+06    0.16738E+03
   382   -0.15399E+01   -0.78336E-02   -0.10108E+00    0.56485E+06    0.16622E+03
   383   -0.13971E+01   -0.93631E-02   -0.10012E+00    0.56275E+06    0.16506E+03
   384   -0.11645E+01   -0.11493E-01   -0.97518E-01    0.56103E+06    0.16391E+03
   385   -0.10663E+01   -0.11949E-01   -0.95526E-01    0.55972E+06    0.16277E+03
   386   -0.88095E+00   -0.12912E-01   -0.92679E-01    0.55882E+06    0.16164E+03
   387   -0.75842E+00   -0.14335E-01   -0.89739E-01    0.55835E+06    0.16052E+03
   388   -0.62575E+00   -0.15429E-01   -0.85984E-01    0.55834E+06    0.15941E+03
   389   -0.48428E+00   -0.18376E-01   -0.82178E-01    0.55879E+06    0.15831E+03
   390   -0.33535E+00   -0.17929E-01   -0.76854E-01    0.55972E+06    0.15722E+03
   391   -0.18031E+00   -0.18499E-01   -0.72262E-01    0.56115E+06    0.15614E+03
   392   -0.94772E-01   -0.17067E-01   -0.66193E-01    0.56310E+06    0.15507E+03
   393    0.68478E-01   -0.16558E-01   -0.60155E-01    0.56558E+06    0.15400E+03
   394    0.15953E+00   -0.15439E-01   -0.52680E-01    0.56861E+06    0.15295E+03
   395    0.17705E+00   -0.14407E-01   -0.46019E-01    0.57220E+06    0.15190E+03
   396    0.26826E+00   -0.12673E-01   -0.37369E-01    0.57637E+06    0.15086E+03
   397    0.20896E+00   -0.10189E-01   -0.28831E-01    0.58114E+06    0.14983E+03
   398    0.22067E+00   -0.76510E-02   -0.19829E-01    0.58652E+06    0.14881E+03
   399    0.15347E+00   -0.42704E-02   -0.10259E-01    0.59253E+06    0.14779E+03
   400    0.60159E-02    0.00000E+00    0.00000E+00    0.59919E+06    0.14679E+03
   401   -0.14723E+00    0.44423E-02    0.10795E-01    0.60650E+06    0.14579E+03
   402   -0.30007E+00    0.89950E-02    0.22317E-01    0.61444E+06    0.14480E+03
   403   -0.51907E+00    0.15060E-01    0.34445E-01    0.62300E+06    0.14382E+03
   404   -0.79652E+00    0.21069E-01    0.48024E-01    0.63214E+06    0.14284E+03
   405   -0.10504E+01    0.26938E-01    0.61523E-01    0.64183E+06    0.14187E+03
   406   -0.14216E+01    0.34070E-01    0.76456E-01    0.65206E+06    0.14091E+03
   407   -0.17539E+01    0.40895E-01    0.90621E-01    0.66279E+06    0.13996E+03
   408   -0.21137E+01    0.48074E-01    0.10776E+00    0.67399E+06    0.13901E+03
   409   -0.24191E+01    0.56265E-01    0.12493E+00    0.68565E+06    0.13808E+03
   410   -0.28109E+01    0.63157E-01    0.14217E+00    0.69774E+06    0.13715E+03
   411   -0.31330E+01    0.70895E-01    0.16097E+00    0.71023E+06    0.13622E+03
   412   -0.35260E+01    0.78652E-01    0.17990E+00    0.72309E+06    0.13531E+03
   413   -0.39081E+01    0.86346E-01    0.19971E+00    0.73629E+06    0.13440E+03
   414   -0.43457E+01    0.93893E-01    0.21969E+00    0.74982E+06    0.13350E+03
   415   -0.46827E+01    0.10195E+00    0.24136E+00    0.76364E+06    0.13260E+03
   416   -0.50598E+01    0.10896E+00    0.26252E+00    0.77773E+06    0.13172E+03
   417   -0.54694E+01    0.11630E+00    0.28318E+00    0.79206E+06    0.13084E+03
   418   -0.58294E+01    0.12169E+00    0.30562E+00    0.80661E+06    0.12996E+03
   419   -0.61322E+01    0.12799E+00    0.32838E+00    0.82135E+06    0.12910E+03
   420   -0.64442E+01    0.13439E+00    0.35073E+00    0.83625E+06    0.12824E+03
   421   -0.66836E+01    0.14007E+00    0.37345E+00    0.85129E+06    0.12738E+03
   422   -0.69169E+01    0.14492E+00    0.39508E+00    0.86644E+06    0.12654E+03
   423   -0.72106E+01    0.14888E+00    0.41714E+00    0.88168E+06    0.12570E+03
   424   -0.74827E+01    0.15261E+00    0.43816E+00    0.89697E+06    0.12487E+03
   425   -0.76513E+01    0.15526E+00    0.45967E+00    0.91230E+06    0.12404E+03
   426   -0.77829E+01    0.15826E+00    0.48020E+00    0.92763E+06    0.12323E+03
   427   -0.79441E+01    0.16003E+00    0.49830E+00    0.94294E+06    0.12241E+03
   428   -0.80529E+01    0.16123E+00    0.51696E+00    0.95821E+06    0.12161E+03
   429   -0.81759E+01    0.16177E+00    0.53399E+00    0.97340E+06    0.12081E+03
   430   -0.81567E+01    0.16232E+00    0.54867E+00    0.98850E+06    0.12002E+03
   431   -0.81363E+01    0.16130E+00    0.56177E+00    0.10035E+07    0.11923E+03
   432   -0.81812E+01    0.15938E+00    0.57184E+00    0.10183E+07    0.11845E+03
   433   -0.80608E+01    0.15796E+00    0.58112E+00    0.10329E+07    0.11768E+03
   434   -0.79903E+01    0.15472E+00    0.58595E+00    0.10474E+07    0.11691E+03
   435   -0.78876E+01    0.15182E+00    0.58782E+00    0.10616E+07    0.11615E+03
   436   -0.76709E+01    0.14768E+00    0.58602E+00    0.10755E+07    0.11540E+03
   437   -0.74066E+01    0.14222E+00    0.58133E+00    0.10892E+07    0.11465E+03
   438   -0.71613E+01    0.13609E+00    0.57303E+00    0.11026E+07    0.11391E+03
   439   -0.67787E+01    0.12997E+00    0.55891E+00    0.11156E+07    0.11318E+03
   440   -0.63998E+01    0.12227E+00    0.54125E+00    0.11283E+07    0.11245E+03
   441   -0.59424E+01    0.11366E+00    0.51708E+00    0.11405E+07    0.11172E+03
   442   -0.55475E+01    0.10406E+00    0.48794E+00    0.11524E+07    0.11101E+03
   443   -0.49844E+01    0.94122E-01    0.45235E+00    0.11638E+07    0.11029E+03
   444   -0.43941E+01    0.83765E-01    0.41109E+00    0.11748E+07    0.10959E+03
   445   -0.37688E+01    0.70679E-01    0.36271E+00    0.11853E+07    0.10889E+03
   446   -0.31751E+01    0.58492E-01    0.30797E+00    0.11952E+07    0.10820E+03
   447   -0.24567E+01    0.45638E-01    0.24393E+00    0.12046E+07    0.10751E+03
   448   -0.17545E+01    0.30545E-01    0.17136E+00    0.12135E+07    0.10683E+03
   449   -0.91210E+00    0.15360E-01    0.91029E-01    0.12217E+07    0.10615E+03
   450    0.38167E-02    0.00000E+00    0.00000E+00    0.12293E+07    0.10548E+03
   451    0.92565E+00   -0.17093E-01   -0.99948E-01    0.12363E+07    0.10482E+03
   452    0.18558E+01   -0.34455E-01   -0.21041E+00    0.12426E+07    0.10416E+03
   453    0.29442E+01   -0.52095E-01   -0.32828E+00    0.12484E+07    0.10350E+03
   454    0.39694E+01   -0.70766E-01   -0.45412E+00    0.12535E+07    0.10285E+03
   455    0.50069E+01   -0.89735E-01   -0.58705E+00    0.12580E+07    0.10221E+03
   456    0.62067E+01   -0.10975E+00   -0.71948E+00    0.12619E+07    0.10157E+03
   457    0.72729E+01   -0.12935E+00   -0.86463E+00    0.12652E+07    0.10094E+03
   458    0.84299E+01   -0.14927E+00   -0.10030E+01    0.12680E+07    0.10031E+03
   459    0.96046E+01   -0.16878E+00   -0.11494E+01    0.12703E+07    0.99686E+02
   460    0.10798E+02   -0.18938E+00   -0.12969E+01    0.12720E+07    0.99066E+02
   461    0.11938E+02   -0.20960E+00   -0.14453E+01    0.12732E+07    0.98451E+02
   462    0.13100E+02   -0.23018E+00   -0.15879E+01    0.12739E+07    0.97841E+02
   463    0.14211E+02   -0.24965E+00   -0.17422E+01    0.12741E+07    0.97235E+02
   464    0.15272E+02   -0.26877E+00   -0.18778E+01    0.12738E+07    0.96633E+02
   465    0.16284E+02   -0.28753E+00   -0.20233E+01    0.12731E+07    0.96035E+02
   466    0.17323E+02   -0.30670E+00   -0.21557E+01    0.12719E+07    0.95441E+02
   467    0.18392E+02   -0.32480E+00   -0.22888E+01    0.12702E+07    0.94851E+02
   468    0.19341E+02   -0.34183E+00   -0.24144E+01    0.12681E+07    0.94265E+02
   469    0.20247E+02   -0.35930E+00   -0.25390E+01    0.12656E+07    0.93682E+02
   470    0.21186E+02   -0.37498E+00   -0.26542E+01    0.12627E+07    0.93103E+02
   471    0.21862E+02   -0.38889E+00   -0.27592E+01    0.12595E+07    0.92527E+02
   472    0.22647E+02   -0.40251E+00   -0.28606E+01    0.12558E+07    0.91954E+02
   473    0.23320E+02   -0.41513E+00   -0.29498E+01    0.12518E+07    0.91384E+02
   474    0.23957E+02   -0.42599E+00   -0.30336E+01    0.12474E+07    0.90818E+02
   475    0.24559E+02   -0.43661E+00   -0.31036E+01    0.12427E+07    0.90254E+02
   476    0.24978E+02   -0.44475E+00   -0.31610E+01    0.12377E+07    0.89694E+02
   477    0.25291E+02   -0.45192E+00   -0.32148E+01    0.12323E+07    0.89136E+02
   478    0.25573E+02   -0.45812E+00   -0.32453E+01    0.12267E+07    0.88580E+02
   479    0.25751E+02   -0.46188E+00   -0.32762E+01    0.12207E+07    0.88027E+02
   480    0.25827E+02   -0.46395E+00   -0.32874E+01    0.12145E+07    0.87477E+02
   481    0.25801E+02   -0.46435E+00   -0.32816E+01    0.12081E+07    0.86928E+02
   482    0.25750E+02   -0.46233E+00   -0.32638E+01    0.12014E+07    0.86382E+02
   483    0.25452E+02   -0.45865E+00   -0.32355E+01    0.11944E+07    0.85838E+02
   484    0.24982E+02   -0.45258E+00   -0.31897E+01    0.11873E+07    0.85296E+02
   485    0.24565E+02   -0.44487E+00   -0.31271E+01    0.11799E+07    0.84755E+02
   486    0.23980E+02   -0.43404E+00   -0.30489E+01    0.11723E+07    0.84217E+02
   487    0.23226E+02   -0.42085E+00   -0.29543E+01    0.11646E+07    0.83679E+02
   488    0.22307E+02   -0.40604E+00   -0.28417E+01    0.11566E+07    0.83144E+02
   489    0.21298E+02   -0.38815E+00   -0.27116E+01    0.11486E+07    0.82609E+02
   490    0.20199E+02   -0.36718E+00   -0.25625E+01    0.11404E+07    0.82076E+02
   491    0.18790E+02   -0.34389E+00   -0.23962E+01    0.11320E+07    0.81544E+02
   492    0.17368E+02   -0.31754E+00   -0.22113E+01    0.11235E+07    0.81013E+02
   493    0.15787E+02   -0.28962E+00   -0.20054E+01    0.11150E+07    0.80483E+02
   494    0.14049E+02   -0.25718E+00   -0.17812E+01    0.11063E+07    0.79954E+02
   495    0.12079E+02   -0.22245E+00   -0.15364E+01    0.10976E+07    0.79425E+02
   496    0.99541E+01   -0.18396E+00   -0.12716E+01    0.10888E+07    0.78897E+02
   497    0.76752E+01   -0.14246E+00   -0.98510E+00    0.10799E+07    0.78370E+02
   498    0.52437E+01   -0.98705E-01   -0.67901E+00    0.10710E+07    0.77842E+02
   499    0.27352E+01   -0.50472E-01   -0.34946E+00    0.10621E+07    0.77315E+02
   500    0.24892E-02    0.00000E+00    0.00000E+00    0.10532E+07    0.76788E+02
