#    L    TT             EE             TE             PP             TP          
     2    0.15935E+03    0.26380E-10   -0.26768E-05    0.53229E+06    0.16736E+05
     3    0.11912E+03    0.87192E-11    0.40547E-05    0.84808E+06    0.19795E+05
     4    0.93712E+02    0.25383E-11    0.30673E-05    0.11370E+07    0.21328E+05
     5    0.76330E+02    0.92268E-12    0.16259E-05    0.13986E+07    0.22041E+05
     6    0.63723E+02    0.40613E-12    0.15981E-05    0.16344E+07    0.22273E+05
     7    0.54184E+02    0.29389E-12    0.22056E-05    0.18469E+07    0.22211E+05
     8    0.46741E+02    0.31794E-12    0.23659E-05    0.20384E+07    0.21964E+05
     9    0.40792E+02    0.26086E-12    0.18516E-05    0.22114E+07    0.21603E+05
    10    0.35938E+02    0.13397E-12    0.11185E-05    0.23676E+07    0.21166E+05
    11    0.31920E+02    0.50549E-13    0.62961E-06    0.25093E+07    0.20689E+05
    12    0.28694E+02    0.10382E-03   -0.23745E-03    0.26374E+07    0.20182E+05
    13    0.25668E+02    0.61837E-13    0.60069E-06    0.27532E+07    0.19659E+05
    14    0.23162E+02   -0.27194E-04    0.79228E-04    0.28581E+07    0.19132E+05
    15    0.21069E+02    0.72852E-13    0.71943E-06    0.29532E+07    0.18607E+05
    16    0.19178E+02   -0.22586E-04    0.32374E-03    0.30392E+07    0.18087E+05
    17    0.17575E+02    0.38139E-13    0.44460E-06    0.31170E+07    0.17575E+05
    18    0.15698E+02    0.11488E-04   -0.52579E-03    0.31873E+07    0.17076E+05
    19    0.14852E+02    0.17722E-13    0.19175E-06    0.32507E+07    0.16587E+05
    20    0.13748E+02    0.10034E-04   -0.10741E-04    0.33074E+07    0.16111E+05
    21    0.12684E+02    0.15240E-13    0.21209E-06    0.33582E+07    0.15647E+05
    22    0.11808E+02   -0.67106E-05   -0.42827E-04    0.34036E+07    0.15198E+05
    23    0.10932E+02    0.42221E-13    0.36333E-06    0.34441E+07    0.14763E+05
    24    0.10155E+02   -0.45945E-05    0.19307E-03    0.34798E+07    0.14341E+05
    25    0.94941E+01    0.68507E-13    0.43593E-06    0.35113E+07    0.13933E+05
    26    0.88159E+01    0.45677E-05    0.17361E-03    0.35388E+07    0.13538E+05
    27    0.83016E+01    0.57852E-13    0.36824E-06    0.35626E+07    0.13156E+05
    28    0.77534E+01    0.62322E-06   -0.24443E-03    0.35831E+07    0.12788E+05
    29    0.73021E+01    0.31169E-13    0.22700E-06    0.36003E+07    0.12431E+05
    30    0.69322E+01   -0.21393E-05    0.16641E-04    0.36142E+07    0.12085E+05
    31    0.64557E+01    0.17395E-13    0.10071E-06    0.36254E+07    0.11751E+05
    32    0.60492E+01    0.18985E-05    0.16029E-03    0.36340E+07    0.11428E+05
    33    0.57347E+01    0.14128E-13    0.39211E-07    0.36403E+07    0.11116E+05
    34    0.53962E+01    0.58091E-06   -0.27667E-03    0.36443E+07    0.10814E+05
    35    0.51160E+01    0.11603E-13    0.45075E-07    0.36463E+07    0.10523E+05
    36    0.48948E+01   -0.13653E-06    0.46380E-03    0.36463E+07    0.10241E+05
    37    0.45820E+01    0.10812E-13    0.89963E-07    0.36446E+07    0.99687E+04
    38    0.43173E+01    0.41830E-05   -0.55396E-03    0.36412E+07    0.97054E+04
    39    0.41429E+01    0.55145E-05   -0.64616E-03    0.36363E+07    0.94508E+04
    40    0.39094E+01    0.18998E-13    0.15838E-06    0.36298E+07    0.92045E+04
    41    0.38212E+01   -0.10177E-04    0.12920E-02    0.36220E+07    0.89661E+04
    42    0.36411E+01   -0.18179E-04    0.24751E-02    0.36129E+07    0.87354E+04
    43    0.34857E+01   -0.16190E-04    0.26483E-02    0.36026E+07    0.85120E+04
    44    0.31744E+01   -0.11250E-04    0.18018E-02    0.35912E+07    0.82958E+04
    45    0.30468E+01    0.23323E-13    0.15876E-06    0.35787E+07    0.80865E+04
    46    0.30043E+01    0.21386E-04   -0.44409E-02    0.35654E+07    0.78838E+04
    47    0.29053E+01    0.45231E-04   -0.10322E-01    0.35511E+07    0.76876E+04
    48    0.26899E+01    0.68040E-04   -0.13066E-01    0.35361E+07    0.74976E+04
    49    0.24471E+01    0.64032E-04   -0.86923E-02    0.35203E+07    0.73135E+04
    50    0.24143E+01    0.73132E-14    0.73137E-07    0.35039E+07    0.71352E+04
    51    0.23782E+01   -0.15865E-03    0.87113E-02    0.34868E+07    0.69625E+04
    52    0.25511E+01   -0.32573E-03    0.12776E-01    0.34692E+07    0.67951E+04
    53    0.25462E+01   -0.34961E-03    0.92855E-02    0.34511E+07    0.66329E+04
    54    0.22736E+01   -0.23463E-03    0.33016E-02    0.34325E+07    0.64756E+04
    55    0.19407E+01    0.30940E-14    0.20016E-07    0.34135E+07    0.63232E+04
    56    0.17596E+01    0.21343E-03   -0.17291E-02    0.33940E+07    0.61754E+04
    57    0.16644E+01    0.29820E-03   -0.18358E-02    0.33743E+07    0.60319E+04
    58    0.16682E+01    0.26287E-03   -0.12124E-02    0.33541E+07    0.58928E+04
    59    0.16356E+01    0.14575E-03   -0.77349E-03    0.33337E+07    0.57578E+04
    60    0.15797E+01    0.20393E-14    0.18483E-07    0.33130E+07    0.56267E+04
    61    0.18070E+01   -0.80085E-04    0.18113E-02    0.32920E+07    0.54995E+04
    62    0.17171E+01   -0.10301E-03    0.37228E-02    0.32708E+07    0.53759E+04
    63    0.15226E+01   -0.10297E-03    0.47585E-02    0.32494E+07    0.52560E+04
    64    0.15108E+01   -0.62183E-04    0.37191E-02    0.32278E+07    0.51395E+04
    65    0.13001E+01    0.44067E-14    0.34973E-07    0.32061E+07    0.50263E+04
    66    0.11771E+01    0.21984E-04   -0.46037E-02    0.31844E+07    0.49164E+04
    67    0.98051E+00    0.10896E-04   -0.77600E-02    0.31625E+07    0.48097E+04
    68    0.99439E+00    0.13330E-04   -0.83024E-02    0.31406E+07    0.47061E+04
    69    0.98268E+00   -0.58331E-05   -0.49903E-02    0.31186E+07    0.46053E+04
    70    0.10808E+01    0.67506E-14    0.39204E-07    0.30967E+07    0.45075E+04
    71    0.11329E+01    0.25785E-04    0.38996E-02    0.30747E+07    0.44123E+04
    72    0.11559E+01    0.53062E-04    0.55054E-02    0.30527E+07    0.43199E+04
    73    0.10983E+01    0.56304E-04    0.45079E-02    0.30307E+07    0.42299E+04
    74    0.98288E+00    0.32269E-04    0.20827E-02    0.30087E+07    0.41425E+04
    75    0.90672E+00    0.38441E-14    0.30219E-07    0.29868E+07    0.40574E+04
    76    0.81098E+00   -0.30693E-04   -0.95235E-03    0.29648E+07    0.39746E+04
    77    0.75579E+00   -0.57223E-04   -0.10189E-02    0.29429E+07    0.38940E+04
    78    0.79393E+00   -0.41664E-04   -0.21692E-02    0.29211E+07    0.38156E+04
    79    0.75531E+00   -0.27803E-04   -0.11730E-02    0.28993E+07    0.37392E+04
    80    0.76698E+00    0.16877E-14    0.19389E-07    0.28777E+07    0.36649E+04
    81    0.73770E+00    0.27379E-05    0.31530E-03    0.28561E+07    0.35926E+04
    82    0.74303E+00    0.12525E-04    0.24966E-03    0.28346E+07    0.35222E+04
    83    0.71454E+00    0.14258E-04   -0.27075E-03    0.28133E+07    0.34536E+04
    84    0.73236E+00    0.15117E-04    0.16587E-03    0.27921E+07    0.33869E+04
    85    0.65376E+00    0.14064E-14    0.13019E-07    0.27710E+07    0.33220E+04
    86    0.55813E+00   -0.80104E-05   -0.13642E-03    0.27501E+07    0.32587E+04
    87    0.67049E+00   -0.26216E-04    0.24021E-03    0.27294E+07    0.31971E+04
    88    0.54657E+00   -0.26302E-04    0.83362E-03    0.27088E+07    0.31371E+04
    89    0.55921E+00   -0.96688E-05   -0.13813E-03    0.26884E+07    0.30786E+04
    90    0.56129E+00    0.84383E-15    0.10405E-07    0.26681E+07    0.30216E+04
    91    0.48030E+00    0.88892E-05    0.16982E-03    0.26481E+07    0.29661E+04
    92    0.46810E+00    0.16379E-04    0.62228E-03    0.26282E+07    0.29119E+04
    93    0.52829E+00    0.29435E-04    0.82641E-03    0.26085E+07    0.28590E+04
    94    0.44167E+00    0.25308E-04    0.17369E-02    0.25890E+07    0.28075E+04
    95    0.43472E+00    0.18391E-04    0.20800E-02    0.25697E+07    0.27573E+04
    96    0.21392E+00    0.82198E-05    0.20674E-02    0.25505E+07    0.27083E+04
    97    0.22862E+00   -0.56680E-05    0.19112E-02    0.25316E+07    0.26606E+04
    98    0.25958E+00   -0.16308E-04    0.33087E-02    0.25128E+07    0.26140E+04
    99    0.16188E+00   -0.46450E-04    0.27578E-02    0.24942E+07    0.25687E+04
   100    0.16199E+00   -0.81699E-04    0.41844E-02    0.24758E+07    0.25244E+04
   101    0.11498E+00   -0.48236E-04    0.40862E-02    0.24576E+07    0.24812E+04
   102    0.39589E+00   -0.80235E-04    0.41607E-02    0.24395E+07    0.24391E+04
   103    0.41409E+00   -0.89020E-04    0.31342E-02    0.24216E+07    0.23980E+04
   104    0.47034E+00   -0.60196E-04    0.34469E-02    0.24040E+07    0.23579E+04
   105    0.49398E+00   -0.53656E-04    0.30823E-02    0.23865E+07    0.23188E+04
   106    0.56294E+00    0.19279E-04    0.22523E-02    0.23692E+07    0.22806E+04
   107    0.38369E+00    0.24434E-04    0.19114E-02    0.23520E+07    0.22432E+04
   108    0.40559E+00    0.50485E-04    0.78595E-03    0.23351E+07    0.22068E+04
   109    0.40940E+00    0.37543E-04   -0.16942E-03    0.23184E+07    0.21712E+04
   110    0.32448E+00    0.37504E-15    0.42534E-08    0.23018E+07    0.21364E+04
   111    0.22942E+00    0.25783E-04   -0.72092E-03    0.22854E+07    0.21023E+04
   112    0.13134E+00    0.51254E-04   -0.21128E-02    0.22692E+07    0.20690E+04
   113    0.11232E+00    0.86308E-04   -0.32119E-02    0.22532E+07    0.20364E+04
   114    0.31593E-01    0.66557E-04   -0.37972E-02    0.22374E+07    0.20046E+04
   115    0.45521E-01    0.15046E-03   -0.43908E-02    0.22217E+07    0.19734E+04
   116   -0.60946E-01    0.12507E-03   -0.47717E-02    0.22063E+07    0.19430E+04
   117    0.17127E-01    0.74553E-04   -0.47190E-02    0.21910E+07    0.19132E+04
   118    0.13897E+00    0.15738E-03   -0.54974E-02    0.21758E+07    0.18840E+04
   119    0.16382E+00    0.23488E-03   -0.54004E-02    0.21609E+07    0.18555E+04
   120    0.24804E+00    0.16838E-03   -0.49499E-02    0.21461E+07    0.18277E+04
   121    0.25086E+00    0.26490E-03   -0.46678E-02    0.21315E+07    0.18004E+04
   122    0.25437E+00    0.23721E-03   -0.43333E-02    0.21171E+07    0.17737E+04
   123    0.26637E+00    0.16949E-03   -0.44681E-02    0.21029E+07    0.17476E+04
   124    0.29465E+00    0.14592E-03   -0.26230E-02    0.20888E+07    0.17221E+04
   125    0.27273E+00    0.10210E-03   -0.15484E-02    0.20748E+07    0.16971E+04
   126    0.28270E+00    0.12222E-03   -0.10233E-02    0.20611E+07    0.16726E+04
   127    0.25806E+00    0.67608E-04   -0.82677E-03    0.20475E+07    0.16487E+04
   128    0.20663E+00    0.96719E-04   -0.73800E-03    0.20341E+07    0.16252E+04
   129    0.21047E+00    0.70884E-04   -0.53605E-03    0.20208E+07    0.16022E+04
   130    0.20312E+00    0.18752E-14    0.67845E-08    0.20077E+07    0.15797E+04
   131    0.19269E+00    0.40701E-04   -0.11275E-02    0.19947E+07    0.15576E+04
   132    0.26296E+00    0.45184E-04   -0.14194E-02    0.19819E+07    0.15360E+04
   133    0.27515E+00    0.86669E-04   -0.35664E-02    0.19693E+07    0.15148E+04
   134    0.31337E+00    0.16409E-03   -0.35737E-02    0.19568E+07    0.14940E+04
   135    0.38741E+00    0.20211E-03   -0.48750E-02    0.19444E+07    0.14737E+04
   136    0.35851E+00    0.19965E-03   -0.42183E-02    0.19322E+07    0.14537E+04
   137    0.38506E+00    0.22994E-03   -0.42943E-02    0.19201E+07    0.14341E+04
   138    0.40257E+00    0.21763E-03   -0.40796E-02    0.19082E+07    0.14149E+04
   139    0.27228E+00    0.31022E-03   -0.32936E-02    0.18964E+07    0.13961E+04
   140    0.30114E+00    0.28381E-03   -0.31413E-02    0.18848E+07    0.13777E+04
   141    0.20182E+00    0.21161E-03   -0.18566E-02    0.18733E+07    0.13596E+04
   142    0.20698E+00    0.16683E-03   -0.64437E-03    0.18619E+07    0.13418E+04
   143    0.25213E+00    0.14843E-03    0.33035E-04    0.18506E+07    0.13244E+04
   144    0.19853E+00    0.81045E-04    0.45625E-03    0.18395E+07    0.13073E+04
   145    0.13025E+00    0.11218E-03    0.90586E-03    0.18285E+07    0.12906E+04
   146    0.27996E+00    0.17933E-04    0.91965E-03    0.18176E+07    0.12741E+04
   147    0.21177E+00    0.20080E-04    0.15210E-02    0.18068E+07    0.12580E+04
   148    0.15833E+00   -0.31007E-04    0.76213E-03    0.17961E+07    0.12421E+04
   149    0.20374E+00   -0.62107E-04   -0.33364E-03    0.17856E+07    0.12265E+04
   150    0.13494E+00    0.18752E-15    0.10650E-08    0.17752E+07    0.12112E+04
   151    0.10999E+00    0.77267E-04   -0.16144E-02    0.17648E+07    0.11962E+04
   152   -0.11447E-01    0.80850E-04   -0.38724E-02    0.17546E+07    0.11814E+04
   153   -0.72925E-01    0.14206E-03   -0.46709E-02    0.17445E+07    0.11668E+04
   154   -0.14083E+00    0.24362E-03   -0.63636E-02    0.17345E+07    0.11525E+04
   155   -0.20726E+00    0.36829E-03   -0.83328E-02    0.17246E+07    0.11385E+04
   156   -0.41289E+00    0.49880E-03   -0.10704E-01    0.17148E+07    0.11247E+04
   157   -0.45270E+00    0.61790E-03   -0.12116E-01    0.17050E+07    0.11111E+04
   158   -0.54163E+00    0.78259E-03   -0.13437E-01    0.16954E+07    0.10978E+04
   159   -0.67180E+00    0.82706E-03   -0.14794E-01    0.16859E+07    0.10847E+04
   160   -0.76102E+00    0.88262E-03   -0.14824E-01    0.16765E+07    0.10718E+04
   161   -0.80140E+00    0.10063E-02   -0.15139E-01    0.16671E+07    0.10591E+04
   162   -0.85933E+00    0.10322E-02   -0.15864E-01    0.16579E+07    0.10466E+04
   163   -0.77834E+00    0.10175E-02   -0.15639E-01    0.16487E+07    0.10344E+04
   164   -0.84768E+00    0.10190E-02   -0.16075E-01    0.16396E+07    0.10223E+04
   165   -0.76231E+00    0.94538E-03   -0.15068E-01    0.16307E+07    0.10105E+04
   166   -0.66291E+00    0.92781E-03   -0.14230E-01    0.16217E+07    0.99879E+03
   167   -0.46730E+00    0.72622E-03   -0.14427E-01    0.16129E+07    0.98732E+03
   168   -0.39043E+00    0.69477E-03   -0.13558E-01    0.16042E+07    0.97603E+03
   169   -0.27585E+00    0.51905E-03   -0.11747E-01    0.15955E+07    0.96492E+03
   170   -0.11565E+00    0.40467E-03   -0.10605E-01    0.15869E+07    0.95399E+03
   171   -0.50506E-01    0.33435E-03   -0.80286E-02    0.15784E+07    0.94322E+03
   172    0.17547E-02    0.21656E-03   -0.56291E-02    0.15699E+07    0.93263E+03
   173   -0.25253E-01    0.34034E-04   -0.35315E-02    0.15616E+07    0.92220E+03
   174    0.24932E-01    0.66645E-04   -0.18610E-02    0.15533E+07    0.91192E+03
   175    0.85923E-01    0.00000E+00   -0.42928E-10    0.15450E+07    0.90180E+03
   176    0.17170E-01    0.36738E-04    0.19737E-02    0.15369E+07    0.89182E+03
   177   -0.24248E-01    0.70562E-04    0.26861E-02    0.15288E+07    0.88199E+03
   178   -0.10398E+00    0.28936E-03    0.37823E-02    0.15207E+07    0.87231E+03
   179   -0.21339E+00    0.36102E-03    0.54213E-02    0.15127E+07    0.86276E+03
   180   -0.19527E+00    0.47345E-03    0.62767E-02    0.15048E+07    0.85336E+03
   181   -0.26385E+00    0.59167E-03    0.65077E-02    0.14970E+07    0.84409E+03
   182   -0.33620E+00    0.75500E-03    0.77592E-02    0.14892E+07    0.83495E+03
   183   -0.47798E+00    0.85420E-03    0.87047E-02    0.14814E+07    0.82594E+03
   184   -0.53197E+00    0.92858E-03    0.10246E-01    0.14738E+07    0.81707E+03
   185   -0.56383E+00    0.10917E-02    0.10315E-01    0.14661E+07    0.80832E+03
   186   -0.93635E+00    0.11676E-02    0.12040E-01    0.14586E+07    0.79969E+03
   187   -0.97233E+00    0.12623E-02    0.14096E-01    0.14511E+07    0.79118E+03
   188   -0.10346E+01    0.13260E-02    0.15157E-01    0.14436E+07    0.78280E+03
   189   -0.11887E+01    0.13610E-02    0.16867E-01    0.14362E+07    0.77453E+03
   190   -0.98036E+00    0.13842E-02    0.17157E-01    0.14289E+07    0.76637E+03
   191   -0.11438E+01    0.13829E-02    0.19157E-01    0.14216E+07    0.75833E+03
   192   -0.11504E+01    0.13446E-02    0.20798E-01    0.14143E+07    0.75039E+03
   193   -0.12143E+01    0.12787E-02    0.20754E-01    0.14071E+07    0.74256E+03
   194   -0.11041E+01    0.11801E-02    0.21412E-01    0.14000E+07    0.73484E+03
   195   -0.10340E+01    0.10509E-02    0.20704E-01    0.13929E+07    0.72721E+03
   196   -0.99539E+00    0.89326E-03    0.19530E-01    0.13858E+07    0.71969E+03
   197   -0.83099E+00    0.71685E-03    0.16565E-01    0.13788E+07    0.71226E+03
   198   -0.60649E+00    0.50895E-03    0.12711E-01    0.13718E+07    0.70493E+03
   199   -0.31325E+00    0.27175E-03    0.73839E-02    0.13649E+07    0.69769E+03
   200    0.57362E-01    0.00000E+00   -0.20522E-11    0.13580E+07    0.69054E+03
   201    0.43811E+00   -0.28135E-03   -0.84539E-02    0.13511E+07    0.68348E+03
   202    0.90402E+00   -0.59737E-03   -0.18882E-01    0.13443E+07    0.67650E+03
   203    0.13799E+01   -0.92061E-03   -0.29875E-01    0.13376E+07    0.66961E+03
   204    0.17908E+01   -0.12608E-02   -0.43737E-01    0.13308E+07    0.66280E+03
   205    0.22842E+01   -0.16054E-02   -0.57575E-01    0.13241E+07    0.65607E+03
   206    0.27107E+01   -0.19491E-02   -0.71984E-01    0.13175E+07    0.64943E+03
   207    0.32182E+01   -0.23019E-02   -0.86745E-01    0.13109E+07    0.64287E+03
   208    0.35829E+01   -0.26435E-02   -0.10171E+00    0.13043E+07    0.63639E+03
   209    0.39524E+01   -0.29838E-02   -0.11658E+00    0.12977E+07    0.62999E+03
   210    0.43260E+01   -0.33028E-02   -0.13159E+00    0.12912E+07    0.62367E+03
   211    0.47029E+01   -0.36027E-02   -0.14613E+00    0.12848E+07    0.61743E+03
   212    0.49334E+01   -0.38858E-02   -0.16047E+00    0.12783E+07    0.61126E+03
   213    0.52398E+01   -0.41395E-02   -0.17389E+00    0.12719E+07    0.60517E+03
   214    0.54725E+01   -0.44033E-02   -0.18694E+00    0.12655E+07    0.59916E+03
   215    0.57050E+01   -0.45160E-02   -0.19969E+00    0.12592E+07    0.59322E+03
   216    0.58622E+01   -0.46954E-02   -0.21095E+00    0.12529E+07    0.58735E+03
   217    0.60917E+01   -0.48174E-02   -0.22206E+00    0.12466E+07    0.58155E+03
   218    0.62442E+01   -0.49140E-02   -0.23214E+00    0.12404E+07    0.57583E+03
   219    0.63930E+01   -0.50172E-02   -0.23956E+00    0.12342E+07    0.57017E+03
   220    0.65374E+01   -0.50105E-02   -0.24809E+00    0.12280E+07    0.56459E+03
   221    0.66765E+01   -0.50002E-02   -0.25486E+00    0.12219E+07    0.55908E+03
   222    0.68093E+01   -0.48696E-02   -0.26067E+00    0.12157E+07    0.55363E+03
   223    0.67866E+01   -0.47250E-02   -0.26412E+00    0.12096E+07    0.54825E+03
   224    0.69046E+01   -0.45985E-02   -0.26826E+00    0.12036E+07    0.54293E+03
   225    0.69395E+01   -0.43735E-02   -0.26945E+00    0.11975E+07    0.53768E+03
   226    0.69648E+01   -0.40820E-02   -0.27073E+00    0.11915E+07    0.53250E+03
   227    0.69055E+01   -0.37559E-02   -0.26996E+00    0.11856E+07    0.52737E+03
   228    0.69091E+01   -0.34273E-02   -0.26795E+00    0.11796E+07    0.52231E+03
   229    0.69005E+01   -0.30538E-02   -0.26553E+00    0.11737E+07    0.51731E+03
   230    0.68047E+01   -0.26675E-02   -0.26128E+00    0.11678E+07    0.51237E+03
   231    0.66207E+01   -0.22262E-02   -0.25528E+00    0.11619E+07    0.50750E+03
   232    0.64963E+01   -0.18360E-02   -0.24836E+00    0.11561E+07    0.50267E+03
   233    0.63564E+01   -0.13061E-02   -0.24132E+00    0.11502E+07    0.49791E+03
   234    0.60515E+01   -0.81706E-03   -0.23276E+00    0.11444E+07    0.49320E+03
   235    0.58036E+01   -0.32665E-03   -0.22351E+00    0.11386E+07    0.48855E+03
   236    0.54633E+01    0.13318E-03   -0.21288E+00    0.11329E+07    0.48396E+03
   237    0.51040E+01    0.60470E-03   -0.20172E+00    0.11272E+07    0.47941E+03
   238    0.47249E+01    0.11302E-02   -0.18933E+00    0.11214E+07    0.47492E+03
   239    0.43994E+01    0.15291E-02   -0.17582E+00    0.11157E+07    0.47049E+03
   240    0.39039E+01    0.18438E-02   -0.16272E+00    0.11101E+07    0.46610E+03
   241    0.35345E+01    0.21907E-02   -0.14865E+00    0.11044E+07    0.46176E+03
   242    0.31419E+01    0.23893E-02   -0.13367E+00    0.10988E+07    0.45748E+03
   243    0.27252E+01    0.25562E-02   -0.11859E+00    0.10932E+07    0.45324E+03
   244    0.22836E+01    0.25851E-02   -0.10203E+00    0.10876E+07    0.44905E+03
   245    0.18161E+01    0.25182E-02   -0.86270E-01    0.10820E+07    0.44490E+03
   246    0.13964E+01    0.23237E-02   -0.69168E-01    0.10764E+07    0.44080E+03
   247    0.10234E+01    0.18952E-02   -0.52285E-01    0.10709E+07    0.43675E+03
   248    0.62205E+00    0.15721E-02   -0.34955E-01    0.10653E+07    0.43274E+03
   249    0.34009E+00    0.80248E-03   -0.17253E-01    0.10598E+07    0.42877E+03
   250    0.28077E-01    0.00000E+00    0.72007E-13    0.10543E+07    0.42484E+03
   251   -0.16778E+00   -0.11553E-02    0.18203E-01    0.10488E+07    0.42096E+03
   252   -0.47872E+00   -0.24267E-02    0.36481E-01    0.10434E+07    0.41711E+03
   253   -0.54324E+00   -0.40141E-02    0.53948E-01    0.10379E+07    0.41331E+03
   254   -0.66836E+00   -0.55973E-02    0.71205E-01    0.10325E+07    0.40954E+03
   255   -0.78970E+00   -0.74504E-02    0.88851E-01    0.10271E+07    0.40582E+03
   256   -0.84289E+00   -0.91791E-02    0.10749E+00    0.10217E+07    0.40213E+03
   257   -0.83782E+00   -0.11206E-01    0.11954E+00    0.10163E+07    0.39849E+03
   258   -0.85867E+00   -0.13137E-01    0.13824E+00    0.10110E+07    0.39488E+03
   259   -0.84108E+00   -0.15097E-01    0.14933E+00    0.10056E+07    0.39131E+03
   260   -0.72064E+00   -0.17063E-01    0.16826E+00    0.10003E+07    0.38778E+03
   261   -0.65584E+00   -0.19087E-01    0.17336E+00    0.99504E+06    0.38429E+03
   262   -0.65656E+00   -0.20923E-01    0.18751E+00    0.98979E+06    0.38083E+03
   263   -0.36131E+00   -0.22770E-01    0.20387E+00    0.98456E+06    0.37741E+03
   264   -0.22567E+00   -0.24532E-01    0.21562E+00    0.97937E+06    0.37403E+03
   265   -0.18526E+00   -0.26259E-01    0.21593E+00    0.97420E+06    0.37068E+03
   266   -0.27144E-01   -0.27706E-01    0.22769E+00    0.96907E+06    0.36737E+03
   267    0.15937E-01   -0.29221E-01    0.22921E+00    0.96396E+06    0.36410E+03
   268    0.82647E-01   -0.30410E-01    0.23595E+00    0.95889E+06    0.36086E+03
   269    0.14518E-01   -0.31547E-01    0.24107E+00    0.95385E+06    0.35765E+03
   270    0.98781E-01   -0.32534E-01    0.24519E+00    0.94885E+06    0.35448E+03
   271    0.10269E+00   -0.33424E-01    0.24889E+00    0.94388E+06    0.35135E+03
   272    0.23918E+00   -0.33894E-01    0.24536E+00    0.93896E+06    0.34824E+03
   273    0.27552E+00   -0.34518E-01    0.25005E+00    0.93407E+06    0.34518E+03
   274    0.35036E+00   -0.34678E-01    0.24127E+00    0.92921E+06    0.34214E+03
   275    0.37952E+00   -0.34870E-01    0.24190E+00    0.92440E+06    0.33914E+03
   276    0.50167E+00   -0.34849E-01    0.23027E+00    0.91963E+06    0.33617E+03
   277    0.48405E+00   -0.34591E-01    0.22926E+00    0.91491E+06    0.33324E+03
   278    0.53962E+00   -0.34149E-01    0.21717E+00    0.91023E+06    0.33033E+03
   279    0.58419E+00   -0.33573E-01    0.20206E+00    0.90559E+06    0.32746E+03
   280    0.60786E+00   -0.32841E-01    0.19935E+00    0.90100E+06    0.32462E+03
   281    0.74929E+00   -0.31854E-01    0.18738E+00    0.89645E+06    0.32181E+03
   282    0.70145E+00   -0.30888E-01    0.17418E+00    0.89195E+06    0.31903E+03
   283    0.75157E+00   -0.29696E-01    0.16033E+00    0.88751E+06    0.31628E+03
   284    0.81547E+00   -0.28329E-01    0.14644E+00    0.88311E+06    0.31356E+03
   285    0.88325E+00   -0.26765E-01    0.13312E+00    0.87876E+06    0.31087E+03
   286    0.87072E+00   -0.25130E-01    0.11352E+00    0.87447E+06    0.30821E+03
   287    0.84226E+00   -0.23399E-01    0.10312E+00    0.87023E+06    0.30558E+03
   288    0.86226E+00   -0.21551E-01    0.87651E-01    0.86604E+06    0.30298E+03
   289    0.84654E+00   -0.19636E-01    0.75142E-01    0.86191E+06    0.30040E+03
   290    0.85947E+00   -0.17779E-01    0.66194E-01    0.85783E+06    0.29786E+03
   291    0.89115E+00   -0.15217E-01    0.46550E-01    0.85382E+06    0.29534E+03
   292    0.63455E+00   -0.13038E-01    0.39095E-01    0.84986E+06    0.29285E+03
   293    0.67403E+00   -0.11592E-01    0.22144E-01    0.84596E+06    0.29039E+03
   294    0.55400E+00   -0.93704E-02    0.18583E-01    0.84212E+06    0.28795E+03
   295    0.63597E+00   -0.78354E-02    0.67261E-02    0.83835E+06    0.28554E+03
   296    0.53862E+00   -0.54786E-02    0.20301E-02    0.83464E+06    0.28316E+03
   297    0.47490E+00   -0.45053E-02    0.50950E-02    0.83099E+06    0.28080E+03
   298    0.28634E+00   -0.26641E-02    0.16641E-02    0.82741E+06    0.27847E+03
   299    0.18589E+00   -0.67475E-03   -0.23422E-03    0.82389E+06    0.27616E+03
   300    0.15087E-01    0.00000E+00    0.00000E+00    0.82044E+06    0.27387E+03
   301   -0.16155E+00    0.87705E-03    0.10259E-01    0.81706E+06    0.27162E+03
   302   -0.27897E+00    0.12775E-02    0.30463E-01    0.81374E+06    0.26938E+03
   303   -0.42053E+00    0.20163E-02    0.45537E-01    0.81049E+06    0.26717E+03
   304   -0.59531E+00    0.31656E-02    0.55267E-01    0.80729E+06    0.26499E+03
   305   -0.73812E+00    0.33118E-02    0.74293E-01    0.80414E+06    0.26282E+03
   306   -0.93233E+00    0.32699E-02    0.94968E-01    0.80104E+06    0.26068E+03
   307   -0.11127E+01    0.31120E-02    0.10965E+00    0.79799E+06    0.25857E+03
   308   -0.12884E+01    0.43959E-02    0.14041E+00    0.79498E+06    0.25647E+03
   309   -0.13942E+01    0.42224E-02    0.15731E+00    0.79201E+06    0.25440E+03
   310   -0.15877E+01    0.34063E-02    0.18242E+00    0.78907E+06    0.25235E+03
   311   -0.17294E+01    0.42485E-02    0.20067E+00    0.78616E+06    0.25032E+03
   312   -0.18285E+01    0.38496E-02    0.22671E+00    0.78328E+06    0.24832E+03
   313   -0.19682E+01    0.37674E-02    0.24545E+00    0.78042E+06    0.24634E+03
   314   -0.20835E+01    0.40740E-02    0.27154E+00    0.77758E+06    0.24438E+03
   315   -0.21833E+01    0.33559E-02    0.28990E+00    0.77475E+06    0.24243E+03
   316   -0.22769E+01    0.31709E-02    0.30775E+00    0.77193E+06    0.24052E+03
   317   -0.23731E+01    0.21055E-02    0.32487E+00    0.76912E+06    0.23862E+03
   318   -0.24812E+01    0.24602E-02    0.34105E+00    0.76631E+06    0.23674E+03
   319   -0.25360E+01    0.20787E-02    0.35606E+00    0.76350E+06    0.23488E+03
   320   -0.25465E+01    0.17759E-02    0.37712E+00    0.76069E+06    0.23304E+03
   321   -0.25960E+01    0.23668E-02    0.38916E+00    0.75787E+06    0.23123E+03
   322   -0.26195E+01    0.16949E-02    0.39938E+00    0.75503E+06    0.22943E+03
   323   -0.26259E+01    0.13182E-02    0.40758E+00    0.75218E+06    0.22765E+03
   324   -0.26243E+01    0.20516E-02    0.40610E+00    0.74931E+06    0.22589E+03
   325   -0.25497E+01    0.25286E-03    0.41702E+00    0.74641E+06    0.22415E+03
   326   -0.25595E+01    0.45130E-03    0.41041E+00    0.74349E+06    0.22243E+03
   327   -0.25144E+01    0.49047E-03    0.40833E+00    0.74053E+06    0.22072E+03
   328   -0.24234E+01   -0.30035E-03    0.41057E+00    0.73754E+06    0.21904E+03
   329   -0.23698E+01   -0.36335E-03    0.40205E+00    0.73451E+06    0.21737E+03
   330   -0.22885E+01   -0.11121E-02    0.38999E+00    0.73143E+06    0.21572E+03
   331   -0.21143E+01   -0.17316E-02    0.38160E+00    0.72831E+06    0.21409E+03
   332   -0.20049E+01   -0.14070E-02    0.37666E+00    0.72514E+06    0.21247E+03
   333   -0.18949E+01   -0.15517E-02    0.36752E+00    0.72191E+06    0.21087E+03
   334   -0.17193E+01   -0.13509E-02    0.35398E+00    0.71862E+06    0.20929E+03
   335   -0.16357E+01   -0.22180E-02    0.33582E+00    0.71528E+06    0.20773E+03
   336   -0.15046E+01   -0.25953E-02    0.32024E+00    0.71186E+06    0.20618E+03
   337   -0.13351E+01   -0.24107E-02    0.29217E+00    0.70837E+06    0.20465E+03
   338   -0.12105E+01   -0.30777E-02    0.27369E+00    0.70481E+06    0.20313E+03
   339   -0.99136E+00   -0.22956E-02    0.24972E+00    0.70117E+06    0.20163E+03
   340   -0.83535E+00   -0.22210E-02    0.23489E+00    0.69745E+06    0.20015E+03
   341   -0.75155E+00   -0.27816E-02    0.20672E+00    0.69364E+06    0.19868E+03
   342   -0.60047E+00   -0.16768E-02    0.17983E+00    0.68975E+06    0.19723E+03
   343   -0.46548E+00   -0.18059E-02    0.15401E+00    0.68576E+06    0.19579E+03
   344   -0.28138E+00   -0.16110E-02    0.12905E+00    0.68167E+06    0.19436E+03
   345   -0.20581E+00   -0.17629E-02    0.10473E+00    0.67748E+06    0.19295E+03
   346   -0.99302E-01   -0.70383E-03    0.88264E-01    0.67319E+06    0.19155E+03
   347   -0.45216E-01   -0.59009E-03    0.64572E-01    0.66878E+06    0.19017E+03
   348    0.21647E-01   -0.60675E-03    0.40871E-01    0.66427E+06    0.18880E+03
   349    0.17917E-01    0.61127E-04    0.16943E-01    0.65963E+06    0.18745E+03
   350    0.87959E-02    0.00000E+00    0.00000E+00    0.65488E+06    0.18610E+03
   351    0.13506E+00    0.76342E-03   -0.17693E-01    0.65000E+06    0.18477E+03
   352    0.22646E-01    0.16595E-02   -0.36808E-01    0.64502E+06    0.18346E+03
   353   -0.32641E-01    0.19922E-02   -0.43252E-01    0.63993E+06    0.18215E+03
   354   -0.18071E+00    0.25510E-02   -0.60074E-01    0.63477E+06    0.18086E+03
   355   -0.27435E+00    0.33826E-02   -0.73179E-01    0.62953E+06    0.17958E+03
   356   -0.38917E+00    0.45338E-02   -0.75903E-01    0.62423E+06    0.17832E+03
   357   -0.52653E+00    0.53084E-02   -0.83866E-01    0.61890E+06    0.17706E+03
   358   -0.61347E+00    0.50104E-02   -0.82973E-01    0.61353E+06    0.17582E+03
   359   -0.79991E+00    0.51721E-02   -0.88846E-01    0.60815E+06    0.17459E+03
   360   -0.93862E+00    0.58403E-02   -0.91104E-01    0.60276E+06    0.17337E+03
   361   -0.11052E+01    0.63189E-02   -0.94968E-01    0.59739E+06    0.17216E+03
   362   -0.12268E+01    0.66545E-02   -0.98230E-01    0.59204E+06    0.17097E+03
   363   -0.13790E+01    0.76368E-02   -0.99424E-01    0.58673E+06    0.16978E+03
   364   -0.14888E+01    0.70839E-02   -0.10303E+00    0.58147E+06    0.16861E+03
   365   -0.16318E+01    0.72711E-02   -0.10386E+00    0.57628E+06    0.16745E+03
   366   -0.17352E+01    0.75022E-02   -0.10566E+00    0.57117E+06    0.16630E+03
   367   -0.18003E+01    0.63384E-02   -0.10696E+00    0.56615E+06    0.16516E+03
   368   -0.19769E+01    0.60549E-02   -0.10704E+00    0.56123E+06    0.16403E+03
   369   -0.19693E+01    0.59554E-02   -0.10888E+00    0.55644E+06    0.16291E+03
   370   -0.20017E+01    0.53441E-02   -0.10806E+00    0.55178E+06    0.16180E+03
   371   -0.20755E+01    0.42674E-02   -0.10905E+00    0.54726E+06    0.16070E+03
   372   -0.21176E+01    0.35151E-02   -0.10815E+00    0.54291E+06    0.15961E+03
   373   -0.21294E+01    0.23910E-02   -0.10911E+00    0.53873E+06    0.15854E+03
   374   -0.21123E+01    0.16846E-02   -0.10896E+00    0.53474E+06    0.15747E+03
   375   -0.21419E+01    0.69991E-03   -0.10848E+00    0.53095E+06    0.15641E+03
   376   -0.20710E+01    0.22640E-03   -0.10842E+00    0.52737E+06    0.15536E+03
   377   -0.19751E+01   -0.11748E-02   -0.10658E+00    0.52402E+06    0.15432E+03
   378   -0.19300E+01   -0.27143E-02   -0.10670E+00    0.52092E+06    0.15329E+03
   379   -0.18626E+01   -0.36023E-02   -0.10507E+00    0.51807E+06    0.15227E+03
   380   -0.17001E+01   -0.37922E-02   -0.10469E+00    0.51549E+06    0.15126E+03
   381   -0.15923E+01   -0.69515E-02   -0.10335E+00    0.51319E+06    0.15026E+03
   382   -0.15406E+01   -0.78336E-02   -0.10108E+00    0.51119E+06    0.14927E+03
   383   -0.13978E+01   -0.93631E-02   -0.10012E+00    0.50950E+06    0.14829E+03
   384   -0.11652E+01   -0.11493E-01   -0.97518E-01    0.50813E+06    0.14731E+03
   385   -0.10669E+01   -0.11949E-01   -0.95526E-01    0.50710E+06    0.14634E+03
   386   -0.88161E+00   -0.12912E-01   -0.92679E-01    0.50642E+06    0.14538E+03
   387   -0.75907E+00   -0.14335E-01   -0.89739E-01    0.50610E+06    0.14443E+03
   388   -0.62639E+00   -0.15429E-01   -0.85984E-01    0.50616E+06    0.14349E+03
   389   -0.48491E+00   -0.18376E-01   -0.82178E-01    0.50662E+06    0.14256E+03
   390   -0.33598E+00   -0.17929E-01   -0.76854E-01    0.50748E+06    0.14163E+03
   391   -0.18092E+00   -0.18499E-01   -0.72262E-01    0.50875E+06    0.14071E+03
   392   -0.95379E-01   -0.17067E-01   -0.66193E-01    0.51046E+06    0.13980E+03
   393    0.67879E-01   -0.16558E-01   -0.60155E-01    0.51261E+06    0.13890E+03
   394    0.15894E+00   -0.15439E-01   -0.52680E-01    0.51523E+06    0.13800E+03
   395    0.17647E+00   -0.14407E-01   -0.46019E-01    0.51831E+06    0.13711E+03
   396    0.26768E+00   -0.12673E-01   -0.37369E-01    0.52189E+06    0.13623E+03
   397    0.20839E+00   -0.10189E-01   -0.28831E-01    0.52596E+06    0.13535E+03
   398    0.22011E+00   -0.76510E-02   -0.19829E-01    0.53054E+06    0.13449E+03
   399    0.15291E+00   -0.42704E-02   -0.10259E-01    0.53566E+06    0.13362E+03
   400    0.54705E-02    0.00000E+00    0.00000E+00    0.54131E+06    0.13277E+03
   401   -0.14777E+00    0.44423E-02    0.10795E-01    0.54751E+06    0.13192E+03
   402   -0.30060E+00    0.89950E-02    0.22317E-01    0.55425E+06    0.13108E+03
   403   -0.51960E+00    0.15060E-01    0.34445E-01    0.56149E+06    0.13024E+03
   404   -0.79704E+00    0.21069E-01    0.48024E-01    0.56922E+06    0.12941E+03
   405   -0.10509E+01    0.26938E-01    0.61523E-01    0.57742E+06    0.12859E+03
   406   -0.14221E+01    0.34070E-01    0.76456E-01    0.58607E+06    0.12777E+03
   407   -0.17544E+01    0.40895E-01    0.90621E-01    0.59513E+06    0.12696E+03
   408   -0.21142E+01    0.48074E-01    0.10776E+00    0.60460E+06    0.12616E+03
   409   -0.24196E+01    0.56265E-01    0.12493E+00    0.61444E+06    0.12536E+03
   410   -0.28114E+01    0.63157E-01    0.14217E+00    0.62464E+06    0.12456E+03
   411   -0.31334E+01    0.70895E-01    0.16097E+00    0.63518E+06    0.12378E+03
   412   -0.35265E+01    0.78652E-01    0.17990E+00    0.64603E+06    0.12300E+03
   413   -0.39085E+01    0.86346E-01    0.19971E+00    0.65717E+06    0.12222E+03
   414   -0.43462E+01    0.93893E-01    0.21969E+00    0.66858E+06    0.12145E+03
   415   -0.46831E+01    0.10195E+00    0.24136E+00    0.68023E+06    0.12069E+03
   416   -0.50603E+01    0.10896E+00    0.26252E+00    0.69211E+06    0.11993E+03
   417   -0.54698E+01    0.11630E+00    0.28318E+00    0.70420E+06    0.11918E+03
   418   -0.58298E+01    0.12169E+00    0.30562E+00    0.71646E+06    0.11844E+03
   419   -0.61326E+01    0.12799E+00    0.32838E+00    0.72888E+06    0.11770E+03
   420   -0.64447E+01    0.13439E+00    0.35073E+00    0.74144E+06    0.11696E+03
   421   -0.66840E+01    0.14007E+00    0.37345E+00    0.75412E+06    0.11623E+03
   422   -0.69173E+01    0.14492E+00    0.39508E+00    0.76688E+06    0.11551E+03
   423   -0.72110E+01    0.14888E+00    0.41714E+00    0.77972E+06    0.11479E+03
   424   -0.74831E+01    0.15261E+00    0.43816E+00    0.79261E+06    0.11408E+03
   425   -0.76517E+01    0.15526E+00    0.45967E+00    0.80553E+06    0.11337E+03
   426   -0.77833E+01    0.15826E+00    0.48020E+00    0.81845E+06    0.11267E+03
   427   -0.79445E+01    0.16003E+00    0.49830E+00    0.83135E+06    0.11197E+03
   428   -0.80533E+01    0.16123E+00    0.51696E+00    0.84421E+06    0.11128E+03
   429   -0.81762E+01    0.16177E+00    0.53399E+00    0.85702E+06    0.11060E+03
   430   -0.81571E+01    0.16232E+00    0.54867E+00    0.86974E+06    0.10991E+03
   431   -0.81366E+01    0.16130E+00    0.56177E+00    0.88236E+06    0.10924E+03
   432   -0.81815E+01    0.15938E+00    0.57184E+00    0.89485E+06    0.10857E+03
   433   -0.80611E+01    0.15796E+00    0.58112E+00    0.90719E+06    0.10790E+03
   434   -0.79906E+01    0.15472E+00    0.58595E+00    0.91936E+06    0.10724E+03
   435   -0.78880E+01    0.15182E+00    0.58782E+00    0.93134E+06    0.10659E+03
   436   -0.76712E+01    0.14768E+00    0.58602E+00    0.94310E+06    0.10594E+03
   437   -0.74069E+01    0.14222E+00    0.58133E+00    0.95463E+06    0.10529E+03
   438   -0.71616E+01    0.13609E+00    0.57303E+00    0.96590E+06    0.10465E+03
   439   -0.67790E+01    0.12997E+00    0.55891E+00    0.97689E+06    0.10402E+03
   440   -0.64001E+01    0.12227E+00    0.54125E+00    0.98758E+06    0.10339E+03
   441   -0.59427E+01    0.11366E+00    0.51708E+00    0.99794E+06    0.10276E+03
   442   -0.55478E+01    0.10406E+00    0.48794E+00    0.10080E+07    0.10214E+03
   443   -0.49847E+01    0.94122E-01    0.45235E+00    0.10176E+07    0.10152E+03
   444   -0.43944E+01    0.83765E-01    0.41109E+00    0.10269E+07    0.10091E+03
   445   -0.37691E+01    0.70679E-01    0.36271E+00    0.10357E+07    0.10030E+03
   446   -0.31754E+01    0.58492E-01    0.30797E+00    0.10441E+07    0.99699E+02
   447   -0.24570E+01    0.45638E-01    0.24393E+00    0.10521E+07    0.99101E+02
   448   -0.17547E+01    0.30545E-01    0.17136E+00    0.10596E+07    0.98507E+02
   449   -0.91238E+00    0.15360E-01    0.91029E-01    0.10665E+07    0.97917E+02
   450    0.35362E-02    0.00000E+00    0.00000E+00    0.10730E+07    0.97332E+02
   451    0.92537E+00   -0.17093E-01   -0.99948E-01    0.10789E+07    0.96751E+02
   452    0.18555E+01   -0.34455E-01   -0.21041E+00    0.10843E+07    0.96175E+02
   453    0.29439E+01   -0.52095E-01   -0.32828E+00    0.10892E+07    0.95602E+02
   454    0.39691E+01   -0.70766E-01   -0.45412E+00    0.10935E+07    0.95034E+02
   455    0.50066E+01   -0.89735E-01   -0.58705E+00    0.10974E+07    0.94469E+02
   456    0.62064E+01   -0.10975E+00   -0.71948E+00    0.11007E+07    0.93909E+02
   457    0.72727E+01   -0.12935E+00   -0.86463E+00    0.11036E+07    0.93352E+02
   458    0.84297E+01   -0.14927E+00   -0.10030E+01    0.11060E+07    0.92799E+02
   459    0.96044E+01   -0.16878E+00   -0.11494E+01    0.11080E+07    0.92250E+02
   460    0.10798E+02   -0.18938E+00   -0.12969E+01    0.11095E+07    0.91704E+02
   461    0.11938E+02   -0.20960E+00   -0.14453E+01    0.11106E+07    0.91162E+02
   462    0.13100E+02   -0.23018E+00   -0.15879E+01    0.11112E+07    0.90623E+02
   463    0.14211E+02   -0.24965E+00   -0.17422E+01    0.11115E+07    0.90088E+02
   464    0.15271E+02   -0.26877E+00   -0.18778E+01    0.11113E+07    0.89555E+02
   465    0.16284E+02   -0.28753E+00   -0.20233E+01    0.11108E+07    0.89026E+02
   466    0.17323E+02   -0.30670E+00   -0.21557E+01    0.11098E+07    0.88500E+02
   467    0.18391E+02   -0.32480E+00   -0.22888E+01    0.11085E+07    0.87977E+02
   468    0.19341E+02   -0.34183E+00   -0.24144E+01    0.11069E+07    0.87456E+02
   469    0.20247E+02   -0.35930E+00   -0.25390E+01    0.11049E+07    0.86939E+02
   470    0.21186E+02   -0.37498E+00   -0.26542E+01    0.11025E+07    0.86424E+02
   471    0.21861E+02   -0.38889E+00   -0.27592E+01    0.10998E+07    0.85911E+02
   472    0.22646E+02   -0.40251E+00   -0.28606E+01    0.10969E+07    0.85402E+02
   473    0.23320E+02   -0.41513E+00   -0.29498E+01    0.10936E+07    0.84894E+02
   474    0.23956E+02   -0.42599E+00   -0.30336E+01    0.10900E+07    0.84389E+02
   475    0.24558E+02   -0.43661E+00   -0.31036E+01    0.10861E+07    0.83886E+02
   476    0.24978E+02   -0.44475E+00   -0.31610E+01    0.10820E+07    0.83386E+02
   477    0.25291E+02   -0.45192E+00   -0.32148E+01    0.10776E+07    0.82887E+02
   478    0.25573E+02   -0.45812E+00   -0.32453E+01    0.10729E+07    0.82391E+02
   479    0.25751E+02   -0.46188E+00   -0.32762E+01    0.10680E+07    0.81896E+02
   480    0.25827E+02   -0.46395E+00   -0.32874E+01    0.10629E+07    0.81403E+02
   481    0.25801E+02   -0.46435E+00   -0.32816E+01    0.10576E+07    0.80912E+02
   482    0.25750E+02   -0.46233E+00   -0.32638E+01    0.10520E+07    0.80423E+02
   483    0.25452E+02   -0.45865E+00   -0.32355E+01    0.10463E+07    0.79935E+02
   484    0.24982E+02   -0.45258E+00   -0.31897E+01    0.10404E+07    0.79448E+02
   485    0.24565E+02   -0.44487E+00   -0.31271E+01    0.10343E+07    0.78963E+02
   486    0.23979E+02   -0.43404E+00   -0.30489E+01    0.10280E+07    0.78480E+02
   487    0.23226E+02   -0.42085E+00   -0.29543E+01    0.10216E+07    0.77997E+02
   488    0.22307E+02   -0.40604E+00   -0.28417E+01    0.10150E+07    0.77516E+02
   489    0.21297E+02   -0.38815E+00   -0.27116E+01    0.10083E+07    0.77035E+02
   490    0.20199E+02   -0.36718E+00   -0.25625E+01    0.10015E+07    0.76556E+02
   491    0.18789E+02   -0.34389E+00   -0.23962E+01    0.99462E+06    0.76077E+02
   492    0.17368E+02   -0.31754E+00   -0.22113E+01    0.98760E+06    0.75600E+02
   493    0.15787E+02   -0.28962E+00   -0.20054E+01    0.98050E+06    0.75123E+02
   494    0.14049E+02   -0.25718E+00   -0.17812E+01    0.97333E+06    0.74646E+02
   495    0.12079E+02   -0.22245E+00   -0.15364E+01    0.96609E+06    0.74170E+02
   496    0.99540E+01   -0.18396E+00   -0.12716E+01    0.95879E+06    0.73695E+02
   497    0.76750E+01   -0.14246E+00   -0.98510E+00    0.95145E+06    0.73220E+02
   498    0.52435E+01   -0.98705E-01   -0.67901E+00    0.94408E+06    0.72745E+02
   499    0.27350E+01   -0.50472E-01   -0.34946E+00    0.93669E+06    0.72270E+02
   500    0.23342E-02    0.00000E+00    0.00000E+00    0.92928E+06    0.71795E+02
