#    L    TT             EE             TE             PP             TP          
     2    0.32878E+03    0.75359E-10   -0.11869E-04    0.94634E+06    0.32910E+05
     3    0.23049E+03    0.23186E-10    0.75838E-05    0.14496E+07    0.36775E+05
     4    0.17326E+03    0.62212E-11    0.61222E-05    0.18903E+07    0.38063E+05
     5    0.13624E+03    0.20829E-11    0.31073E-05    0.22745E+07    0.38126E+05
     6    0.11050E+03    0.85881E-12    0.29365E-05    0.26090E+07    0.37552E+05
     7    0.91694E+02    0.57967E-12    0.40211E-05    0.29010E+07    0.36640E+05
     8    0.77439E+02    0.60036E-12    0.42626E-05    0.31562E+07    0.35553E+05
     9    0.66331E+02    0.48123E-12    0.32725E-05    0.33802E+07    0.34387E+05
    10    0.57468E+02    0.24324E-12    0.19216E-05    0.35768E+07    0.33189E+05
    11    0.50278E+02    0.92079E-13    0.10418E-05    0.37503E+07    0.31999E+05
    12    0.44489E+02    0.10382E-03   -0.23714E-03    0.39025E+07    0.30828E+05
    13    0.39373E+02    0.10951E-12    0.97291E-06    0.40360E+07    0.29685E+05
    14    0.35135E+02   -0.27194E-04    0.79655E-04    0.41534E+07    0.28581E+05
    15    0.31594E+02    0.12079E-12    0.11427E-05    0.42563E+07    0.27520E+05
    16    0.28479E+02   -0.22586E-04    0.32409E-03    0.43463E+07    0.26501E+05
    17    0.25836E+02    0.59865E-13    0.67649E-06    0.44246E+07    0.25526E+05
    18    0.23068E+02    0.11488E-04   -0.52565E-03    0.44927E+07    0.24594E+05
    19    0.21452E+02    0.26997E-13    0.28296E-06    0.45513E+07    0.23702E+05
    20    0.19680E+02    0.10034E-04   -0.10652E-04    0.46009E+07    0.22849E+05
    21    0.18032E+02    0.24408E-13    0.33009E-06    0.46428E+07    0.22032E+05
    22    0.16644E+02   -0.67106E-05   -0.42667E-04    0.46777E+07    0.21253E+05
    23    0.15318E+02    0.67011E-13    0.56124E-06    0.47062E+07    0.20509E+05
    24    0.14143E+02   -0.45945E-05    0.19329E-03    0.47288E+07    0.19798E+05
    25    0.13128E+02    0.10400E-12    0.65401E-06    0.47461E+07    0.19117E+05
    26    0.12134E+02    0.45677E-05    0.17381E-03    0.47585E+07    0.18467E+05
    27    0.11339E+02    0.84152E-13    0.53405E-06    0.47666E+07    0.17845E+05
    28    0.10538E+02    0.62322E-06   -0.24431E-03    0.47707E+07    0.17250E+05
    29    0.98599E+01    0.43993E-13    0.31557E-06    0.47709E+07    0.16680E+05
    30    0.92853E+01   -0.21393E-05    0.16697E-04    0.47673E+07    0.16132E+05
    31    0.86240E+01    0.24867E-13    0.13144E-06    0.47606E+07    0.15608E+05
    32    0.80501E+01    0.18985E-05    0.16031E-03    0.47510E+07    0.15105E+05
    33    0.75836E+01    0.20439E-13    0.48502E-07    0.47389E+07    0.14624E+05
    34    0.71071E+01    0.58091E-06   -0.27666E-03    0.47244E+07    0.14162E+05
    35    0.67011E+01    0.16619E-13    0.62706E-07    0.47078E+07    0.13718E+05
    36    0.63651E+01   -0.13653E-06    0.46383E-03    0.46891E+07    0.13293E+05
    37    0.59473E+01    0.15681E-13    0.12857E-06    0.46686E+07    0.12884E+05
    38    0.55865E+01    0.41830E-05   -0.55391E-03    0.46464E+07    0.12492E+05
    39    0.53239E+01    0.55145E-05   -0.64610E-03    0.46227E+07    0.12114E+05
    40    0.50095E+01    0.27319E-13    0.22120E-06    0.45976E+07    0.11752E+05
    41    0.48468E+01   -0.10177E-04    0.12921E-02    0.45712E+07    0.11402E+05
    42    0.45980E+01   -0.18179E-04    0.24752E-02    0.45436E+07    0.11066E+05
    43    0.43793E+01   -0.16190E-04    0.26483E-02    0.45149E+07    0.10743E+05
    44    0.40097E+01   -0.11250E-04    0.18018E-02    0.44852E+07    0.10432E+05
    45    0.38282E+01    0.31421E-13    0.21210E-06    0.44547E+07    0.10132E+05
    46    0.37357E+01    0.21386E-04   -0.44409E-02    0.44234E+07    0.98426E+04
    47    0.35903E+01    0.45231E-04   -0.10322E-01    0.43914E+07    0.95641E+04
    48    0.33320E+01    0.68040E-04   -0.13066E-01    0.43588E+07    0.92957E+04
    49    0.30494E+01    0.64032E-04   -0.86922E-02    0.43257E+07    0.90369E+04
    50    0.29796E+01    0.95400E-14    0.93475E-07    0.42921E+07    0.87874E+04
    51    0.29091E+01   -0.15865E-03    0.87114E-02    0.42582E+07    0.85466E+04
    52    0.30500E+01   -0.32573E-03    0.12776E-01    0.42239E+07    0.83143E+04
    53    0.30152E+01   -0.34961E-03    0.92855E-02    0.41894E+07    0.80901E+04
    54    0.27148E+01   -0.23463E-03    0.33016E-02    0.41546E+07    0.78737E+04
    55    0.23560E+01    0.41488E-14    0.24764E-07    0.41196E+07    0.76647E+04
    56    0.21507E+01    0.21343E-03   -0.17291E-02    0.40844E+07    0.74627E+04
    57    0.20328E+01    0.29820E-03   -0.18358E-02    0.40492E+07    0.72676E+04
    58    0.20154E+01    0.26287E-03   -0.12124E-02    0.40138E+07    0.70790E+04
    59    0.19630E+01    0.14575E-03   -0.77348E-03    0.39784E+07    0.68967E+04
    60    0.18886E+01    0.25784E-14    0.24181E-07    0.39429E+07    0.67204E+04
    61    0.20985E+01   -0.80085E-04    0.18113E-02    0.39074E+07    0.65497E+04
    62    0.19922E+01   -0.10301E-03    0.37228E-02    0.38720E+07    0.63846E+04
    63    0.17825E+01   -0.10297E-03    0.47585E-02    0.38366E+07    0.62249E+04
    64    0.17563E+01   -0.62183E-04    0.37191E-02    0.38012E+07    0.60703E+04
    65    0.15321E+01    0.59068E-14    0.44930E-07    0.37660E+07    0.59206E+04
    66    0.13964E+01    0.21984E-04   -0.46037E-02    0.37310E+07    0.57757E+04
    67    0.11880E+01    0.10896E-04   -0.77600E-02    0.36961E+07    0.56354E+04
    68    0.11906E+01    0.13330E-04   -0.83024E-02    0.36614E+07    0.54996E+04
    69    0.11684E+01   -0.58331E-05   -0.49903E-02    0.36268E+07    0.53680E+04
    70    0.12566E+01    0.84383E-14    0.48743E-07    0.35925E+07    0.52405E+04
    71    0.12994E+01    0.25785E-04    0.38996E-02    0.35584E+07    0.51170E+04
    72    0.13136E+01    0.53062E-04    0.55055E-02    0.35246E+07    0.49972E+04
    73    0.12477E+01    0.56304E-04    0.45079E-02    0.34910E+07    0.48811E+04
    74    0.11244E+01    0.32269E-04    0.20827E-02    0.34576E+07    0.47685E+04
    75    0.10408E+01    0.45473E-14    0.36709E-07    0.34244E+07    0.46593E+04
    76    0.93812E+00   -0.30693E-04   -0.95235E-03    0.33915E+07    0.45533E+04
    77    0.87634E+00   -0.57223E-04   -0.10189E-02    0.33588E+07    0.44504E+04
    78    0.90825E+00   -0.41664E-04   -0.21692E-02    0.33264E+07    0.43505E+04
    79    0.86375E+00   -0.27803E-04   -0.11730E-02    0.32942E+07    0.42536E+04
    80    0.86985E+00    0.20627E-14    0.23282E-07    0.32624E+07    0.41595E+04
    81    0.83531E+00    0.27379E-05    0.31531E-03    0.32308E+07    0.40681E+04
    82    0.83566E+00    0.12525E-04    0.24967E-03    0.31996E+07    0.39794E+04
    83    0.80246E+00    0.14258E-04   -0.27075E-03    0.31687E+07    0.38932E+04
    84    0.81582E+00    0.15117E-04    0.16587E-03    0.31382E+07    0.38096E+04
    85    0.73300E+00    0.16877E-14    0.15711E-07    0.31079E+07    0.37284E+04
    86    0.63337E+00   -0.80104E-05   -0.13641E-03    0.30781E+07    0.36495E+04
    87    0.74194E+00   -0.26216E-04    0.24021E-03    0.30485E+07    0.35728E+04
    88    0.61443E+00   -0.26302E-04    0.83362E-03    0.30194E+07    0.34983E+04
    89    0.62367E+00   -0.96688E-05   -0.13813E-03    0.29905E+07    0.34259E+04
    90    0.62250E+00    0.10313E-14    0.12524E-07    0.29621E+07    0.33555E+04
    91    0.53844E+00    0.88892E-05    0.16983E-03    0.29340E+07    0.32870E+04
    92    0.52329E+00    0.16379E-04    0.62229E-03    0.29062E+07    0.32203E+04
    93    0.58070E+00    0.29435E-04    0.82642E-03    0.28788E+07    0.31555E+04
    94    0.49143E+00    0.25308E-04    0.17369E-02    0.28517E+07    0.30924E+04
    95    0.48195E+00    0.18391E-04    0.20800E-02    0.28250E+07    0.30310E+04
    96    0.25877E+00    0.82198E-05    0.20674E-02    0.27986E+07    0.29713E+04
    97    0.27119E+00   -0.56680E-05    0.19112E-02    0.27726E+07    0.29132E+04
    98    0.30000E+00   -0.16308E-04    0.33087E-02    0.27469E+07    0.28567E+04
    99    0.20026E+00   -0.46450E-04    0.27578E-02    0.27215E+07    0.28017E+04
   100    0.19844E+00   -0.81699E-04    0.41844E-02    0.26965E+07    0.27482E+04
   101    0.14960E+00   -0.48236E-04    0.40862E-02    0.26717E+07    0.26962E+04
   102    0.42878E+00   -0.80235E-04    0.41607E-02    0.26474E+07    0.26455E+04
   103    0.44533E+00   -0.89020E-04    0.31342E-02    0.26233E+07    0.25962E+04
   104    0.50002E+00   -0.60196E-04    0.34469E-02    0.25995E+07    0.25482E+04
   105    0.52218E+00   -0.53656E-04    0.30823E-02    0.25761E+07    0.25014E+04
   106    0.58973E+00    0.19279E-04    0.22523E-02    0.25530E+07    0.24559E+04
   107    0.40916E+00    0.24434E-04    0.19114E-02    0.25302E+07    0.24115E+04
   108    0.42978E+00    0.50485E-04    0.78595E-03    0.25077E+07    0.23682E+04
   109    0.43238E+00    0.37543E-04   -0.16942E-03    0.24855E+07    0.23260E+04
   110    0.34630E+00    0.37504E-15    0.50959E-08    0.24636E+07    0.22848E+04
   111    0.25014E+00    0.25783E-04   -0.72092E-03    0.24420E+07    0.22446E+04
   112    0.15100E+00    0.51254E-04   -0.21128E-02    0.24207E+07    0.22053E+04
   113    0.13096E+00    0.86308E-04   -0.32119E-02    0.23997E+07    0.21670E+04
   114    0.49258E-01    0.66557E-04   -0.37972E-02    0.23790E+07    0.21296E+04
   115    0.62255E-01    0.15046E-03   -0.43908E-02    0.23585E+07    0.20930E+04
   116   -0.45100E-01    0.12507E-03   -0.47717E-02    0.23384E+07    0.20574E+04
   117    0.32124E-01    0.74553E-04   -0.47190E-02    0.23185E+07    0.20226E+04
   118    0.15316E+00    0.15738E-03   -0.54974E-02    0.22989E+07    0.19886E+04
   119    0.17723E+00    0.23488E-03   -0.54004E-02    0.22796E+07    0.19554E+04
   120    0.26072E+00    0.16838E-03   -0.49499E-02    0.22606E+07    0.19230E+04
   121    0.26283E+00    0.26490E-03   -0.46678E-02    0.22418E+07    0.18914E+04
   122    0.26567E+00    0.23721E-03   -0.43333E-02    0.22233E+07    0.18605E+04
   123    0.27703E+00    0.16949E-03   -0.44681E-02    0.22050E+07    0.18304E+04
   124    0.30470E+00    0.14592E-03   -0.26230E-02    0.21870E+07    0.18009E+04
   125    0.28220E+00    0.10210E-03   -0.15484E-02    0.21692E+07    0.17721E+04
   126    0.29161E+00    0.12222E-03   -0.10233E-02    0.21517E+07    0.17440E+04
   127    0.26644E+00    0.67608E-04   -0.82677E-03    0.21344E+07    0.17165E+04
   128    0.21450E+00    0.96719E-04   -0.73800E-03    0.21174E+07    0.16897E+04
   129    0.21786E+00    0.70884E-04   -0.53605E-03    0.21006E+07    0.16634E+04
   130    0.21004E+00    0.20627E-14    0.77671E-08    0.20841E+07    0.16377E+04
   131    0.19918E+00    0.40701E-04   -0.11275E-02    0.20677E+07    0.16125E+04
   132    0.26902E+00    0.45184E-04   -0.14194E-02    0.20516E+07    0.15879E+04
   133    0.28081E+00    0.86669E-04   -0.35664E-02    0.20358E+07    0.15638E+04
   134    0.31863E+00    0.16409E-03   -0.35737E-02    0.20201E+07    0.15403E+04
   135    0.39230E+00    0.20211E-03   -0.48750E-02    0.20047E+07    0.15172E+04
   136    0.36306E+00    0.19965E-03   -0.42183E-02    0.19894E+07    0.14946E+04
   137    0.38926E+00    0.22994E-03   -0.42943E-02    0.19744E+07    0.14725E+04
   138    0.40645E+00    0.21763E-03   -0.40796E-02    0.19596E+07    0.14509E+04
   139    0.27586E+00    0.31022E-03   -0.32936E-02    0.19450E+07    0.14298E+04
   140    0.30443E+00    0.28381E-03   -0.31413E-02    0.19306E+07    0.14090E+04
   141    0.20483E+00    0.21161E-03   -0.18566E-02    0.19163E+07    0.13887E+04
   142    0.20971E+00    0.16683E-03   -0.64437E-03    0.19023E+07    0.13689E+04
   143    0.25461E+00    0.14843E-03    0.33036E-04    0.18884E+07    0.13494E+04
   144    0.20077E+00    0.81045E-04    0.45625E-03    0.18747E+07    0.13303E+04
   145    0.13226E+00    0.11218E-03    0.90586E-03    0.18612E+07    0.13117E+04
   146    0.28175E+00    0.17933E-04    0.91965E-03    0.18479E+07    0.12934E+04
   147    0.21335E+00    0.20080E-04    0.15210E-02    0.18347E+07    0.12754E+04
   148    0.15971E+00   -0.31007E-04    0.76213E-03    0.18217E+07    0.12578E+04
   149    0.20492E+00   -0.62107E-04   -0.33364E-03    0.18089E+07    0.12406E+04
   150    0.13594E+00    0.18752E-15    0.11305E-08    0.17962E+07    0.12236E+04
   151    0.11082E+00    0.77267E-04   -0.16144E-02    0.17837E+07    0.12070E+04
   152   -0.10796E-01    0.80850E-04   -0.38724E-02    0.17713E+07    0.11907E+04
   153   -0.72437E-01    0.14206E-03   -0.46709E-02    0.17591E+07    0.11747E+04
   154   -0.14049E+00    0.24362E-03   -0.63636E-02    0.17470E+07    0.11589E+04
   155   -0.20708E+00    0.36829E-03   -0.83328E-02    0.17351E+07    0.11435E+04
   156   -0.41285E+00    0.49880E-03   -0.10704E-01    0.17233E+07    0.11284E+04
   157   -0.45279E+00    0.61790E-03   -0.12116E-01    0.17116E+07    0.11135E+04
   158   -0.54186E+00    0.78259E-03   -0.13437E-01    0.17001E+07    0.10989E+04
   159   -0.67215E+00    0.82706E-03   -0.14794E-01    0.16887E+07    0.10846E+04
   160   -0.76149E+00    0.88262E-03   -0.14824E-01    0.16774E+07    0.10705E+04
   161   -0.80198E+00    0.10063E-02   -0.15139E-01    0.16663E+07    0.10567E+04
   162   -0.86002E+00    0.10322E-02   -0.15864E-01    0.16553E+07    0.10431E+04
   163   -0.77913E+00    0.10175E-02   -0.15639E-01    0.16444E+07    0.10298E+04
   164   -0.84857E+00    0.10190E-02   -0.16075E-01    0.16336E+07    0.10167E+04
   165   -0.76329E+00    0.94538E-03   -0.15068E-01    0.16230E+07    0.10039E+04
   166   -0.66398E+00    0.92781E-03   -0.14230E-01    0.16125E+07    0.99124E+03
   167   -0.46845E+00    0.72622E-03   -0.14427E-01    0.16020E+07    0.97884E+03
   168   -0.39166E+00    0.69477E-03   -0.13558E-01    0.15917E+07    0.96666E+03
   169   -0.27715E+00    0.51905E-03   -0.11747E-01    0.15815E+07    0.95469E+03
   170   -0.11703E+00    0.40467E-03   -0.10605E-01    0.15714E+07    0.94292E+03
   171   -0.51955E-01    0.33435E-03   -0.80286E-02    0.15615E+07    0.93135E+03
   172    0.24067E-03    0.21656E-03   -0.56291E-02    0.15516E+07    0.91997E+03
   173   -0.26829E-01    0.34034E-04   -0.35315E-02    0.15418E+07    0.90878E+03
   174    0.23298E-01    0.66645E-04   -0.18610E-02    0.15321E+07    0.89778E+03
   175    0.84232E-01    0.00000E+00   -0.48275E-10    0.15225E+07    0.88695E+03
   176    0.15426E-01    0.36738E-04    0.19737E-02    0.15130E+07    0.87629E+03
   177   -0.26042E-01    0.70562E-04    0.26861E-02    0.15036E+07    0.86579E+03
   178   -0.10582E+00    0.28936E-03    0.37823E-02    0.14943E+07    0.85547E+03
   179   -0.21528E+00    0.36102E-03    0.54213E-02    0.14850E+07    0.84530E+03
   180   -0.19721E+00    0.47345E-03    0.62767E-02    0.14759E+07    0.83529E+03
   181   -0.26582E+00    0.59167E-03    0.65077E-02    0.14668E+07    0.82544E+03
   182   -0.33822E+00    0.75500E-03    0.77592E-02    0.14578E+07    0.81574E+03
   183   -0.48003E+00    0.85420E-03    0.87047E-02    0.14489E+07    0.80619E+03
   184   -0.53406E+00    0.92858E-03    0.10246E-01    0.14401E+07    0.79679E+03
   185   -0.56595E+00    0.10917E-02    0.10315E-01    0.14314E+07    0.78753E+03
   186   -0.93850E+00    0.11676E-02    0.12040E-01    0.14227E+07    0.77842E+03
   187   -0.97450E+00    0.12623E-02    0.14096E-01    0.14141E+07    0.76944E+03
   188   -0.10368E+01    0.13260E-02    0.15157E-01    0.14056E+07    0.76059E+03
   189   -0.11909E+01    0.13610E-02    0.16867E-01    0.13972E+07    0.75188E+03
   190   -0.98262E+00    0.13842E-02    0.17157E-01    0.13888E+07    0.74330E+03
   191   -0.11461E+01    0.13829E-02    0.19157E-01    0.13805E+07    0.73485E+03
   192   -0.11527E+01    0.13446E-02    0.20798E-01    0.13722E+07    0.72651E+03
   193   -0.12166E+01    0.12787E-02    0.20754E-01    0.13641E+07    0.71830E+03
   194   -0.11065E+01    0.11801E-02    0.21412E-01    0.13560E+07    0.71021E+03
   195   -0.10364E+01    0.10509E-02    0.20704E-01    0.13479E+07    0.70223E+03
   196   -0.99776E+00    0.89326E-03    0.19530E-01    0.13400E+07    0.69436E+03
   197   -0.83337E+00    0.71685E-03    0.16565E-01    0.13321E+07    0.68661E+03
   198   -0.60888E+00    0.50895E-03    0.12711E-01    0.13242E+07    0.67895E+03
   199   -0.31566E+00    0.27175E-03    0.73839E-02    0.13164E+07    0.67141E+03
   200    0.54943E-01    0.00000E+00   -0.37354E-11    0.13087E+07    0.66396E+03
   201    0.43568E+00   -0.28135E-03   -0.84539E-02    0.13010E+07    0.65661E+03
   202    0.90158E+00   -0.59737E-03   -0.18882E-01    0.12933E+07    0.64935E+03
   203    0.13775E+01   -0.92061E-03   -0.29875E-01    0.12858E+07    0.64219E+03
   204    0.17883E+01   -0.12608E-02   -0.43737E-01    0.12782E+07    0.63513E+03
   205    0.22817E+01   -0.16054E-02   -0.57575E-01    0.12708E+07    0.62815E+03
   206    0.27083E+01   -0.19491E-02   -0.71984E-01    0.12634E+07    0.62127E+03
   207    0.32157E+01   -0.23019E-02   -0.86745E-01    0.12560E+07    0.61448E+03
   208    0.35804E+01   -0.26435E-02   -0.10171E+00    0.12487E+07    0.60778E+03
   209    0.39499E+01   -0.29838E-02   -0.11658E+00    0.12414E+07    0.60117E+03
   210    0.43236E+01   -0.33028E-02   -0.13159E+00    0.12342E+07    0.59464E+03
   211    0.47004E+01   -0.36027E-02   -0.14613E+00    0.12270E+07    0.58820E+03
   212    0.49309E+01   -0.38858E-02   -0.16047E+00    0.12199E+07    0.58185E+03
   213    0.52373E+01   -0.41395E-02   -0.17389E+00    0.12128E+07    0.57558E+03
   214    0.54700E+01   -0.44033E-02   -0.18694E+00    0.12058E+07    0.56940E+03
   215    0.57025E+01   -0.45160E-02   -0.19969E+00    0.11988E+07    0.56329E+03
   216    0.58597E+01   -0.46954E-02   -0.21095E+00    0.11919E+07    0.55727E+03
   217    0.60892E+01   -0.48174E-02   -0.22206E+00    0.11850E+07    0.55133E+03
   218    0.62417E+01   -0.49140E-02   -0.23214E+00    0.11781E+07    0.54546E+03
   219    0.63906E+01   -0.50172E-02   -0.23956E+00    0.11713E+07    0.53968E+03
   220    0.65349E+01   -0.50105E-02   -0.24809E+00    0.11645E+07    0.53397E+03
   221    0.66740E+01   -0.50002E-02   -0.25486E+00    0.11578E+07    0.52834E+03
   222    0.68069E+01   -0.48696E-02   -0.26067E+00    0.11511E+07    0.52278E+03
   223    0.67841E+01   -0.47250E-02   -0.26412E+00    0.11445E+07    0.51729E+03
   224    0.69021E+01   -0.45985E-02   -0.26826E+00    0.11379E+07    0.51188E+03
   225    0.69370E+01   -0.43735E-02   -0.26945E+00    0.11313E+07    0.50653E+03
   226    0.69624E+01   -0.40820E-02   -0.27073E+00    0.11248E+07    0.50126E+03
   227    0.69030E+01   -0.37559E-02   -0.26996E+00    0.11183E+07    0.49606E+03
   228    0.69066E+01   -0.34273E-02   -0.26795E+00    0.11119E+07    0.49093E+03
   229    0.68981E+01   -0.30538E-02   -0.26553E+00    0.11055E+07    0.48586E+03
   230    0.68022E+01   -0.26675E-02   -0.26128E+00    0.10991E+07    0.48086E+03
   231    0.66183E+01   -0.22262E-02   -0.25528E+00    0.10927E+07    0.47592E+03
   232    0.64939E+01   -0.18360E-02   -0.24836E+00    0.10864E+07    0.47105E+03
   233    0.63540E+01   -0.13061E-02   -0.24132E+00    0.10801E+07    0.46624E+03
   234    0.60491E+01   -0.81706E-03   -0.23276E+00    0.10739E+07    0.46149E+03
   235    0.58012E+01   -0.32665E-03   -0.22351E+00    0.10677E+07    0.45680E+03
   236    0.54609E+01    0.13318E-03   -0.21288E+00    0.10615E+07    0.45217E+03
   237    0.51016E+01    0.60470E-03   -0.20172E+00    0.10554E+07    0.44760E+03
   238    0.47225E+01    0.11302E-02   -0.18933E+00    0.10493E+07    0.44309E+03
   239    0.43971E+01    0.15291E-02   -0.17582E+00    0.10432E+07    0.43863E+03
   240    0.39015E+01    0.18438E-02   -0.16272E+00    0.10371E+07    0.43423E+03
   241    0.35322E+01    0.21907E-02   -0.14865E+00    0.10311E+07    0.42988E+03
   242    0.31396E+01    0.23893E-02   -0.13367E+00    0.10251E+07    0.42558E+03
   243    0.27229E+01    0.25562E-02   -0.11859E+00    0.10191E+07    0.42134E+03
   244    0.22813E+01    0.25851E-02   -0.10203E+00    0.10131E+07    0.41715E+03
   245    0.18138E+01    0.25182E-02   -0.86270E-01    0.10072E+07    0.41300E+03
   246    0.13941E+01    0.23237E-02   -0.69168E-01    0.10013E+07    0.40891E+03
   247    0.10211E+01    0.18952E-02   -0.52285E-01    0.99545E+06    0.40486E+03
   248    0.61979E+00    0.15721E-02   -0.34955E-01    0.98960E+06    0.40086E+03
   249    0.33784E+00    0.80248E-03   -0.17253E-01    0.98377E+06    0.39691E+03
   250    0.25844E-01    0.00000E+00    0.96009E-13    0.97797E+06    0.39300E+03
   251   -0.17000E+00   -0.11553E-02    0.18203E-01    0.97218E+06    0.38913E+03
   252   -0.48093E+00   -0.24267E-02    0.36481E-01    0.96642E+06    0.38531E+03
   253   -0.54544E+00   -0.40141E-02    0.53948E-01    0.96069E+06    0.38152E+03
   254   -0.67054E+00   -0.55973E-02    0.71205E-01    0.95497E+06    0.37778E+03
   255   -0.79188E+00   -0.74504E-02    0.88851E-01    0.94928E+06    0.37409E+03
   256   -0.84505E+00   -0.91791E-02    0.10749E+00    0.94362E+06    0.37043E+03
   257   -0.83997E+00   -0.11206E-01    0.11954E+00    0.93799E+06    0.36682E+03
   258   -0.86082E+00   -0.13137E-01    0.13824E+00    0.93238E+06    0.36324E+03
   259   -0.84321E+00   -0.15097E-01    0.14933E+00    0.92681E+06    0.35971E+03
   260   -0.72276E+00   -0.17063E-01    0.16826E+00    0.92126E+06    0.35621E+03
   261   -0.65794E+00   -0.19087E-01    0.17336E+00    0.91575E+06    0.35276E+03
   262   -0.65866E+00   -0.20923E-01    0.18751E+00    0.91027E+06    0.34934E+03
   263   -0.36339E+00   -0.22770E-01    0.20387E+00    0.90482E+06    0.34596E+03
   264   -0.22774E+00   -0.24532E-01    0.21562E+00    0.89941E+06    0.34263E+03
   265   -0.18732E+00   -0.26259E-01    0.21593E+00    0.89403E+06    0.33933E+03
   266   -0.29194E-01   -0.27706E-01    0.22769E+00    0.88868E+06    0.33606E+03
   267    0.13899E-01   -0.29221E-01    0.22921E+00    0.88338E+06    0.33284E+03
   268    0.80620E-01   -0.30410E-01    0.23595E+00    0.87811E+06    0.32965E+03
   269    0.12502E-01   -0.31547E-01    0.24107E+00    0.87288E+06    0.32650E+03
   270    0.96777E-01   -0.32534E-01    0.24519E+00    0.86770E+06    0.32338E+03
   271    0.10069E+00   -0.33424E-01    0.24889E+00    0.86255E+06    0.32030E+03
   272    0.23720E+00   -0.33894E-01    0.24536E+00    0.85744E+06    0.31726E+03
   273    0.27355E+00   -0.34518E-01    0.25005E+00    0.85238E+06    0.31425E+03
   274    0.34840E+00   -0.34678E-01    0.24127E+00    0.84737E+06    0.31128E+03
   275    0.37758E+00   -0.34870E-01    0.24190E+00    0.84239E+06    0.30834E+03
   276    0.49974E+00   -0.34849E-01    0.23027E+00    0.83747E+06    0.30543E+03
   277    0.48213E+00   -0.34591E-01    0.22926E+00    0.83259E+06    0.30256E+03
   278    0.53771E+00   -0.34149E-01    0.21717E+00    0.82776E+06    0.29972E+03
   279    0.58229E+00   -0.33573E-01    0.20206E+00    0.82298E+06    0.29692E+03
   280    0.60597E+00   -0.32841E-01    0.19935E+00    0.81824E+06    0.29415E+03
   281    0.74741E+00   -0.31854E-01    0.18738E+00    0.81356E+06    0.29141E+03
   282    0.69958E+00   -0.30888E-01    0.17418E+00    0.80893E+06    0.28870E+03
   283    0.74972E+00   -0.29696E-01    0.16033E+00    0.80436E+06    0.28602E+03
   284    0.81363E+00   -0.28329E-01    0.14644E+00    0.79984E+06    0.28338E+03
   285    0.88142E+00   -0.26765E-01    0.13312E+00    0.79537E+06    0.28076E+03
   286    0.86890E+00   -0.25130E-01    0.11352E+00    0.79096E+06    0.27818E+03
   287    0.84045E+00   -0.23399E-01    0.10312E+00    0.78660E+06    0.27562E+03
   288    0.86047E+00   -0.21551E-01    0.87651E-01    0.78231E+06    0.27310E+03
   289    0.84475E+00   -0.19636E-01    0.75142E-01    0.77807E+06    0.27060E+03
   290    0.85769E+00   -0.17779E-01    0.66194E-01    0.77389E+06    0.26814E+03
   291    0.88938E+00   -0.15217E-01    0.46550E-01    0.76977E+06    0.26570E+03
   292    0.63279E+00   -0.13038E-01    0.39095E-01    0.76572E+06    0.26329E+03
   293    0.67229E+00   -0.11592E-01    0.22144E-01    0.76172E+06    0.26091E+03
   294    0.55227E+00   -0.93704E-02    0.18583E-01    0.75779E+06    0.25855E+03
   295    0.63425E+00   -0.78354E-02    0.67261E-02    0.75393E+06    0.25623E+03
   296    0.53691E+00   -0.54786E-02    0.20301E-02    0.75013E+06    0.25393E+03
   297    0.47320E+00   -0.45053E-02    0.50950E-02    0.74640E+06    0.25165E+03
   298    0.28465E+00   -0.26641E-02    0.16641E-02    0.74273E+06    0.24940E+03
   299    0.18421E+00   -0.67475E-03   -0.23422E-03    0.73914E+06    0.24718E+03
   300    0.13422E-01    0.00000E+00    0.00000E+00    0.73561E+06    0.24498E+03
   301   -0.16321E+00    0.87705E-03    0.10259E-01    0.73215E+06    0.24281E+03
   302   -0.28061E+00    0.12775E-02    0.30463E-01    0.72876E+06    0.24067E+03
   303   -0.42216E+00    0.20163E-02    0.45537E-01    0.72544E+06    0.23854E+03
   304   -0.59693E+00    0.31656E-02    0.55267E-01    0.72217E+06    0.23644E+03
   305   -0.73973E+00    0.33118E-02    0.74293E-01    0.71896E+06    0.23437E+03
   306   -0.93393E+00    0.32699E-02    0.94968E-01    0.71579E+06    0.23232E+03
   307   -0.11143E+01    0.31120E-02    0.10965E+00    0.71268E+06    0.23029E+03
   308   -0.12900E+01    0.43959E-02    0.14041E+00    0.70961E+06    0.22829E+03
   309   -0.13957E+01    0.42224E-02    0.15731E+00    0.70658E+06    0.22631E+03
   310   -0.15892E+01    0.34063E-02    0.18242E+00    0.70359E+06    0.22435E+03
   311   -0.17309E+01    0.42485E-02    0.20067E+00    0.70063E+06    0.22241E+03
   312   -0.18300E+01    0.38496E-02    0.22671E+00    0.69770E+06    0.22050E+03
   313   -0.19698E+01    0.37674E-02    0.24545E+00    0.69480E+06    0.21861E+03
   314   -0.20850E+01    0.40740E-02    0.27154E+00    0.69191E+06    0.21674E+03
   315   -0.21849E+01    0.33559E-02    0.28990E+00    0.68904E+06    0.21489E+03
   316   -0.22784E+01    0.31709E-02    0.30775E+00    0.68619E+06    0.21306E+03
   317   -0.23746E+01    0.21055E-02    0.32487E+00    0.68335E+06    0.21126E+03
   318   -0.24827E+01    0.24602E-02    0.34105E+00    0.68051E+06    0.20947E+03
   319   -0.25375E+01    0.20787E-02    0.35606E+00    0.67768E+06    0.20771E+03
   320   -0.25479E+01    0.17759E-02    0.37712E+00    0.67484E+06    0.20596E+03
   321   -0.25975E+01    0.23668E-02    0.38916E+00    0.67200E+06    0.20424E+03
   322   -0.26209E+01    0.16949E-02    0.39938E+00    0.66915E+06    0.20254E+03
   323   -0.26273E+01    0.13182E-02    0.40758E+00    0.66628E+06    0.20085E+03
   324   -0.26258E+01    0.20516E-02    0.40610E+00    0.66340E+06    0.19919E+03
   325   -0.25511E+01    0.25286E-03    0.41702E+00    0.66050E+06    0.19754E+03
   326   -0.25609E+01    0.45130E-03    0.41041E+00    0.65758E+06    0.19591E+03
   327   -0.25158E+01    0.49047E-03    0.40833E+00    0.65463E+06    0.19430E+03
   328   -0.24247E+01   -0.30035E-03    0.41057E+00    0.65164E+06    0.19271E+03
   329   -0.23712E+01   -0.36335E-03    0.40205E+00    0.64862E+06    0.19114E+03
   330   -0.22899E+01   -0.11121E-02    0.38999E+00    0.64556E+06    0.18959E+03
   331   -0.21157E+01   -0.17316E-02    0.38160E+00    0.64246E+06    0.18805E+03
   332   -0.20062E+01   -0.14070E-02    0.37666E+00    0.63931E+06    0.18653E+03
   333   -0.18963E+01   -0.15517E-02    0.36752E+00    0.63611E+06    0.18503E+03
   334   -0.17207E+01   -0.13509E-02    0.35398E+00    0.63286E+06    0.18354E+03
   335   -0.16370E+01   -0.22180E-02    0.33582E+00    0.62955E+06    0.18207E+03
   336   -0.15059E+01   -0.25953E-02    0.32024E+00    0.62617E+06    0.18062E+03
   337   -0.13364E+01   -0.24107E-02    0.29217E+00    0.62273E+06    0.17918E+03
   338   -0.12118E+01   -0.30777E-02    0.27369E+00    0.61922E+06    0.17776E+03
   339   -0.99264E+00   -0.22956E-02    0.24972E+00    0.61564E+06    0.17636E+03
   340   -0.83663E+00   -0.22210E-02    0.23489E+00    0.61198E+06    0.17497E+03
   341   -0.75282E+00   -0.27816E-02    0.20672E+00    0.60824E+06    0.17360E+03
   342   -0.60173E+00   -0.16768E-02    0.17983E+00    0.60441E+06    0.17224E+03
   343   -0.46673E+00   -0.18059E-02    0.15401E+00    0.60049E+06    0.17089E+03
   344   -0.28261E+00   -0.16110E-02    0.12905E+00    0.59649E+06    0.16956E+03
   345   -0.20704E+00   -0.17629E-02    0.10473E+00    0.59238E+06    0.16825E+03
   346   -0.10052E+00   -0.70383E-03    0.88264E-01    0.58818E+06    0.16695E+03
   347   -0.46427E-01   -0.59009E-03    0.64572E-01    0.58387E+06    0.16566E+03
   348    0.20444E-01   -0.60675E-03    0.40871E-01    0.57946E+06    0.16438E+03
   349    0.16722E-01    0.61127E-04    0.16943E-01    0.57493E+06    0.16312E+03
   350    0.76092E-02    0.00000E+00    0.00000E+00    0.57029E+06    0.16187E+03
   351    0.13388E+00    0.76342E-03   -0.17693E-01    0.56553E+06    0.16064E+03
   352    0.21476E-01    0.16595E-02   -0.36808E-01    0.56067E+06    0.15941E+03
   353   -0.33803E-01    0.19922E-02   -0.43252E-01    0.55571E+06    0.15820E+03
   354   -0.18187E+00    0.25510E-02   -0.60074E-01    0.55068E+06    0.15701E+03
   355   -0.27550E+00    0.33826E-02   -0.73179E-01    0.54558E+06    0.15582E+03
   356   -0.39031E+00    0.45338E-02   -0.75903E-01    0.54042E+06    0.15465E+03
   357   -0.52766E+00    0.53084E-02   -0.83866E-01    0.53523E+06    0.15349E+03
   358   -0.61459E+00    0.50104E-02   -0.82973E-01    0.53001E+06    0.15234E+03
   359   -0.80102E+00    0.51721E-02   -0.88846E-01    0.52477E+06    0.15120E+03
   360   -0.93973E+00    0.58403E-02   -0.91104E-01    0.51954E+06    0.15007E+03
   361   -0.11063E+01    0.63189E-02   -0.94968E-01    0.51431E+06    0.14895E+03
   362   -0.12279E+01    0.66545E-02   -0.98230E-01    0.50911E+06    0.14785E+03
   363   -0.13800E+01    0.76368E-02   -0.99424E-01    0.50396E+06    0.14676E+03
   364   -0.14898E+01    0.70839E-02   -0.10303E+00    0.49885E+06    0.14568E+03
   365   -0.16329E+01    0.72711E-02   -0.10386E+00    0.49381E+06    0.14461E+03
   366   -0.17363E+01    0.75022E-02   -0.10566E+00    0.48885E+06    0.14355E+03
   367   -0.18013E+01    0.63384E-02   -0.10696E+00    0.48397E+06    0.14250E+03
   368   -0.19780E+01    0.60549E-02   -0.10704E+00    0.47921E+06    0.14146E+03
   369   -0.19704E+01    0.59554E-02   -0.10888E+00    0.47456E+06    0.14043E+03
   370   -0.20028E+01    0.53441E-02   -0.10806E+00    0.47004E+06    0.13941E+03
   371   -0.20765E+01    0.42674E-02   -0.10905E+00    0.46567E+06    0.13840E+03
   372   -0.21186E+01    0.35151E-02   -0.10815E+00    0.46145E+06    0.13740E+03
   373   -0.21304E+01    0.23910E-02   -0.10911E+00    0.45741E+06    0.13642E+03
   374   -0.21133E+01    0.16846E-02   -0.10896E+00    0.45354E+06    0.13544E+03
   375   -0.21429E+01    0.69991E-03   -0.10848E+00    0.44988E+06    0.13447E+03
   376   -0.20719E+01    0.22640E-03   -0.10842E+00    0.44642E+06    0.13351E+03
   377   -0.19761E+01   -0.11748E-02   -0.10658E+00    0.44319E+06    0.13256E+03
   378   -0.19309E+01   -0.27143E-02   -0.10670E+00    0.44019E+06    0.13162E+03
   379   -0.18636E+01   -0.36023E-02   -0.10507E+00    0.43744E+06    0.13069E+03
   380   -0.17011E+01   -0.37922E-02   -0.10469E+00    0.43496E+06    0.12976E+03
   381   -0.15933E+01   -0.69515E-02   -0.10335E+00    0.43275E+06    0.12885E+03
   382   -0.15416E+01   -0.78336E-02   -0.10108E+00    0.43083E+06    0.12794E+03
   383   -0.13987E+01   -0.93631E-02   -0.10012E+00    0.42921E+06    0.12705E+03
   384   -0.11661E+01   -0.11493E-01   -0.97518E-01    0.42791E+06    0.12616E+03
   385   -0.10679E+01   -0.11949E-01   -0.95526E-01    0.42693E+06    0.12528E+03
   386   -0.88254E+00   -0.12912E-01   -0.92679E-01    0.42630E+06    0.12440E+03
   387   -0.75999E+00   -0.14335E-01   -0.89739E-01    0.42602E+06    0.12354E+03
   388   -0.62731E+00   -0.15429E-01   -0.85984E-01    0.42611E+06    0.12268E+03
   389   -0.48582E+00   -0.18376E-01   -0.82178E-01    0.42658E+06    0.12184E+03
   390   -0.33688E+00   -0.17929E-01   -0.76854E-01    0.42744E+06    0.12100E+03
   391   -0.18182E+00   -0.18499E-01   -0.72262E-01    0.42871E+06    0.12016E+03
   392   -0.96267E-01   -0.17067E-01   -0.66193E-01    0.43040E+06    0.11934E+03
   393    0.66997E-01   -0.16558E-01   -0.60155E-01    0.43252E+06    0.11852E+03
   394    0.15807E+00   -0.15439E-01   -0.52680E-01    0.43509E+06    0.11771E+03
   395    0.17560E+00   -0.14407E-01   -0.46019E-01    0.43812E+06    0.11690E+03
   396    0.26682E+00   -0.12673E-01   -0.37369E-01    0.44163E+06    0.11610E+03
   397    0.20753E+00   -0.10189E-01   -0.28831E-01    0.44562E+06    0.11531E+03
   398    0.21925E+00   -0.76510E-02   -0.19829E-01    0.45010E+06    0.11453E+03
   399    0.15207E+00   -0.42704E-02   -0.10259E-01    0.45510E+06    0.11375E+03
   400    0.46297E-02    0.00000E+00    0.00000E+00    0.46063E+06    0.11298E+03
   401   -0.14860E+00    0.44423E-02    0.10795E-01    0.46669E+06    0.11221E+03
   402   -0.30143E+00    0.89950E-02    0.22317E-01    0.47326E+06    0.11145E+03
   403   -0.52042E+00    0.15060E-01    0.34445E-01    0.48034E+06    0.11070E+03
   404   -0.79786E+00    0.21069E-01    0.48024E-01    0.48788E+06    0.10995E+03
   405   -0.10517E+01    0.26938E-01    0.61523E-01    0.49588E+06    0.10921E+03
   406   -0.14229E+01    0.34070E-01    0.76456E-01    0.50431E+06    0.10847E+03
   407   -0.17552E+01    0.40895E-01    0.90621E-01    0.51315E+06    0.10775E+03
   408   -0.21150E+01    0.48074E-01    0.10776E+00    0.52238E+06    0.10702E+03
   409   -0.24204E+01    0.56265E-01    0.12493E+00    0.53198E+06    0.10630E+03
   410   -0.28122E+01    0.63157E-01    0.14217E+00    0.54192E+06    0.10559E+03
   411   -0.31342E+01    0.70895E-01    0.16097E+00    0.55219E+06    0.10489E+03
   412   -0.35272E+01    0.78652E-01    0.17990E+00    0.56276E+06    0.10419E+03
   413   -0.39093E+01    0.86346E-01    0.19971E+00    0.57361E+06    0.10349E+03
   414   -0.43469E+01    0.93893E-01    0.21969E+00    0.58472E+06    0.10280E+03
   415   -0.46839E+01    0.10195E+00    0.24136E+00    0.59607E+06    0.10212E+03
   416   -0.50610E+01    0.10896E+00    0.26252E+00    0.60764E+06    0.10144E+03
   417   -0.54706E+01    0.11630E+00    0.28318E+00    0.61941E+06    0.10077E+03
   418   -0.58306E+01    0.12169E+00    0.30562E+00    0.63135E+06    0.10010E+03
   419   -0.61333E+01    0.12799E+00    0.32838E+00    0.64344E+06    0.99438E+02
   420   -0.64454E+01    0.13439E+00    0.35073E+00    0.65566E+06    0.98781E+02
   421   -0.66847E+01    0.14007E+00    0.37345E+00    0.66799E+06    0.98130E+02
   422   -0.69180E+01    0.14492E+00    0.39508E+00    0.68042E+06    0.97485E+02
   423   -0.72117E+01    0.14888E+00    0.41714E+00    0.69291E+06    0.96844E+02
   424   -0.74838E+01    0.15261E+00    0.43816E+00    0.70544E+06    0.96209E+02
   425   -0.76524E+01    0.15526E+00    0.45967E+00    0.71800E+06    0.95578E+02
   426   -0.77840E+01    0.15826E+00    0.48020E+00    0.73057E+06    0.94953E+02
   427   -0.79452E+01    0.16003E+00    0.49830E+00    0.74311E+06    0.94333E+02
   428   -0.80540E+01    0.16123E+00    0.51696E+00    0.75562E+06    0.93718E+02
   429   -0.81769E+01    0.16177E+00    0.53399E+00    0.76806E+06    0.93108E+02
   430   -0.81578E+01    0.16232E+00    0.54867E+00    0.78043E+06    0.92503E+02
   431   -0.81373E+01    0.16130E+00    0.56177E+00    0.79269E+06    0.91903E+02
   432   -0.81822E+01    0.15938E+00    0.57184E+00    0.80482E+06    0.91307E+02
   433   -0.80618E+01    0.15796E+00    0.58112E+00    0.81681E+06    0.90717E+02
   434   -0.79913E+01    0.15472E+00    0.58595E+00    0.82862E+06    0.90131E+02
   435   -0.78886E+01    0.15182E+00    0.58782E+00    0.84025E+06    0.89550E+02
   436   -0.76719E+01    0.14768E+00    0.58602E+00    0.85167E+06    0.88973E+02
   437   -0.74075E+01    0.14222E+00    0.58133E+00    0.86286E+06    0.88401E+02
   438   -0.71623E+01    0.13609E+00    0.57303E+00    0.87379E+06    0.87834E+02
   439   -0.67797E+01    0.12997E+00    0.55891E+00    0.88445E+06    0.87272E+02
   440   -0.64007E+01    0.12227E+00    0.54125E+00    0.89481E+06    0.86713E+02
   441   -0.59433E+01    0.11366E+00    0.51708E+00    0.90485E+06    0.86160E+02
   442   -0.55484E+01    0.10406E+00    0.48794E+00    0.91455E+06    0.85610E+02
   443   -0.49853E+01    0.94122E-01    0.45235E+00    0.92389E+06    0.85065E+02
   444   -0.43950E+01    0.83765E-01    0.41109E+00    0.93285E+06    0.84525E+02
   445   -0.37697E+01    0.70679E-01    0.36271E+00    0.94141E+06    0.83988E+02
   446   -0.31760E+01    0.58492E-01    0.30797E+00    0.94954E+06    0.83456E+02
   447   -0.24576E+01    0.45638E-01    0.24393E+00    0.95722E+06    0.82928E+02
   448   -0.17554E+01    0.30545E-01    0.17136E+00    0.96444E+06    0.82405E+02
   449   -0.91298E+00    0.15360E-01    0.91029E-01    0.97116E+06    0.81885E+02
   450    0.29390E-02    0.00000E+00    0.00000E+00    0.97738E+06    0.81370E+02
   451    0.92478E+00   -0.17093E-01   -0.99948E-01    0.98307E+06    0.80858E+02
   452    0.18550E+01   -0.34455E-01   -0.21041E+00    0.98823E+06    0.80351E+02
   453    0.29434E+01   -0.52095E-01   -0.32828E+00    0.99289E+06    0.79847E+02
   454    0.39685E+01   -0.70766E-01   -0.45412E+00    0.99705E+06    0.79347E+02
   455    0.50060E+01   -0.89735E-01   -0.58705E+00    0.10007E+07    0.78851E+02
   456    0.62058E+01   -0.10975E+00   -0.71948E+00    0.10039E+07    0.78358E+02
   457    0.72721E+01   -0.12935E+00   -0.86463E+00    0.10066E+07    0.77869E+02
   458    0.84291E+01   -0.14927E+00   -0.10030E+01    0.10089E+07    0.77383E+02
   459    0.96038E+01   -0.16878E+00   -0.11494E+01    0.10107E+07    0.76901E+02
   460    0.10798E+02   -0.18938E+00   -0.12969E+01    0.10121E+07    0.76422E+02
   461    0.11938E+02   -0.20960E+00   -0.14453E+01    0.10130E+07    0.75947E+02
   462    0.13099E+02   -0.23018E+00   -0.15879E+01    0.10136E+07    0.75474E+02
   463    0.14210E+02   -0.24965E+00   -0.17422E+01    0.10137E+07    0.75005E+02
   464    0.15271E+02   -0.26877E+00   -0.18778E+01    0.10134E+07    0.74538E+02
   465    0.16283E+02   -0.28753E+00   -0.20233E+01    0.10128E+07    0.74075E+02
   466    0.17323E+02   -0.30670E+00   -0.21557E+01    0.10118E+07    0.73614E+02
   467    0.18391E+02   -0.32480E+00   -0.22888E+01    0.10104E+07    0.73156E+02
   468    0.19340E+02   -0.34183E+00   -0.24144E+01    0.10087E+07    0.72701E+02
   469    0.20246E+02   -0.35930E+00   -0.25390E+01    0.10066E+07    0.72248E+02
   470    0.21185E+02   -0.37498E+00   -0.26542E+01    0.10042E+07    0.71797E+02
   471    0.21861E+02   -0.38889E+00   -0.27592E+01    0.10015E+07    0.71350E+02
   472    0.22646E+02   -0.40251E+00   -0.28606E+01    0.99844E+06    0.70904E+02
   473    0.23319E+02   -0.41513E+00   -0.29498E+01    0.99511E+06    0.70461E+02
   474    0.23956E+02   -0.42599E+00   -0.30336E+01    0.99150E+06    0.70020E+02
   475    0.24558E+02   -0.43661E+00   -0.31036E+01    0.98760E+06    0.69581E+02
   476    0.24977E+02   -0.44475E+00   -0.31610E+01    0.98345E+06    0.69144E+02
   477    0.25290E+02   -0.45192E+00   -0.32148E+01    0.97903E+06    0.68709E+02
   478    0.25572E+02   -0.45812E+00   -0.32453E+01    0.97438E+06    0.68275E+02
   479    0.25751E+02   -0.46188E+00   -0.32762E+01    0.96948E+06    0.67844E+02
   480    0.25826E+02   -0.46395E+00   -0.32874E+01    0.96437E+06    0.67414E+02
   481    0.25801E+02   -0.46435E+00   -0.32816E+01    0.95904E+06    0.66986E+02
   482    0.25750E+02   -0.46233E+00   -0.32638E+01    0.95351E+06    0.66560E+02
   483    0.25451E+02   -0.45865E+00   -0.32355E+01    0.94779E+06    0.66134E+02
   484    0.24982E+02   -0.45258E+00   -0.31897E+01    0.94189E+06    0.65711E+02
   485    0.24565E+02   -0.44487E+00   -0.31271E+01    0.93581E+06    0.65288E+02
   486    0.23979E+02   -0.43404E+00   -0.30489E+01    0.92958E+06    0.64867E+02
   487    0.23226E+02   -0.42085E+00   -0.29543E+01    0.92320E+06    0.64447E+02
   488    0.22307E+02   -0.40604E+00   -0.28417E+01    0.91668E+06    0.64028E+02
   489    0.21297E+02   -0.38815E+00   -0.27116E+01    0.91003E+06    0.63609E+02
   490    0.20198E+02   -0.36718E+00   -0.25625E+01    0.90326E+06    0.63192E+02
   491    0.18789E+02   -0.34389E+00   -0.23962E+01    0.89639E+06    0.62776E+02
   492    0.17368E+02   -0.31754E+00   -0.22113E+01    0.88942E+06    0.62360E+02
   493    0.15787E+02   -0.28962E+00   -0.20054E+01    0.88237E+06    0.61945E+02
   494    0.14048E+02   -0.25718E+00   -0.17812E+01    0.87524E+06    0.61530E+02
   495    0.12078E+02   -0.22245E+00   -0.15364E+01    0.86805E+06    0.61116E+02
   496    0.99535E+01   -0.18396E+00   -0.12716E+01    0.86081E+06    0.60703E+02
   497    0.76746E+01   -0.14246E+00   -0.98510E+00    0.85352E+06    0.60289E+02
   498    0.52431E+01   -0.98705E-01   -0.67901E+00    0.84620E+06    0.59876E+02
   499    0.27346E+01   -0.50472E-01   -0.34946E+00    0.83886E+06    0.59463E+02
   500    0.19088E-02    0.00000E+00    0.00000E+00    0.83151E+06    0.59051E+02
