#    L    TT             EE             TE             PP             TP          
     2    0.32879E+03    0.75488E-10   -0.11884E-04    0.94652E+06    0.32911E+05
     3    0.23049E+03    0.23226E-10    0.75948E-05    0.14499E+07    0.36777E+05
     4    0.17327E+03    0.62323E-11    0.61384E-05    0.18908E+07    0.38065E+05
     5    0.13624E+03    0.20883E-11    0.31104E-05    0.22752E+07    0.38129E+05
     6    0.11051E+03    0.86088E-12    0.29240E-05    0.26098E+07    0.37556E+05
     7    0.91699E+02    0.57875E-12    0.40089E-05    0.29019E+07    0.36645E+05
     8    0.77445E+02    0.60023E-12    0.42646E-05    0.31574E+07    0.35558E+05
     9    0.66337E+02    0.48373E-12    0.32869E-05    0.33815E+07    0.34393E+05
    10    0.57474E+02    0.24590E-12    0.19375E-05    0.35782E+07    0.33195E+05
    11    0.50284E+02    0.92728E-13    0.10506E-05    0.37519E+07    0.32006E+05
    12    0.44496E+02    0.10382E-03   -0.23714E-03    0.39043E+07    0.30835E+05
    13    0.39380E+02    0.10836E-12    0.96983E-06    0.40380E+07    0.29692E+05
    14    0.35141E+02   -0.27194E-04    0.79653E-04    0.41555E+07    0.28589E+05
    15    0.31601E+02    0.12117E-12    0.11447E-05    0.42586E+07    0.27529E+05
    16    0.28486E+02   -0.22586E-04    0.32409E-03    0.43487E+07    0.26510E+05
    17    0.25843E+02    0.60660E-13    0.68311E-06    0.44272E+07    0.25535E+05
    18    0.23075E+02    0.11488E-04   -0.52564E-03    0.44955E+07    0.24604E+05
    19    0.21459E+02    0.27445E-13    0.28575E-06    0.45542E+07    0.23713E+05
    20    0.19686E+02    0.10034E-04   -0.10652E-04    0.46040E+07    0.22859E+05
    21    0.18039E+02    0.24289E-13    0.32765E-06    0.46460E+07    0.22043E+05
    22    0.16651E+02   -0.67106E-05   -0.42671E-04    0.46811E+07    0.21264E+05
    23    0.15324E+02    0.66522E-13    0.55821E-06    0.47098E+07    0.20521E+05
    24    0.14149E+02   -0.45945E-05    0.19328E-03    0.47325E+07    0.19809E+05
    25    0.13134E+02    0.10426E-12    0.65419E-06    0.47499E+07    0.19129E+05
    26    0.12141E+02    0.45677E-05    0.17381E-03    0.47625E+07    0.18479E+05
    27    0.11345E+02    0.85151E-13    0.53737E-06    0.47707E+07    0.17857E+05
    28    0.10544E+02    0.62322E-06   -0.24430E-03    0.47750E+07    0.17262E+05
    29    0.98663E+01    0.44770E-13    0.31974E-06    0.47753E+07    0.16692E+05
    30    0.92916E+01   -0.21393E-05    0.16701E-04    0.47719E+07    0.16145E+05
    31    0.86302E+01    0.25174E-13    0.13430E-06    0.47653E+07    0.15621E+05
    32    0.80562E+01    0.18985E-05    0.16031E-03    0.47559E+07    0.15118E+05
    33    0.75897E+01    0.20604E-13    0.49104E-07    0.47440E+07    0.14637E+05
    34    0.71131E+01    0.58091E-06   -0.27666E-03    0.47296E+07    0.14175E+05
    35    0.67070E+01    0.16730E-13    0.61439E-07    0.47131E+07    0.13732E+05
    36    0.63709E+01   -0.13653E-06    0.46383E-03    0.46945E+07    0.13306E+05
    37    0.59530E+01    0.15605E-13    0.12655E-06    0.46741E+07    0.12898E+05
    38    0.55921E+01    0.41830E-05   -0.55391E-03    0.46521E+07    0.12505E+05
    39    0.53295E+01    0.55145E-05   -0.64610E-03    0.46286E+07    0.12128E+05
    40    0.50149E+01    0.27096E-13    0.21988E-06    0.46036E+07    0.11765E+05
    41    0.48521E+01   -0.10177E-04    0.12921E-02    0.45773E+07    0.11416E+05
    42    0.46033E+01   -0.18179E-04    0.24752E-02    0.45498E+07    0.11080E+05
    43    0.43845E+01   -0.16190E-04    0.26483E-02    0.45212E+07    0.10757E+05
    44    0.40148E+01   -0.11250E-04    0.18018E-02    0.44916E+07    0.10445E+05
    45    0.38332E+01    0.31655E-13    0.21298E-06    0.44612E+07    0.10146E+05
    46    0.37407E+01    0.21386E-04   -0.44408E-02    0.44300E+07    0.98566E+04
    47    0.35952E+01    0.45231E-04   -0.10322E-01    0.43982E+07    0.95781E+04
    48    0.33368E+01    0.68040E-04   -0.13066E-01    0.43657E+07    0.93096E+04
    49    0.30541E+01    0.64032E-04   -0.86922E-02    0.43327E+07    0.90508E+04
    50    0.29842E+01    0.96337E-14    0.94527E-07    0.42992E+07    0.88013E+04
    51    0.29136E+01   -0.15865E-03    0.87114E-02    0.42654E+07    0.85605E+04
    52    0.30544E+01   -0.32573E-03    0.12776E-01    0.42312E+07    0.83282E+04
    53    0.30196E+01   -0.34961E-03    0.92855E-02    0.41968E+07    0.81039E+04
    54    0.27191E+01   -0.23463E-03    0.33016E-02    0.41621E+07    0.78875E+04
    55    0.23602E+01    0.41254E-14    0.24845E-07    0.41272E+07    0.76784E+04
    56    0.21548E+01    0.21343E-03   -0.17291E-02    0.40921E+07    0.74765E+04
    57    0.20368E+01    0.29820E-03   -0.18358E-02    0.40569E+07    0.72813E+04
    58    0.20193E+01    0.26287E-03   -0.12124E-02    0.40217E+07    0.70927E+04
    59    0.19668E+01    0.14575E-03   -0.77348E-03    0.39863E+07    0.69103E+04
    60    0.18924E+01    0.26018E-14    0.23783E-07    0.39510E+07    0.67339E+04
    61    0.21022E+01   -0.80085E-04    0.18113E-02    0.39156E+07    0.65632E+04
    62    0.19959E+01   -0.10301E-03    0.37228E-02    0.38802E+07    0.63981E+04
    63    0.17861E+01   -0.10297E-03    0.47585E-02    0.38448E+07    0.62382E+04
    64    0.17598E+01   -0.62183E-04    0.37191E-02    0.38096E+07    0.60835E+04
    65    0.15356E+01    0.58131E-14    0.44681E-07    0.37744E+07    0.59338E+04
    66    0.13998E+01    0.21984E-04   -0.46037E-02    0.37394E+07    0.57889E+04
    67    0.11913E+01    0.10896E-04   -0.77600E-02    0.37046E+07    0.56485E+04
    68    0.11939E+01    0.13330E-04   -0.83024E-02    0.36700E+07    0.55126E+04
    69    0.11716E+01   -0.58331E-05   -0.49903E-02    0.36355E+07    0.53809E+04
    70    0.12597E+01    0.84852E-14    0.48874E-07    0.36013E+07    0.52534E+04
    71    0.13024E+01    0.25785E-04    0.38996E-02    0.35672E+07    0.51297E+04
    72    0.13166E+01    0.53062E-04    0.55055E-02    0.35334E+07    0.50099E+04
    73    0.12506E+01    0.56304E-04    0.45079E-02    0.34999E+07    0.48937E+04
    74    0.11273E+01    0.32269E-04    0.20827E-02    0.34665E+07    0.47810E+04
    75    0.10437E+01    0.46411E-14    0.36910E-07    0.34334E+07    0.46717E+04
    76    0.94091E+00   -0.30693E-04   -0.95234E-03    0.34005E+07    0.45656E+04
    77    0.87907E+00   -0.57223E-04   -0.10189E-02    0.33679E+07    0.44626E+04
    78    0.91093E+00   -0.41664E-04   -0.21692E-02    0.33355E+07    0.43627E+04
    79    0.86637E+00   -0.27803E-04   -0.11730E-02    0.33034E+07    0.42657E+04
    80    0.87242E+00    0.20627E-14    0.23359E-07    0.32716E+07    0.41715E+04
    81    0.83783E+00    0.27379E-05    0.31531E-03    0.32401E+07    0.40800E+04
    82    0.83813E+00    0.12525E-04    0.24967E-03    0.32089E+07    0.39912E+04
    83    0.80488E+00    0.14258E-04   -0.27075E-03    0.31781E+07    0.39050E+04
    84    0.81819E+00    0.15117E-04    0.16587E-03    0.31476E+07    0.38212E+04
    85    0.73532E+00    0.16877E-14    0.15662E-07    0.31174E+07    0.37399E+04
    86    0.63565E+00   -0.80104E-05   -0.13641E-03    0.30875E+07    0.36609E+04
    87    0.74418E+00   -0.26216E-04    0.24021E-03    0.30580E+07    0.35842E+04
    88    0.61662E+00   -0.26302E-04    0.83362E-03    0.30289E+07    0.35096E+04
    89    0.62581E+00   -0.96688E-05   -0.13813E-03    0.30001E+07    0.34371E+04
    90    0.62461E+00    0.10313E-14    0.12457E-07    0.29716E+07    0.33666E+04
    91    0.54050E+00    0.88892E-05    0.16983E-03    0.29435E+07    0.32979E+04
    92    0.52532E+00    0.16379E-04    0.62229E-03    0.29158E+07    0.32312E+04
    93    0.58268E+00    0.29435E-04    0.82642E-03    0.28884E+07    0.31662E+04
    94    0.49337E+00    0.25308E-04    0.17369E-02    0.28613E+07    0.31031E+04
    95    0.48386E+00    0.18391E-04    0.20800E-02    0.28346E+07    0.30416E+04
    96    0.26063E+00    0.82198E-05    0.20674E-02    0.28083E+07    0.29818E+04
    97    0.27302E+00   -0.56680E-05    0.19112E-02    0.27822E+07    0.29236E+04
    98    0.30180E+00   -0.16308E-04    0.33087E-02    0.27565E+07    0.28670E+04
    99    0.20202E+00   -0.46450E-04    0.27578E-02    0.27312E+07    0.28119E+04
   100    0.20017E+00   -0.81699E-04    0.41844E-02    0.27062E+07    0.27583E+04
   101    0.15129E+00   -0.48236E-04    0.40862E-02    0.26814E+07    0.27062E+04
   102    0.43043E+00   -0.80235E-04    0.41607E-02    0.26571E+07    0.26554E+04
   103    0.44695E+00   -0.89020E-04    0.31342E-02    0.26330E+07    0.26060E+04
   104    0.50161E+00   -0.60196E-04    0.34469E-02    0.26092E+07    0.25579E+04
   105    0.52375E+00   -0.53656E-04    0.30823E-02    0.25858E+07    0.25111E+04
   106    0.59126E+00    0.19279E-04    0.22523E-02    0.25627E+07    0.24654E+04
   107    0.41066E+00    0.24434E-04    0.19114E-02    0.25399E+07    0.24209E+04
   108    0.43126E+00    0.50485E-04    0.78595E-03    0.25174E+07    0.23775E+04
   109    0.43383E+00    0.37543E-04   -0.16942E-03    0.24952E+07    0.23352E+04
   110    0.34772E+00    0.37504E-15    0.50330E-08    0.24733E+07    0.22939E+04
   111    0.25153E+00    0.25783E-04   -0.72092E-03    0.24517E+07    0.22536E+04
   112    0.15236E+00    0.51254E-04   -0.21128E-02    0.24304E+07    0.22143E+04
   113    0.13230E+00    0.86308E-04   -0.32119E-02    0.24094E+07    0.21759E+04
   114    0.50568E-01    0.66557E-04   -0.37972E-02    0.23886E+07    0.21384E+04
   115    0.63540E-01    0.15046E-03   -0.43908E-02    0.23682E+07    0.21018E+04
   116   -0.43840E-01    0.12507E-03   -0.47717E-02    0.23480E+07    0.20660E+04
   117    0.33360E-01    0.74553E-04   -0.47190E-02    0.23282E+07    0.20311E+04
   118    0.15437E+00    0.15738E-03   -0.54974E-02    0.23085E+07    0.19970E+04
   119    0.17842E+00    0.23488E-03   -0.54004E-02    0.22892E+07    0.19638E+04
   120    0.26188E+00    0.16838E-03   -0.49499E-02    0.22701E+07    0.19313E+04
   121    0.26398E+00    0.26490E-03   -0.46678E-02    0.22513E+07    0.18996E+04
   122    0.26679E+00    0.23721E-03   -0.43333E-02    0.22328E+07    0.18686E+04
   123    0.27813E+00    0.16949E-03   -0.44681E-02    0.22145E+07    0.18384E+04
   124    0.30578E+00    0.14592E-03   -0.26230E-02    0.21965E+07    0.18088E+04
   125    0.28325E+00    0.10210E-03   -0.15484E-02    0.21787E+07    0.17800E+04
   126    0.29264E+00    0.12222E-03   -0.10233E-02    0.21612E+07    0.17518E+04
   127    0.26746E+00    0.67608E-04   -0.82677E-03    0.21439E+07    0.17242E+04
   128    0.21550E+00    0.96719E-04   -0.73800E-03    0.21268E+07    0.16972E+04
   129    0.21884E+00    0.70884E-04   -0.53605E-03    0.21100E+07    0.16709E+04
   130    0.21101E+00    0.20627E-14    0.77800E-08    0.20934E+07    0.16451E+04
   131    0.20012E+00    0.40701E-04   -0.11275E-02    0.20771E+07    0.16199E+04
   132    0.26995E+00    0.45184E-04   -0.14194E-02    0.20610E+07    0.15952E+04
   133    0.28172E+00    0.86669E-04   -0.35664E-02    0.20451E+07    0.15710E+04
   134    0.31953E+00    0.16409E-03   -0.35737E-02    0.20294E+07    0.15474E+04
   135    0.39318E+00    0.20211E-03   -0.48750E-02    0.20139E+07    0.15242E+04
   136    0.36392E+00    0.19965E-03   -0.42183E-02    0.19986E+07    0.15016E+04
   137    0.39011E+00    0.22994E-03   -0.42943E-02    0.19836E+07    0.14794E+04
   138    0.40728E+00    0.21763E-03   -0.40796E-02    0.19687E+07    0.14577E+04
   139    0.27667E+00    0.31022E-03   -0.32936E-02    0.19541E+07    0.14365E+04
   140    0.30522E+00    0.28381E-03   -0.31413E-02    0.19396E+07    0.14157E+04
   141    0.20561E+00    0.21161E-03   -0.18566E-02    0.19254E+07    0.13953E+04
   142    0.21048E+00    0.16683E-03   -0.64437E-03    0.19113E+07    0.13754E+04
   143    0.25537E+00    0.14843E-03    0.33036E-04    0.18974E+07    0.13559E+04
   144    0.20151E+00    0.81045E-04    0.45625E-03    0.18837E+07    0.13367E+04
   145    0.13299E+00    0.11218E-03    0.90586E-03    0.18702E+07    0.13180E+04
   146    0.28247E+00    0.17933E-04    0.91965E-03    0.18568E+07    0.12996E+04
   147    0.21405E+00    0.20080E-04    0.15210E-02    0.18436E+07    0.12816E+04
   148    0.16040E+00   -0.31007E-04    0.76213E-03    0.18306E+07    0.12639E+04
   149    0.20559E+00   -0.62107E-04   -0.33364E-03    0.18177E+07    0.12466E+04
   150    0.13660E+00    0.18752E-15    0.11509E-08    0.18050E+07    0.12296E+04
   151    0.11147E+00    0.77267E-04   -0.16144E-02    0.17924E+07    0.12129E+04
   152   -0.10156E-01    0.80850E-04   -0.38724E-02    0.17800E+07    0.11965E+04
   153   -0.71808E-01    0.14206E-03   -0.46709E-02    0.17677E+07    0.11804E+04
   154   -0.13988E+00    0.24362E-03   -0.63636E-02    0.17556E+07    0.11646E+04
   155   -0.20647E+00    0.36829E-03   -0.83328E-02    0.17436E+07    0.11491E+04
   156   -0.41226E+00    0.49880E-03   -0.10704E-01    0.17318E+07    0.11339E+04
   157   -0.45221E+00    0.61790E-03   -0.12116E-01    0.17201E+07    0.11190E+04
   158   -0.54128E+00    0.78259E-03   -0.13437E-01    0.17085E+07    0.11043E+04
   159   -0.67159E+00    0.82706E-03   -0.14794E-01    0.16971E+07    0.10899E+04
   160   -0.76094E+00    0.88262E-03   -0.14824E-01    0.16858E+07    0.10758E+04
   161   -0.80144E+00    0.10063E-02   -0.15139E-01    0.16746E+07    0.10619E+04
   162   -0.85948E+00    0.10322E-02   -0.15864E-01    0.16636E+07    0.10483E+04
   163   -0.77861E+00    0.10175E-02   -0.15639E-01    0.16526E+07    0.10349E+04
   164   -0.84805E+00    0.10190E-02   -0.16075E-01    0.16418E+07    0.10218E+04
   165   -0.76279E+00    0.94538E-03   -0.15068E-01    0.16311E+07    0.10089E+04
   166   -0.66348E+00    0.92781E-03   -0.14230E-01    0.16206E+07    0.99622E+03
   167   -0.46796E+00    0.72622E-03   -0.14427E-01    0.16101E+07    0.98377E+03
   168   -0.39118E+00    0.69477E-03   -0.13558E-01    0.15998E+07    0.97153E+03
   169   -0.27668E+00    0.51905E-03   -0.11747E-01    0.15895E+07    0.95951E+03
   170   -0.11656E+00    0.40467E-03   -0.10605E-01    0.15794E+07    0.94768E+03
   171   -0.51498E-01    0.33435E-03   -0.80286E-02    0.15694E+07    0.93606E+03
   172    0.69012E-03    0.21656E-03   -0.56291E-02    0.15595E+07    0.92463E+03
   173   -0.26387E-01    0.34034E-04   -0.35315E-02    0.15496E+07    0.91339E+03
   174    0.23732E-01    0.66645E-04   -0.18610E-02    0.15399E+07    0.90233E+03
   175    0.84659E-01    0.00000E+00   -0.47981E-10    0.15303E+07    0.89145E+03
   176    0.15846E-01    0.36738E-04    0.19737E-02    0.15207E+07    0.88074E+03
   177   -0.25629E-01    0.70562E-04    0.26861E-02    0.15113E+07    0.87020E+03
   178   -0.10542E+00    0.28936E-03    0.37823E-02    0.15019E+07    0.85982E+03
   179   -0.21488E+00    0.36102E-03    0.54213E-02    0.14926E+07    0.84961E+03
   180   -0.19681E+00    0.47345E-03    0.62767E-02    0.14834E+07    0.83955E+03
   181   -0.26544E+00    0.59167E-03    0.65077E-02    0.14743E+07    0.82966E+03
   182   -0.33784E+00    0.75500E-03    0.77592E-02    0.14653E+07    0.81991E+03
   183   -0.47965E+00    0.85420E-03    0.87047E-02    0.14564E+07    0.81032E+03
   184   -0.53369E+00    0.92858E-03    0.10246E-01    0.14475E+07    0.80087E+03
   185   -0.56559E+00    0.10917E-02    0.10315E-01    0.14387E+07    0.79157E+03
   186   -0.93814E+00    0.11676E-02    0.12040E-01    0.14300E+07    0.78240E+03
   187   -0.97416E+00    0.12623E-02    0.14096E-01    0.14214E+07    0.77338E+03
   188   -0.10364E+01    0.13260E-02    0.15157E-01    0.14128E+07    0.76450E+03
   189   -0.11906E+01    0.13610E-02    0.16867E-01    0.14044E+07    0.75574E+03
   190   -0.98228E+00    0.13842E-02    0.17157E-01    0.13959E+07    0.74712E+03
   191   -0.11458E+01    0.13829E-02    0.19157E-01    0.13876E+07    0.73862E+03
   192   -0.11524E+01    0.13446E-02    0.20798E-01    0.13793E+07    0.73025E+03
   193   -0.12163E+01    0.12787E-02    0.20754E-01    0.13711E+07    0.72200E+03
   194   -0.11062E+01    0.11801E-02    0.21412E-01    0.13630E+07    0.71386E+03
   195   -0.10361E+01    0.10509E-02    0.20704E-01    0.13549E+07    0.70585E+03
   196   -0.99745E+00    0.89326E-03    0.19530E-01    0.13469E+07    0.69794E+03
   197   -0.83307E+00    0.71685E-03    0.16565E-01    0.13389E+07    0.69015E+03
   198   -0.60859E+00    0.50895E-03    0.12711E-01    0.13310E+07    0.68246E+03
   199   -0.31537E+00    0.27175E-03    0.73839E-02    0.13232E+07    0.67487E+03
   200    0.55227E-01    0.00000E+00   -0.32163E-11    0.13154E+07    0.66738E+03
   201    0.43596E+00   -0.28135E-03   -0.84539E-02    0.13077E+07    0.66000E+03
   202    0.90186E+00   -0.59737E-03   -0.18882E-01    0.13000E+07    0.65271E+03
   203    0.13778E+01   -0.92061E-03   -0.29875E-01    0.12924E+07    0.64551E+03
   204    0.17886E+01   -0.12608E-02   -0.43737E-01    0.12849E+07    0.63841E+03
   205    0.22820E+01   -0.16054E-02   -0.57575E-01    0.12773E+07    0.63140E+03
   206    0.27085E+01   -0.19491E-02   -0.71984E-01    0.12699E+07    0.62449E+03
   207    0.32160E+01   -0.23019E-02   -0.86745E-01    0.12625E+07    0.61766E+03
   208    0.35806E+01   -0.26435E-02   -0.10171E+00    0.12551E+07    0.61093E+03
   209    0.39502E+01   -0.29838E-02   -0.11658E+00    0.12478E+07    0.60428E+03
   210    0.43238E+01   -0.33028E-02   -0.13159E+00    0.12406E+07    0.59773E+03
   211    0.47006E+01   -0.36027E-02   -0.14613E+00    0.12334E+07    0.59126E+03
   212    0.49312E+01   -0.38858E-02   -0.16047E+00    0.12262E+07    0.58487E+03
   213    0.52375E+01   -0.41395E-02   -0.17389E+00    0.12191E+07    0.57857E+03
   214    0.54703E+01   -0.44033E-02   -0.18694E+00    0.12120E+07    0.57235E+03
   215    0.57028E+01   -0.45160E-02   -0.19969E+00    0.12050E+07    0.56622E+03
   216    0.58599E+01   -0.46954E-02   -0.21095E+00    0.11980E+07    0.56017E+03
   217    0.60894E+01   -0.48174E-02   -0.22206E+00    0.11911E+07    0.55420E+03
   218    0.62419E+01   -0.49140E-02   -0.23214E+00    0.11842E+07    0.54830E+03
   219    0.63908E+01   -0.50172E-02   -0.23956E+00    0.11774E+07    0.54249E+03
   220    0.65351E+01   -0.50105E-02   -0.24809E+00    0.11706E+07    0.53675E+03
   221    0.66742E+01   -0.50002E-02   -0.25486E+00    0.11638E+07    0.53109E+03
   222    0.68071E+01   -0.48696E-02   -0.26067E+00    0.11571E+07    0.52550E+03
   223    0.67843E+01   -0.47250E-02   -0.26412E+00    0.11504E+07    0.51999E+03
   224    0.69023E+01   -0.45985E-02   -0.26826E+00    0.11438E+07    0.51455E+03
   225    0.69372E+01   -0.43735E-02   -0.26945E+00    0.11372E+07    0.50918E+03
   226    0.69626E+01   -0.40820E-02   -0.27073E+00    0.11306E+07    0.50388E+03
   227    0.69032E+01   -0.37559E-02   -0.26996E+00    0.11241E+07    0.49866E+03
   228    0.69068E+01   -0.34273E-02   -0.26795E+00    0.11176E+07    0.49350E+03
   229    0.68983E+01   -0.30538E-02   -0.26553E+00    0.11112E+07    0.48840E+03
   230    0.68024E+01   -0.26675E-02   -0.26128E+00    0.11048E+07    0.48338E+03
   231    0.66185E+01   -0.22262E-02   -0.25528E+00    0.10984E+07    0.47842E+03
   232    0.64941E+01   -0.18360E-02   -0.24836E+00    0.10921E+07    0.47352E+03
   233    0.63542E+01   -0.13061E-02   -0.24132E+00    0.10858E+07    0.46868E+03
   234    0.60492E+01   -0.81706E-03   -0.23276E+00    0.10795E+07    0.46391E+03
   235    0.58013E+01   -0.32665E-03   -0.22351E+00    0.10733E+07    0.45920E+03
   236    0.54611E+01    0.13318E-03   -0.21288E+00    0.10671E+07    0.45455E+03
   237    0.51018E+01    0.60470E-03   -0.20172E+00    0.10609E+07    0.44996E+03
   238    0.47227E+01    0.11302E-02   -0.18933E+00    0.10547E+07    0.44542E+03
   239    0.43972E+01    0.15291E-02   -0.17582E+00    0.10486E+07    0.44094E+03
   240    0.39017E+01    0.18438E-02   -0.16272E+00    0.10425E+07    0.43652E+03
   241    0.35323E+01    0.21907E-02   -0.14865E+00    0.10365E+07    0.43215E+03
   242    0.31397E+01    0.23893E-02   -0.13367E+00    0.10304E+07    0.42783E+03
   243    0.27230E+01    0.25562E-02   -0.11859E+00    0.10244E+07    0.42357E+03
   244    0.22814E+01    0.25851E-02   -0.10203E+00    0.10185E+07    0.41936E+03
   245    0.18140E+01    0.25182E-02   -0.86270E-01    0.10125E+07    0.41519E+03
   246    0.13942E+01    0.23237E-02   -0.69168E-01    0.10066E+07    0.41108E+03
   247    0.10213E+01    0.18952E-02   -0.52285E-01    0.10007E+07    0.40701E+03
   248    0.61994E+00    0.15721E-02   -0.34955E-01    0.99480E+06    0.40299E+03
   249    0.33799E+00    0.80248E-03   -0.17253E-01    0.98894E+06    0.39902E+03
   250    0.25984E-01    0.00000E+00    0.84008E-13    0.98311E+06    0.39509E+03
   251   -0.16986E+00   -0.11553E-02    0.18203E-01    0.97730E+06    0.39121E+03
   252   -0.48080E+00   -0.24267E-02    0.36481E-01    0.97151E+06    0.38736E+03
   253   -0.54530E+00   -0.40141E-02    0.53948E-01    0.96575E+06    0.38356E+03
   254   -0.67041E+00   -0.55973E-02    0.71205E-01    0.96001E+06    0.37981E+03
   255   -0.79175E+00   -0.74504E-02    0.88851E-01    0.95430E+06    0.37609E+03
   256   -0.84492E+00   -0.91791E-02    0.10749E+00    0.94861E+06    0.37242E+03
   257   -0.83984E+00   -0.11206E-01    0.11954E+00    0.94296E+06    0.36879E+03
   258   -0.86069E+00   -0.13137E-01    0.13824E+00    0.93733E+06    0.36519E+03
   259   -0.84308E+00   -0.15097E-01    0.14933E+00    0.93173E+06    0.36164E+03
   260   -0.72264E+00   -0.17063E-01    0.16826E+00    0.92616E+06    0.35813E+03
   261   -0.65782E+00   -0.19087E-01    0.17336E+00    0.92062E+06    0.35466E+03
   262   -0.65854E+00   -0.20923E-01    0.18751E+00    0.91512E+06    0.35123E+03
   263   -0.36327E+00   -0.22770E-01    0.20387E+00    0.90964E+06    0.34784E+03
   264   -0.22762E+00   -0.24532E-01    0.21562E+00    0.90421E+06    0.34448E+03
   265   -0.18721E+00   -0.26259E-01    0.21593E+00    0.89881E+06    0.34117E+03
   266   -0.29079E-01   -0.27706E-01    0.22769E+00    0.89344E+06    0.33789E+03
   267    0.14013E-01   -0.29221E-01    0.22921E+00    0.88812E+06    0.33465E+03
   268    0.80733E-01   -0.30410E-01    0.23595E+00    0.88283E+06    0.33145E+03
   269    0.12613E-01   -0.31547E-01    0.24107E+00    0.87758E+06    0.32828E+03
   270    0.96887E-01   -0.32534E-01    0.24519E+00    0.87237E+06    0.32515E+03
   271    0.10080E+00   -0.33424E-01    0.24889E+00    0.86720E+06    0.32206E+03
   272    0.23731E+00   -0.33894E-01    0.24536E+00    0.86208E+06    0.31900E+03
   273    0.27366E+00   -0.34518E-01    0.25005E+00    0.85700E+06    0.31598E+03
   274    0.34851E+00   -0.34678E-01    0.24127E+00    0.85196E+06    0.31299E+03
   275    0.37768E+00   -0.34870E-01    0.24190E+00    0.84697E+06    0.31004E+03
   276    0.49984E+00   -0.34849E-01    0.23027E+00    0.84202E+06    0.30712E+03
   277    0.48223E+00   -0.34591E-01    0.22926E+00    0.83713E+06    0.30424E+03
   278    0.53781E+00   -0.34149E-01    0.21717E+00    0.83228E+06    0.30139E+03
   279    0.58239E+00   -0.33573E-01    0.20206E+00    0.82748E+06    0.29857E+03
   280    0.60607E+00   -0.32841E-01    0.19935E+00    0.82273E+06    0.29578E+03
   281    0.74751E+00   -0.31854E-01    0.18738E+00    0.81803E+06    0.29303E+03
   282    0.69968E+00   -0.30888E-01    0.17418E+00    0.81338E+06    0.29031E+03
   283    0.74981E+00   -0.29696E-01    0.16033E+00    0.80879E+06    0.28762E+03
   284    0.81372E+00   -0.28329E-01    0.14644E+00    0.80425E+06    0.28496E+03
   285    0.88151E+00   -0.26765E-01    0.13312E+00    0.79977E+06    0.28234E+03
   286    0.86899E+00   -0.25130E-01    0.11352E+00    0.79534E+06    0.27974E+03
   287    0.84054E+00   -0.23399E-01    0.10312E+00    0.79097E+06    0.27718E+03
   288    0.86056E+00   -0.21551E-01    0.87651E-01    0.78666E+06    0.27464E+03
   289    0.84484E+00   -0.19636E-01    0.75142E-01    0.78240E+06    0.27213E+03
   290    0.85778E+00   -0.17779E-01    0.66194E-01    0.77821E+06    0.26966E+03
   291    0.88947E+00   -0.15217E-01    0.46550E-01    0.77408E+06    0.26721E+03
   292    0.63288E+00   -0.13038E-01    0.39095E-01    0.77001E+06    0.26479E+03
   293    0.67237E+00   -0.11592E-01    0.22144E-01    0.76600E+06    0.26239E+03
   294    0.55235E+00   -0.93704E-02    0.18583E-01    0.76206E+06    0.26003E+03
   295    0.63433E+00   -0.78354E-02    0.67261E-02    0.75818E+06    0.25769E+03
   296    0.53699E+00   -0.54786E-02    0.20301E-02    0.75437E+06    0.25538E+03
   297    0.47328E+00   -0.45053E-02    0.50950E-02    0.75062E+06    0.25310E+03
   298    0.28473E+00   -0.26641E-02    0.16641E-02    0.74694E+06    0.25084E+03
   299    0.18429E+00   -0.67475E-03   -0.23422E-03    0.74334E+06    0.24861E+03
   300    0.13501E-01    0.00000E+00    0.00000E+00    0.73980E+06    0.24640E+03
   301   -0.16313E+00    0.87705E-03    0.10259E-01    0.73633E+06    0.24422E+03
   302   -0.28054E+00    0.12775E-02    0.30463E-01    0.73293E+06    0.24206E+03
   303   -0.42208E+00    0.20163E-02    0.45537E-01    0.72959E+06    0.23993E+03
   304   -0.59686E+00    0.31656E-02    0.55267E-01    0.72631E+06    0.23782E+03
   305   -0.73966E+00    0.33118E-02    0.74293E-01    0.72309E+06    0.23574E+03
   306   -0.93385E+00    0.32699E-02    0.94968E-01    0.71992E+06    0.23368E+03
   307   -0.11142E+01    0.31120E-02    0.10965E+00    0.71680E+06    0.23164E+03
   308   -0.12899E+01    0.43959E-02    0.14041E+00    0.71372E+06    0.22963E+03
   309   -0.13957E+01    0.42224E-02    0.15731E+00    0.71068E+06    0.22764E+03
   310   -0.15891E+01    0.34063E-02    0.18242E+00    0.70768E+06    0.22567E+03
   311   -0.17309E+01    0.42485E-02    0.20067E+00    0.70471E+06    0.22373E+03
   312   -0.18299E+01    0.38496E-02    0.22671E+00    0.70177E+06    0.22180E+03
   313   -0.19697E+01    0.37674E-02    0.24545E+00    0.69885E+06    0.21990E+03
   314   -0.20849E+01    0.40740E-02    0.27154E+00    0.69596E+06    0.21803E+03
   315   -0.21848E+01    0.33559E-02    0.28990E+00    0.69308E+06    0.21617E+03
   316   -0.22783E+01    0.31709E-02    0.30775E+00    0.69022E+06    0.21433E+03
   317   -0.23746E+01    0.21055E-02    0.32487E+00    0.68737E+06    0.21252E+03
   318   -0.24827E+01    0.24602E-02    0.34105E+00    0.68452E+06    0.21073E+03
   319   -0.25374E+01    0.20787E-02    0.35606E+00    0.68168E+06    0.20895E+03
   320   -0.25479E+01    0.17759E-02    0.37712E+00    0.67883E+06    0.20720E+03
   321   -0.25974E+01    0.23668E-02    0.38916E+00    0.67598E+06    0.20547E+03
   322   -0.26208E+01    0.16949E-02    0.39938E+00    0.67312E+06    0.20376E+03
   323   -0.26272E+01    0.13182E-02    0.40758E+00    0.67025E+06    0.20206E+03
   324   -0.26257E+01    0.20516E-02    0.40610E+00    0.66736E+06    0.20039E+03
   325   -0.25510E+01    0.25286E-03    0.41702E+00    0.66445E+06    0.19874E+03
   326   -0.25609E+01    0.45130E-03    0.41041E+00    0.66151E+06    0.19710E+03
   327   -0.25157E+01    0.49047E-03    0.40833E+00    0.65855E+06    0.19548E+03
   328   -0.24247E+01   -0.30035E-03    0.41057E+00    0.65556E+06    0.19389E+03
   329   -0.23711E+01   -0.36335E-03    0.40205E+00    0.65253E+06    0.19231E+03
   330   -0.22898E+01   -0.11121E-02    0.38999E+00    0.64946E+06    0.19074E+03
   331   -0.21156E+01   -0.17316E-02    0.38160E+00    0.64634E+06    0.18920E+03
   332   -0.20062E+01   -0.14070E-02    0.37666E+00    0.64318E+06    0.18767E+03
   333   -0.18962E+01   -0.15517E-02    0.36752E+00    0.63997E+06    0.18616E+03
   334   -0.17206E+01   -0.13509E-02    0.35398E+00    0.63670E+06    0.18467E+03
   335   -0.16370E+01   -0.22180E-02    0.33582E+00    0.63338E+06    0.18319E+03
   336   -0.15059E+01   -0.25953E-02    0.32024E+00    0.62999E+06    0.18173E+03
   337   -0.13363E+01   -0.24107E-02    0.29217E+00    0.62654E+06    0.18029E+03
   338   -0.12117E+01   -0.30777E-02    0.27369E+00    0.62301E+06    0.17886E+03
   339   -0.99258E+00   -0.22956E-02    0.24972E+00    0.61941E+06    0.17745E+03
   340   -0.83657E+00   -0.22210E-02    0.23489E+00    0.61574E+06    0.17606E+03
   341   -0.75276E+00   -0.27816E-02    0.20672E+00    0.61198E+06    0.17467E+03
   342   -0.60168E+00   -0.16768E-02    0.17983E+00    0.60814E+06    0.17331E+03
   343   -0.46668E+00   -0.18059E-02    0.15401E+00    0.60421E+06    0.17196E+03
   344   -0.28256E+00   -0.16110E-02    0.12905E+00    0.60018E+06    0.17062E+03
   345   -0.20699E+00   -0.17629E-02    0.10473E+00    0.59606E+06    0.16930E+03
   346   -0.10047E+00   -0.70383E-03    0.88264E-01    0.59184E+06    0.16799E+03
   347   -0.46378E-01   -0.59009E-03    0.64572E-01    0.58751E+06    0.16669E+03
   348    0.20492E-01   -0.60675E-03    0.40871E-01    0.58308E+06    0.16541E+03
   349    0.16771E-01    0.61127E-04    0.16943E-01    0.57853E+06    0.16415E+03
   350    0.76573E-02    0.00000E+00    0.00000E+00    0.57387E+06    0.16289E+03
   351    0.13392E+00    0.76342E-03   -0.17693E-01    0.56909E+06    0.16165E+03
   352    0.21523E-01    0.16595E-02   -0.36808E-01    0.56420E+06    0.16042E+03
   353   -0.33756E-01    0.19922E-02   -0.43252E-01    0.55922E+06    0.15920E+03
   354   -0.18182E+00    0.25510E-02   -0.60074E-01    0.55416E+06    0.15800E+03
   355   -0.27545E+00    0.33826E-02   -0.73179E-01    0.54904E+06    0.15681E+03
   356   -0.39027E+00    0.45338E-02   -0.75903E-01    0.54386E+06    0.15563E+03
   357   -0.52761E+00    0.53084E-02   -0.83866E-01    0.53864E+06    0.15446E+03
   358   -0.61455E+00    0.50104E-02   -0.82973E-01    0.53339E+06    0.15330E+03
   359   -0.80098E+00    0.51721E-02   -0.88846E-01    0.52813E+06    0.15216E+03
   360   -0.93968E+00    0.58403E-02   -0.91104E-01    0.52287E+06    0.15102E+03
   361   -0.11063E+01    0.63189E-02   -0.94968E-01    0.51762E+06    0.14990E+03
   362   -0.12279E+01    0.66545E-02   -0.98230E-01    0.51240E+06    0.14879E+03
   363   -0.13800E+01    0.76368E-02   -0.99424E-01    0.50722E+06    0.14769E+03
   364   -0.14898E+01    0.70839E-02   -0.10303E+00    0.50209E+06    0.14661E+03
   365   -0.16328E+01    0.72711E-02   -0.10386E+00    0.49702E+06    0.14553E+03
   366   -0.17362E+01    0.75022E-02   -0.10566E+00    0.49203E+06    0.14446E+03
   367   -0.18013E+01    0.63384E-02   -0.10696E+00    0.48714E+06    0.14341E+03
   368   -0.19779E+01    0.60549E-02   -0.10704E+00    0.48235E+06    0.14236E+03
   369   -0.19703E+01    0.59554E-02   -0.10888E+00    0.47767E+06    0.14133E+03
   370   -0.20027E+01    0.53441E-02   -0.10806E+00    0.47313E+06    0.14030E+03
   371   -0.20765E+01    0.42674E-02   -0.10905E+00    0.46874E+06    0.13929E+03
   372   -0.21186E+01    0.35151E-02   -0.10815E+00    0.46450E+06    0.13829E+03
   373   -0.21304E+01    0.23910E-02   -0.10911E+00    0.46043E+06    0.13729E+03
   374   -0.21133E+01    0.16846E-02   -0.10896E+00    0.45655E+06    0.13631E+03
   375   -0.21429E+01    0.69991E-03   -0.10848E+00    0.45287E+06    0.13533E+03
   376   -0.20719E+01    0.22640E-03   -0.10842E+00    0.44939E+06    0.13437E+03
   377   -0.19761E+01   -0.11748E-02   -0.10658E+00    0.44614E+06    0.13341E+03
   378   -0.19309E+01   -0.27143E-02   -0.10670E+00    0.44313E+06    0.13246E+03
   379   -0.18635E+01   -0.36023E-02   -0.10507E+00    0.44037E+06    0.13153E+03
   380   -0.17010E+01   -0.37922E-02   -0.10469E+00    0.43787E+06    0.13060E+03
   381   -0.15932E+01   -0.69515E-02   -0.10335E+00    0.43565E+06    0.12968E+03
   382   -0.15415E+01   -0.78336E-02   -0.10108E+00    0.43371E+06    0.12877E+03
   383   -0.13987E+01   -0.93631E-02   -0.10012E+00    0.43209E+06    0.12786E+03
   384   -0.11661E+01   -0.11493E-01   -0.97518E-01    0.43078E+06    0.12697E+03
   385   -0.10678E+01   -0.11949E-01   -0.95526E-01    0.42979E+06    0.12609E+03
   386   -0.88250E+00   -0.12912E-01   -0.92679E-01    0.42915E+06    0.12521E+03
   387   -0.75996E+00   -0.14335E-01   -0.89739E-01    0.42887E+06    0.12434E+03
   388   -0.62727E+00   -0.15429E-01   -0.85984E-01    0.42896E+06    0.12348E+03
   389   -0.48579E+00   -0.18376E-01   -0.82178E-01    0.42943E+06    0.12262E+03
   390   -0.33684E+00   -0.17929E-01   -0.76854E-01    0.43029E+06    0.12178E+03
   391   -0.18178E+00   -0.18499E-01   -0.72262E-01    0.43157E+06    0.12094E+03
   392   -0.96235E-01   -0.17067E-01   -0.66193E-01    0.43326E+06    0.12011E+03
   393    0.67029E-01   -0.16558E-01   -0.60155E-01    0.43540E+06    0.11928E+03
   394    0.15810E+00   -0.15439E-01   -0.52680E-01    0.43798E+06    0.11847E+03
   395    0.17563E+00   -0.14407E-01   -0.46019E-01    0.44102E+06    0.11766E+03
   396    0.26685E+00   -0.12673E-01   -0.37369E-01    0.44454E+06    0.11685E+03
   397    0.20757E+00   -0.10189E-01   -0.28831E-01    0.44854E+06    0.11606E+03
   398    0.21928E+00   -0.76510E-02   -0.19829E-01    0.45305E+06    0.11527E+03
   399    0.15210E+00   -0.42704E-02   -0.10259E-01    0.45808E+06    0.11448E+03
   400    0.46596E-02    0.00000E+00    0.00000E+00    0.46363E+06    0.11371E+03
   401   -0.14857E+00    0.44423E-02    0.10795E-01    0.46971E+06    0.11294E+03
   402   -0.30140E+00    0.89950E-02    0.22317E-01    0.47632E+06    0.11217E+03
   403   -0.52039E+00    0.15060E-01    0.34445E-01    0.48342E+06    0.11141E+03
   404   -0.79783E+00    0.21069E-01    0.48024E-01    0.49100E+06    0.11066E+03
   405   -0.10517E+01    0.26938E-01    0.61523E-01    0.49904E+06    0.10992E+03
   406   -0.14229E+01    0.34070E-01    0.76456E-01    0.50751E+06    0.10918E+03
   407   -0.17551E+01    0.40895E-01    0.90621E-01    0.51639E+06    0.10844E+03
   408   -0.21149E+01    0.48074E-01    0.10776E+00    0.52566E+06    0.10771E+03
   409   -0.24203E+01    0.56265E-01    0.12493E+00    0.53531E+06    0.10699E+03
   410   -0.28122E+01    0.63157E-01    0.14217E+00    0.54530E+06    0.10627E+03
   411   -0.31342E+01    0.70895E-01    0.16097E+00    0.55561E+06    0.10556E+03
   412   -0.35272E+01    0.78652E-01    0.17990E+00    0.56623E+06    0.10486E+03
   413   -0.39093E+01    0.86346E-01    0.19971E+00    0.57713E+06    0.10416E+03
   414   -0.43469E+01    0.93893E-01    0.21969E+00    0.58830E+06    0.10347E+03
   415   -0.46839E+01    0.10195E+00    0.24136E+00    0.59970E+06    0.10278E+03
   416   -0.50610E+01    0.10896E+00    0.26252E+00    0.61132E+06    0.10209E+03
   417   -0.54705E+01    0.11630E+00    0.28318E+00    0.62314E+06    0.10142E+03
   418   -0.58306E+01    0.12169E+00    0.30562E+00    0.63514E+06    0.10075E+03
   419   -0.61333E+01    0.12799E+00    0.32838E+00    0.64729E+06    0.10008E+03
   420   -0.64454E+01    0.13439E+00    0.35073E+00    0.65957E+06    0.99419E+02
   421   -0.66847E+01    0.14007E+00    0.37345E+00    0.67196E+06    0.98763E+02
   422   -0.69180E+01    0.14492E+00    0.39508E+00    0.68444E+06    0.98113E+02
   423   -0.72116E+01    0.14888E+00    0.41714E+00    0.69699E+06    0.97468E+02
   424   -0.74838E+01    0.15261E+00    0.43816E+00    0.70959E+06    0.96828E+02
   425   -0.76524E+01    0.15526E+00    0.45967E+00    0.72221E+06    0.96194E+02
   426   -0.77840E+01    0.15826E+00    0.48020E+00    0.73483E+06    0.95565E+02
   427   -0.79452E+01    0.16003E+00    0.49830E+00    0.74744E+06    0.94940E+02
   428   -0.80540E+01    0.16123E+00    0.51696E+00    0.76000E+06    0.94321E+02
   429   -0.81769E+01    0.16177E+00    0.53399E+00    0.77251E+06    0.93707E+02
   430   -0.81577E+01    0.16232E+00    0.54867E+00    0.78493E+06    0.93098E+02
   431   -0.81373E+01    0.16130E+00    0.56177E+00    0.79725E+06    0.92493E+02
   432   -0.81822E+01    0.15938E+00    0.57184E+00    0.80944E+06    0.91894E+02
   433   -0.80618E+01    0.15796E+00    0.58112E+00    0.82148E+06    0.91299E+02
   434   -0.79913E+01    0.15472E+00    0.58595E+00    0.83336E+06    0.90710E+02
   435   -0.78886E+01    0.15182E+00    0.58782E+00    0.84504E+06    0.90125E+02
   436   -0.76718E+01    0.14768E+00    0.58602E+00    0.85651E+06    0.89544E+02
   437   -0.74075E+01    0.14222E+00    0.58133E+00    0.86775E+06    0.88968E+02
   438   -0.71622E+01    0.13609E+00    0.57303E+00    0.87874E+06    0.88397E+02
   439   -0.67797E+01    0.12997E+00    0.55891E+00    0.88944E+06    0.87831E+02
   440   -0.64007E+01    0.12227E+00    0.54125E+00    0.89985E+06    0.87269E+02
   441   -0.59433E+01    0.11366E+00    0.51708E+00    0.90994E+06    0.86711E+02
   442   -0.55484E+01    0.10406E+00    0.48794E+00    0.91969E+06    0.86158E+02
   443   -0.49853E+01    0.94122E-01    0.45235E+00    0.92908E+06    0.85610E+02
   444   -0.43950E+01    0.83765E-01    0.41109E+00    0.93808E+06    0.85066E+02
   445   -0.37697E+01    0.70679E-01    0.36271E+00    0.94668E+06    0.84526E+02
   446   -0.31760E+01    0.58492E-01    0.30797E+00    0.95485E+06    0.83990E+02
   447   -0.24576E+01    0.45638E-01    0.24393E+00    0.96257E+06    0.83459E+02
   448   -0.17553E+01    0.30545E-01    0.17136E+00    0.96982E+06    0.82931E+02
   449   -0.91296E+00    0.15360E-01    0.91029E-01    0.97658E+06    0.82408E+02
   450    0.29578E-02    0.00000E+00    0.00000E+00    0.98282E+06    0.81889E+02
   451    0.92480E+00   -0.17093E-01   -0.99948E-01    0.98854E+06    0.81374E+02
   452    0.18550E+01   -0.34455E-01   -0.21041E+00    0.99373E+06    0.80863E+02
   453    0.29434E+01   -0.52095E-01   -0.32828E+00    0.99841E+06    0.80356E+02
   454    0.39685E+01   -0.70766E-01   -0.45412E+00    0.10026E+07    0.79853E+02
   455    0.50060E+01   -0.89735E-01   -0.58705E+00    0.10063E+07    0.79354E+02
   456    0.62058E+01   -0.10975E+00   -0.71948E+00    0.10095E+07    0.78858E+02
   457    0.72721E+01   -0.12935E+00   -0.86463E+00    0.10122E+07    0.78365E+02
   458    0.84291E+01   -0.14927E+00   -0.10030E+01    0.10145E+07    0.77877E+02
   459    0.96038E+01   -0.16878E+00   -0.11494E+01    0.10163E+07    0.77391E+02
   460    0.10798E+02   -0.18938E+00   -0.12969E+01    0.10177E+07    0.76909E+02
   461    0.11938E+02   -0.20960E+00   -0.14453E+01    0.10186E+07    0.76431E+02
   462    0.13099E+02   -0.23018E+00   -0.15879E+01    0.10192E+07    0.75955E+02
   463    0.14210E+02   -0.24965E+00   -0.17422E+01    0.10193E+07    0.75482E+02
   464    0.15271E+02   -0.26877E+00   -0.18778E+01    0.10191E+07    0.75013E+02
   465    0.16283E+02   -0.28753E+00   -0.20233E+01    0.10184E+07    0.74546E+02
   466    0.17323E+02   -0.30670E+00   -0.21557E+01    0.10174E+07    0.74083E+02
   467    0.18391E+02   -0.32480E+00   -0.22888E+01    0.10160E+07    0.73622E+02
   468    0.19340E+02   -0.34183E+00   -0.24144E+01    0.10143E+07    0.73163E+02
   469    0.20246E+02   -0.35930E+00   -0.25390E+01    0.10122E+07    0.72708E+02
   470    0.21185E+02   -0.37498E+00   -0.26542E+01    0.10098E+07    0.72254E+02
   471    0.21861E+02   -0.38889E+00   -0.27592E+01    0.10070E+07    0.71804E+02
   472    0.22646E+02   -0.40251E+00   -0.28606E+01    0.10040E+07    0.71355E+02
   473    0.23319E+02   -0.41513E+00   -0.29498E+01    0.10006E+07    0.70909E+02
   474    0.23956E+02   -0.42599E+00   -0.30336E+01    0.99701E+06    0.70465E+02
   475    0.24558E+02   -0.43661E+00   -0.31036E+01    0.99310E+06    0.70023E+02
   476    0.24977E+02   -0.44475E+00   -0.31610E+01    0.98893E+06    0.69584E+02
   477    0.25290E+02   -0.45192E+00   -0.32148E+01    0.98449E+06    0.69146E+02
   478    0.25572E+02   -0.45812E+00   -0.32453E+01    0.97981E+06    0.68710E+02
   479    0.25751E+02   -0.46188E+00   -0.32762E+01    0.97490E+06    0.68276E+02
   480    0.25826E+02   -0.46395E+00   -0.32874E+01    0.96976E+06    0.67843E+02
   481    0.25801E+02   -0.46435E+00   -0.32816E+01    0.96441E+06    0.67412E+02
   482    0.25750E+02   -0.46233E+00   -0.32638E+01    0.95885E+06    0.66983E+02
   483    0.25451E+02   -0.45865E+00   -0.32355E+01    0.95310E+06    0.66555E+02
   484    0.24982E+02   -0.45258E+00   -0.31897E+01    0.94717E+06    0.66129E+02
   485    0.24565E+02   -0.44487E+00   -0.31271E+01    0.94107E+06    0.65704E+02
   486    0.23979E+02   -0.43404E+00   -0.30489E+01    0.93481E+06    0.65280E+02
   487    0.23226E+02   -0.42085E+00   -0.29543E+01    0.92839E+06    0.64857E+02
   488    0.22307E+02   -0.40604E+00   -0.28417E+01    0.92184E+06    0.64435E+02
   489    0.21297E+02   -0.38815E+00   -0.27116E+01    0.91516E+06    0.64014E+02
   490    0.20198E+02   -0.36718E+00   -0.25625E+01    0.90837E+06    0.63594E+02
   491    0.18789E+02   -0.34389E+00   -0.23962E+01    0.90146E+06    0.63175E+02
   492    0.17368E+02   -0.31754E+00   -0.22113E+01    0.89446E+06    0.62757E+02
   493    0.15787E+02   -0.28962E+00   -0.20054E+01    0.88737E+06    0.62339E+02
   494    0.14048E+02   -0.25718E+00   -0.17812E+01    0.88021E+06    0.61922E+02
   495    0.12078E+02   -0.22245E+00   -0.15364E+01    0.87299E+06    0.61506E+02
   496    0.99535E+01   -0.18396E+00   -0.12716E+01    0.86571E+06    0.61089E+02
   497    0.76746E+01   -0.14246E+00   -0.98510E+00    0.85839E+06    0.60673E+02
   498    0.52431E+01   -0.98705E-01   -0.67901E+00    0.85103E+06    0.60258E+02
   499    0.27346E+01   -0.50472E-01   -0.34946E+00    0.84366E+06    0.59842E+02
   500    0.19211E-02    0.00000E+00    0.00000E+00    0.83627E+06    0.59427E+02
