#    L    TT             EE             TE             PP             TP          
     2    0.32881E+03    0.76987E-10   -0.12111E-04    0.94866E+06    0.32924E+05
     3    0.23053E+03    0.23676E-10    0.77407E-05    0.14538E+07    0.36799E+05
     4    0.17331E+03    0.63658E-11    0.64339E-05    0.18965E+07    0.38097E+05
     5    0.13629E+03    0.21678E-11    0.31803E-05    0.22828E+07    0.38169E+05
     6    0.11056E+03    0.89762E-12    0.26494E-05    0.26193E+07    0.37604E+05
     7    0.91763E+02    0.55445E-12    0.36898E-05    0.29133E+07    0.36701E+05
     8    0.77513E+02    0.58383E-12    0.42225E-05    0.31707E+07    0.35622E+05
     9    0.66409E+02    0.52723E-12    0.35351E-05    0.33968E+07    0.34463E+05
    10    0.57550E+02    0.30674E-12    0.22598E-05    0.35955E+07    0.33273E+05
    11    0.50362E+02    0.11732E-12    0.12477E-05    0.37711E+07    0.32090E+05
    12    0.44575E+02    0.10382E-03   -0.23711E-03    0.39255E+07    0.30925E+05
    13    0.39461E+02    0.83973E-13    0.89223E-06    0.40611E+07    0.29788E+05
    14    0.35224E+02   -0.27194E-04    0.79583E-04    0.41806E+07    0.28691E+05
    15    0.31684E+02    0.12474E-12    0.11502E-05    0.42857E+07    0.27635E+05
    16    0.28570E+02   -0.22586E-04    0.32418E-03    0.43777E+07    0.26622E+05
    17    0.25928E+02    0.77853E-13    0.81864E-06    0.44581E+07    0.25651E+05
    18    0.23159E+02    0.11488E-04   -0.52551E-03    0.45283E+07    0.24724E+05
    19    0.21544E+02    0.38853E-13    0.37523E-06    0.45889E+07    0.23837E+05
    20    0.19771E+02    0.10034E-04   -0.10619E-04    0.46406E+07    0.22987E+05
    21    0.18123E+02    0.24971E-13    0.31147E-06    0.46845E+07    0.22175E+05
    22    0.16735E+02   -0.67106E-05   -0.42712E-04    0.47214E+07    0.21399E+05
    23    0.15408E+02    0.56122E-13    0.51981E-06    0.47520E+07    0.20658E+05
    24    0.14232E+02   -0.45945E-05    0.19327E-03    0.47765E+07    0.19950E+05
    25    0.13216E+02    0.10630E-12    0.68229E-06    0.47958E+07    0.19272E+05
    26    0.12222E+02    0.45677E-05    0.17388E-03    0.48101E+07    0.18624E+05
    27    0.11425E+02    0.10590E-12    0.64185E-06    0.48201E+07    0.18005E+05
    28    0.10624E+02    0.62322E-06   -0.24418E-03    0.48261E+07    0.17412E+05
    29    0.99446E+01    0.63821E-13    0.44994E-06    0.48282E+07    0.16844E+05
    30    0.93688E+01   -0.21393E-05    0.16821E-04    0.48265E+07    0.16299E+05
    31    0.87063E+01    0.32112E-13    0.23218E-06    0.48215E+07    0.15776E+05
    32    0.81312E+01    0.18985E-05    0.16038E-03    0.48138E+07    0.15275E+05
    33    0.76635E+01    0.22625E-13    0.80170E-07    0.48035E+07    0.14795E+05
    34    0.71857E+01    0.58091E-06   -0.27666E-03    0.47907E+07    0.14334E+05
    35    0.67785E+01    0.18869E-13    0.22556E-07    0.47758E+07    0.13892E+05
    36    0.64412E+01   -0.13653E-06    0.46376E-03    0.47588E+07    0.13467E+05
    37    0.60221E+01    0.13636E-13    0.38928E-07    0.47399E+07    0.13060E+05
    38    0.56600E+01    0.41830E-05   -0.55401E-03    0.47194E+07    0.12668E+05
    39    0.53962E+01    0.55145E-05   -0.64621E-03    0.46974E+07    0.12291E+05
    40    0.50805E+01    0.11216E-13    0.11332E-06    0.46738E+07    0.11929E+05
    41    0.49165E+01   -0.10177E-04    0.12920E-02    0.46490E+07    0.11580E+05
    42    0.46664E+01   -0.18179E-04    0.24751E-02    0.46229E+07    0.11244E+05
    43    0.44465E+01   -0.16190E-04    0.26482E-02    0.45957E+07    0.10921E+05
    44    0.40757E+01   -0.11250E-04    0.18017E-02    0.45675E+07    0.10610E+05
    45    0.38929E+01    0.15763E-13    0.15599E-06    0.45384E+07    0.10310E+05
    46    0.37992E+01    0.21386E-04   -0.44409E-02    0.45086E+07    0.10021E+05
    47    0.36526E+01    0.45231E-04   -0.10322E-01    0.44780E+07    0.97425E+04
    48    0.33931E+01    0.68040E-04   -0.13066E-01    0.44468E+07    0.94739E+04
    49    0.31093E+01    0.64032E-04   -0.86922E-02    0.44151E+07    0.92149E+04
    50    0.30383E+01    0.91415E-14    0.86119E-07    0.43828E+07    0.89650E+04
    51    0.29666E+01   -0.15865E-03    0.87114E-02    0.43502E+07    0.87239E+04
    52    0.31064E+01   -0.32573E-03    0.12776E-01    0.43171E+07    0.84911E+04
    53    0.30705E+01   -0.34961E-03    0.92855E-02    0.42838E+07    0.82663E+04
    54    0.27690E+01   -0.23463E-03    0.33016E-02    0.42501E+07    0.80493E+04
    55    0.24091E+01    0.44536E-14    0.27459E-07    0.42162E+07    0.78396E+04
    56    0.22027E+01    0.21343E-03   -0.17291E-02    0.41822E+07    0.76369E+04
    57    0.20837E+01    0.29820E-03   -0.18358E-02    0.41479E+07    0.74410E+04
    58    0.20653E+01    0.26287E-03   -0.12124E-02    0.41135E+07    0.72515E+04
    59    0.20118E+01    0.14575E-03   -0.77348E-03    0.40790E+07    0.70682E+04
    60    0.19364E+01    0.29300E-14    0.24033E-07    0.40444E+07    0.68909E+04
    61    0.21453E+01   -0.80085E-04    0.18113E-02    0.40097E+07    0.67192E+04
    62    0.20381E+01   -0.10301E-03    0.37228E-02    0.39751E+07    0.65530E+04
    63    0.18274E+01   -0.10297E-03    0.47585E-02    0.39404E+07    0.63922E+04
    64    0.18002E+01   -0.62183E-04    0.37191E-02    0.39058E+07    0.62364E+04
    65    0.15751E+01    0.52505E-14    0.43785E-07    0.38712E+07    0.60856E+04
    66    0.14385E+01    0.21984E-04   -0.46037E-02    0.38368E+07    0.59395E+04
    67    0.12292E+01    0.10896E-04   -0.77600E-02    0.38026E+07    0.57981E+04
    68    0.12310E+01    0.13330E-04   -0.83024E-02    0.37685E+07    0.56610E+04
    69    0.12079E+01   -0.58331E-05   -0.49903E-02    0.37346E+07    0.55283E+04
    70    0.12953E+01    0.83914E-14    0.52871E-07    0.37008E+07    0.53996E+04
    71    0.13373E+01    0.25785E-04    0.38996E-02    0.36673E+07    0.52749E+04
    72    0.13507E+01    0.53062E-04    0.55055E-02    0.36340E+07    0.51540E+04
    73    0.12840E+01    0.56304E-04    0.45079E-02    0.36010E+07    0.50367E+04
    74    0.11600E+01    0.32269E-04    0.20827E-02    0.35681E+07    0.49230E+04
    75    0.10758E+01    0.60006E-14    0.42411E-07    0.35355E+07    0.48126E+04
    76    0.97236E+00   -0.30693E-04   -0.95234E-03    0.35031E+07    0.47054E+04
    77    0.90989E+00   -0.57223E-04   -0.10189E-02    0.34709E+07    0.46014E+04
    78    0.94113E+00   -0.41664E-04   -0.21692E-02    0.34390E+07    0.45004E+04
    79    0.89597E+00   -0.27803E-04   -0.11730E-02    0.34074E+07    0.44023E+04
    80    0.90143E+00    0.26253E-14    0.26480E-07    0.33760E+07    0.43070E+04
    81    0.86626E+00    0.27379E-05    0.31531E-03    0.33450E+07    0.42145E+04
    82    0.86600E+00    0.12525E-04    0.24967E-03    0.33142E+07    0.41247E+04
    83    0.83220E+00    0.14258E-04   -0.27075E-03    0.32837E+07    0.40374E+04
    84    0.84497E+00    0.15117E-04    0.16588E-03    0.32536E+07    0.39526E+04
    85    0.76157E+00    0.17814E-14    0.16226E-07    0.32238E+07    0.38702E+04
    86    0.66138E+00   -0.80104E-05   -0.13641E-03    0.31943E+07    0.37902E+04
    87    0.76940E+00   -0.26216E-04    0.24021E-03    0.31651E+07    0.37123E+04
    88    0.64134E+00   -0.26302E-04    0.83362E-03    0.31363E+07    0.36367E+04
    89    0.65005E+00   -0.96688E-05   -0.13813E-03    0.31077E+07    0.35631E+04
    90    0.64836E+00    0.13126E-14    0.12323E-07    0.30796E+07    0.34915E+04
    91    0.56378E+00    0.88892E-05    0.16983E-03    0.30517E+07    0.34218E+04
    92    0.54814E+00    0.16379E-04    0.62229E-03    0.30242E+07    0.33540E+04
    93    0.60505E+00    0.29435E-04    0.82642E-03    0.29970E+07    0.32879E+04
    94    0.51530E+00    0.25308E-04    0.17369E-02    0.29701E+07    0.32237E+04
    95    0.50535E+00    0.18391E-04    0.20800E-02    0.29436E+07    0.31611E+04
    96    0.28170E+00    0.82198E-05    0.20674E-02    0.29174E+07    0.31002E+04
    97    0.29367E+00   -0.56680E-05    0.19112E-02    0.28915E+07    0.30409E+04
    98    0.32204E+00   -0.16308E-04    0.33087E-02    0.28659E+07    0.29832E+04
    99    0.22187E+00   -0.46450E-04    0.27578E-02    0.28406E+07    0.29271E+04
   100    0.21962E+00   -0.81699E-04    0.41844E-02    0.28157E+07    0.28724E+04
   101    0.17036E+00   -0.48236E-04    0.40862E-02    0.27910E+07    0.28192E+04
   102    0.44913E+00   -0.80235E-04    0.41607E-02    0.27667E+07    0.27673E+04
   103    0.46528E+00   -0.89020E-04    0.31342E-02    0.27426E+07    0.27168E+04
   104    0.51958E+00   -0.60196E-04    0.34469E-02    0.27189E+07    0.26676E+04
   105    0.54136E+00   -0.53656E-04    0.30823E-02    0.26955E+07    0.26197E+04
   106    0.60853E+00    0.19279E-04    0.22523E-02    0.26723E+07    0.25730E+04
   107    0.42759E+00    0.24434E-04    0.19114E-02    0.26495E+07    0.25274E+04
   108    0.44785E+00    0.50485E-04    0.78595E-03    0.26269E+07    0.24830E+04
   109    0.45010E+00    0.37543E-04   -0.16942E-03    0.26047E+07    0.24396E+04
   110    0.36367E+00    0.37504E-15    0.44332E-08    0.25827E+07    0.23972E+04
   111    0.26717E+00    0.25783E-04   -0.72092E-03    0.25610E+07    0.23559E+04
   112    0.16770E+00    0.51254E-04   -0.21128E-02    0.25396E+07    0.23155E+04
   113    0.14733E+00    0.86308E-04   -0.32119E-02    0.25185E+07    0.22760E+04
   114    0.65313E-01    0.66557E-04   -0.37972E-02    0.24976E+07    0.22375E+04
   115    0.77999E-01    0.15046E-03   -0.43908E-02    0.24770E+07    0.21999E+04
   116   -0.29661E-01    0.12507E-03   -0.47717E-02    0.24567E+07    0.21631E+04
   117    0.47264E-01    0.74553E-04   -0.47190E-02    0.24367E+07    0.21272E+04
   118    0.16801E+00    0.15738E-03   -0.54974E-02    0.24169E+07    0.20921E+04
   119    0.19180E+00    0.23488E-03   -0.54004E-02    0.23974E+07    0.20579E+04
   120    0.27500E+00    0.16838E-03   -0.49499E-02    0.23781E+07    0.20244E+04
   121    0.27684E+00    0.26490E-03   -0.46678E-02    0.23591E+07    0.19917E+04
   122    0.27941E+00    0.23721E-03   -0.43333E-02    0.23404E+07    0.19598E+04
   123    0.29050E+00    0.16949E-03   -0.44681E-02    0.23218E+07    0.19286E+04
   124    0.31792E+00    0.14592E-03   -0.26230E-02    0.23036E+07    0.18981E+04
   125    0.29516E+00    0.10210E-03   -0.15484E-02    0.22856E+07    0.18682E+04
   126    0.30433E+00    0.12222E-03   -0.10233E-02    0.22678E+07    0.18391E+04
   127    0.27892E+00    0.67608E-04   -0.82677E-03    0.22502E+07    0.18106E+04
   128    0.22674E+00    0.96719E-04   -0.73800E-03    0.22329E+07    0.17827E+04
   129    0.22987E+00    0.70884E-04   -0.53605E-03    0.22158E+07    0.17554E+04
   130    0.22183E+00    0.18752E-14    0.70202E-08    0.21989E+07    0.17287E+04
   131    0.21074E+00    0.40701E-04   -0.11275E-02    0.21823E+07    0.17026E+04
   132    0.28037E+00    0.45184E-04   -0.14194E-02    0.21659E+07    0.16770E+04
   133    0.29194E+00    0.86669E-04   -0.35664E-02    0.21496E+07    0.16519E+04
   134    0.32956E+00    0.16409E-03   -0.35737E-02    0.21336E+07    0.16274E+04
   135    0.40302E+00    0.20211E-03   -0.48750E-02    0.21178E+07    0.16034E+04
   136    0.37357E+00    0.19965E-03   -0.42183E-02    0.21023E+07    0.15799E+04
   137    0.39959E+00    0.22994E-03   -0.42943E-02    0.20869E+07    0.15569E+04
   138    0.41658E+00    0.21763E-03   -0.40796E-02    0.20717E+07    0.15343E+04
   139    0.28580E+00    0.31022E-03   -0.32936E-02    0.20567E+07    0.15122E+04
   140    0.31418E+00    0.28381E-03   -0.31413E-02    0.20418E+07    0.14906E+04
   141    0.21440E+00    0.21161E-03   -0.18566E-02    0.20272E+07    0.14694E+04
   142    0.21912E+00    0.16683E-03   -0.64437E-03    0.20128E+07    0.14487E+04
   143    0.26384E+00    0.14843E-03    0.33035E-04    0.19985E+07    0.14283E+04
   144    0.20983E+00    0.81045E-04    0.45625E-03    0.19844E+07    0.14084E+04
   145    0.14115E+00    0.11218E-03    0.90586E-03    0.19705E+07    0.13888E+04
   146    0.29048E+00    0.17933E-04    0.91965E-03    0.19567E+07    0.13697E+04
   147    0.22192E+00    0.20080E-04    0.15210E-02    0.19431E+07    0.13509E+04
   148    0.16812E+00   -0.31007E-04    0.76213E-03    0.19297E+07    0.13324E+04
   149    0.21318E+00   -0.62107E-04   -0.33364E-03    0.19164E+07    0.13143E+04
   150    0.14405E+00    0.18752E-15    0.11192E-08    0.19033E+07    0.12966E+04
   151    0.11878E+00    0.77267E-04   -0.16144E-02    0.18903E+07    0.12791E+04
   152   -0.29715E-02    0.80850E-04   -0.38724E-02    0.18775E+07    0.12620E+04
   153   -0.64753E-01    0.14206E-03   -0.46709E-02    0.18648E+07    0.12452E+04
   154   -0.13295E+00    0.24362E-03   -0.63636E-02    0.18522E+07    0.12287E+04
   155   -0.19967E+00    0.36829E-03   -0.83328E-02    0.18398E+07    0.12125E+04
   156   -0.40557E+00    0.49880E-03   -0.10704E-01    0.18276E+07    0.11966E+04
   157   -0.44565E+00    0.61790E-03   -0.12116E-01    0.18154E+07    0.11809E+04
   158   -0.53484E+00    0.78259E-03   -0.13437E-01    0.18034E+07    0.11656E+04
   159   -0.66525E+00    0.82706E-03   -0.14794E-01    0.17916E+07    0.11505E+04
   160   -0.75471E+00    0.88262E-03   -0.14824E-01    0.17798E+07    0.11357E+04
   161   -0.79533E+00    0.10063E-02   -0.15139E-01    0.17682E+07    0.11211E+04
   162   -0.85348E+00    0.10322E-02   -0.15864E-01    0.17567E+07    0.11069E+04
   163   -0.77271E+00    0.10175E-02   -0.15639E-01    0.17453E+07    0.10928E+04
   164   -0.84225E+00    0.10190E-02   -0.16075E-01    0.17341E+07    0.10790E+04
   165   -0.75709E+00    0.94538E-03   -0.15068E-01    0.17229E+07    0.10655E+04
   166   -0.65788E+00    0.92781E-03   -0.14230E-01    0.17119E+07    0.10522E+04
   167   -0.46246E+00    0.72622E-03   -0.14427E-01    0.17010E+07    0.10391E+04
   168   -0.38578E+00    0.69477E-03   -0.13558E-01    0.16902E+07    0.10263E+04
   169   -0.27137E+00    0.51905E-03   -0.11747E-01    0.16795E+07    0.10136E+04
   170   -0.11134E+00    0.40467E-03   -0.10605E-01    0.16689E+07    0.10012E+04
   171   -0.46364E-01    0.33435E-03   -0.80286E-02    0.16585E+07    0.98898E+03
   172    0.57367E-02    0.21656E-03   -0.56291E-02    0.16481E+07    0.97696E+03
   173   -0.21426E-01    0.34034E-04   -0.35315E-02    0.16378E+07    0.96514E+03
   174    0.28609E-01    0.66645E-04   -0.18610E-02    0.16276E+07    0.95351E+03
   175    0.89455E-01    0.00000E+00   -0.52985E-10    0.16175E+07    0.94206E+03
   176    0.20561E-01    0.36738E-04    0.19737E-02    0.16075E+07    0.93079E+03
   177   -0.20993E-01    0.70562E-04    0.26861E-02    0.15976E+07    0.91969E+03
   178   -0.10086E+00    0.28936E-03    0.37823E-02    0.15878E+07    0.90877E+03
   179   -0.21039E+00    0.36102E-03    0.54213E-02    0.15780E+07    0.89801E+03
   180   -0.19241E+00    0.47345E-03    0.62767E-02    0.15684E+07    0.88742E+03
   181   -0.26110E+00    0.59167E-03    0.65077E-02    0.15588E+07    0.87700E+03
   182   -0.33357E+00    0.75500E-03    0.77592E-02    0.15493E+07    0.86673E+03
   183   -0.47546E+00    0.85420E-03    0.87047E-02    0.15399E+07    0.85662E+03
   184   -0.52956E+00    0.92858E-03    0.10246E-01    0.15306E+07    0.84667E+03
   185   -0.56153E+00    0.10917E-02    0.10315E-01    0.15214E+07    0.83686E+03
   186   -0.93415E+00    0.11676E-02    0.12040E-01    0.15122E+07    0.82721E+03
   187   -0.97023E+00    0.12623E-02    0.14096E-01    0.15031E+07    0.81770E+03
   188   -0.10326E+01    0.13260E-02    0.15157E-01    0.14941E+07    0.80833E+03
   189   -0.11868E+01    0.13610E-02    0.16867E-01    0.14852E+07    0.79910E+03
   190   -0.97854E+00    0.13842E-02    0.17157E-01    0.14763E+07    0.79000E+03
   191   -0.11421E+01    0.13829E-02    0.19157E-01    0.14675E+07    0.78104E+03
   192   -0.11487E+01    0.13446E-02    0.20798E-01    0.14588E+07    0.77221E+03
   193   -0.12128E+01    0.12787E-02    0.20754E-01    0.14502E+07    0.76351E+03
   194   -0.11027E+01    0.11801E-02    0.21412E-01    0.14416E+07    0.75493E+03
   195   -0.10326E+01    0.10509E-02    0.20704E-01    0.14331E+07    0.74647E+03
   196   -0.99406E+00    0.89326E-03    0.19530E-01    0.14246E+07    0.73813E+03
   197   -0.82973E+00    0.71685E-03    0.16565E-01    0.14162E+07    0.72991E+03
   198   -0.60530E+00    0.50895E-03    0.12711E-01    0.14079E+07    0.72179E+03
   199   -0.31213E+00    0.27175E-03    0.73839E-02    0.13996E+07    0.71379E+03
   200    0.58419E-01    0.00000E+00    0.40774E-11    0.13914E+07    0.70589E+03
   201    0.43911E+00   -0.28135E-03   -0.84539E-02    0.13833E+07    0.69809E+03
   202    0.90495E+00   -0.59737E-03   -0.18882E-01    0.13752E+07    0.69040E+03
   203    0.13808E+01   -0.92061E-03   -0.29875E-01    0.13671E+07    0.68281E+03
   204    0.17916E+01   -0.12608E-02   -0.43737E-01    0.13592E+07    0.67532E+03
   205    0.22849E+01   -0.16054E-02   -0.57575E-01    0.13512E+07    0.66792E+03
   206    0.27114E+01   -0.19491E-02   -0.71984E-01    0.13434E+07    0.66063E+03
   207    0.32188E+01   -0.23019E-02   -0.86745E-01    0.13356E+07    0.65343E+03
   208    0.35835E+01   -0.26435E-02   -0.10171E+00    0.13278E+07    0.64632E+03
   209    0.39530E+01   -0.29838E-02   -0.11658E+00    0.13201E+07    0.63931E+03
   210    0.43265E+01   -0.33028E-02   -0.13159E+00    0.13124E+07    0.63239E+03
   211    0.47033E+01   -0.36027E-02   -0.14613E+00    0.13048E+07    0.62556E+03
   212    0.49338E+01   -0.38858E-02   -0.16047E+00    0.12973E+07    0.61883E+03
   213    0.52402E+01   -0.41395E-02   -0.17389E+00    0.12898E+07    0.61218E+03
   214    0.54728E+01   -0.44033E-02   -0.18694E+00    0.12823E+07    0.60562E+03
   215    0.57053E+01   -0.45160E-02   -0.19969E+00    0.12749E+07    0.59915E+03
   216    0.58624E+01   -0.46954E-02   -0.21095E+00    0.12675E+07    0.59277E+03
   217    0.60919E+01   -0.48174E-02   -0.22206E+00    0.12602E+07    0.58647E+03
   218    0.62444E+01   -0.49140E-02   -0.23214E+00    0.12530E+07    0.58025E+03
   219    0.63932E+01   -0.50172E-02   -0.23956E+00    0.12457E+07    0.57411E+03
   220    0.65375E+01   -0.50105E-02   -0.24809E+00    0.12386E+07    0.56806E+03
   221    0.66765E+01   -0.50002E-02   -0.25486E+00    0.12314E+07    0.56209E+03
   222    0.68094E+01   -0.48696E-02   -0.26067E+00    0.12244E+07    0.55620E+03
   223    0.67866E+01   -0.47250E-02   -0.26412E+00    0.12173E+07    0.55038E+03
   224    0.69045E+01   -0.45985E-02   -0.26826E+00    0.12103E+07    0.54464E+03
   225    0.69394E+01   -0.43735E-02   -0.26945E+00    0.12034E+07    0.53898E+03
   226    0.69647E+01   -0.40820E-02   -0.27073E+00    0.11964E+07    0.53339E+03
   227    0.69053E+01   -0.37559E-02   -0.26996E+00    0.11896E+07    0.52788E+03
   228    0.69089E+01   -0.34273E-02   -0.26795E+00    0.11827E+07    0.52244E+03
   229    0.69003E+01   -0.30538E-02   -0.26553E+00    0.11759E+07    0.51707E+03
   230    0.68045E+01   -0.26675E-02   -0.26128E+00    0.11692E+07    0.51177E+03
   231    0.66205E+01   -0.22262E-02   -0.25528E+00    0.11625E+07    0.50654E+03
   232    0.64961E+01   -0.18360E-02   -0.24836E+00    0.11558E+07    0.50137E+03
   233    0.63561E+01   -0.13061E-02   -0.24132E+00    0.11491E+07    0.49628E+03
   234    0.60512E+01   -0.81706E-03   -0.23276E+00    0.11425E+07    0.49125E+03
   235    0.58033E+01   -0.32665E-03   -0.22351E+00    0.11360E+07    0.48628E+03
   236    0.54629E+01    0.13318E-03   -0.21288E+00    0.11294E+07    0.48138E+03
   237    0.51037E+01    0.60470E-03   -0.20172E+00    0.11229E+07    0.47653E+03
   238    0.47246E+01    0.11302E-02   -0.18933E+00    0.11164E+07    0.47175E+03
   239    0.43991E+01    0.15291E-02   -0.17582E+00    0.11100E+07    0.46703E+03
   240    0.39035E+01    0.18438E-02   -0.16272E+00    0.11036E+07    0.46237E+03
   241    0.35341E+01    0.21907E-02   -0.14865E+00    0.10972E+07    0.45777E+03
   242    0.31415E+01    0.23893E-02   -0.13367E+00    0.10909E+07    0.45322E+03
   243    0.27247E+01    0.25562E-02   -0.11859E+00    0.10846E+07    0.44873E+03
   244    0.22831E+01    0.25851E-02   -0.10203E+00    0.10783E+07    0.44429E+03
   245    0.18157E+01    0.25182E-02   -0.86270E-01    0.10720E+07    0.43990E+03
   246    0.13959E+01    0.23237E-02   -0.69168E-01    0.10658E+07    0.43557E+03
   247    0.10229E+01    0.18952E-02   -0.52285E-01    0.10596E+07    0.43129E+03
   248    0.62156E+00    0.15721E-02   -0.34955E-01    0.10534E+07    0.42706E+03
   249    0.33959E+00    0.80248E-03   -0.17253E-01    0.10473E+07    0.42287E+03
   250    0.27564E-01    0.00000E+00    0.00000E+00    0.10412E+07    0.41874E+03
   251   -0.16830E+00   -0.11553E-02    0.18203E-01    0.10351E+07    0.41465E+03
   252   -0.47925E+00   -0.24267E-02    0.36481E-01    0.10290E+07    0.41060E+03
   253   -0.54378E+00   -0.40141E-02    0.53948E-01    0.10230E+07    0.40660E+03
   254   -0.66891E+00   -0.55973E-02    0.71205E-01    0.10169E+07    0.40265E+03
   255   -0.79026E+00   -0.74504E-02    0.88851E-01    0.10110E+07    0.39874E+03
   256   -0.84346E+00   -0.91791E-02    0.10749E+00    0.10050E+07    0.39487E+03
   257   -0.83839E+00   -0.11206E-01    0.11954E+00    0.99907E+06    0.39105E+03
   258   -0.85926E+00   -0.13137E-01    0.13824E+00    0.99318E+06    0.38728E+03
   259   -0.84167E+00   -0.15097E-01    0.14933E+00    0.98732E+06    0.38354E+03
   260   -0.72124E+00   -0.17063E-01    0.16826E+00    0.98149E+06    0.37985E+03
   261   -0.65644E+00   -0.19087E-01    0.17336E+00    0.97570E+06    0.37620E+03
   262   -0.65717E+00   -0.20923E-01    0.18751E+00    0.96994E+06    0.37259E+03
   263   -0.36192E+00   -0.22770E-01    0.20387E+00    0.96422E+06    0.36902E+03
   264   -0.22629E+00   -0.24532E-01    0.21562E+00    0.95854E+06    0.36550E+03
   265   -0.18589E+00   -0.26259E-01    0.21593E+00    0.95289E+06    0.36201E+03
   266   -0.27777E-01   -0.27706E-01    0.22769E+00    0.94729E+06    0.35857E+03
   267    0.15299E-01   -0.29221E-01    0.22921E+00    0.94172E+06    0.35516E+03
   268    0.82004E-01   -0.30410E-01    0.23595E+00    0.93620E+06    0.35180E+03
   269    0.13870E-01   -0.31547E-01    0.24107E+00    0.93072E+06    0.34847E+03
   270    0.98129E-01   -0.32534E-01    0.24519E+00    0.92528E+06    0.34518E+03
   271    0.10203E+00   -0.33424E-01    0.24889E+00    0.91989E+06    0.34193E+03
   272    0.23852E+00   -0.33894E-01    0.24536E+00    0.91455E+06    0.33872E+03
   273    0.27486E+00   -0.34518E-01    0.25005E+00    0.90925E+06    0.33555E+03
   274    0.34969E+00   -0.34678E-01    0.24127E+00    0.90399E+06    0.33241E+03
   275    0.37885E+00   -0.34870E-01    0.24190E+00    0.89879E+06    0.32931E+03
   276    0.50100E+00   -0.34849E-01    0.23027E+00    0.89364E+06    0.32624E+03
   277    0.48338E+00   -0.34591E-01    0.22926E+00    0.88853E+06    0.32321E+03
   278    0.53894E+00   -0.34149E-01    0.21717E+00    0.88348E+06    0.32022E+03
   279    0.58351E+00   -0.33573E-01    0.20206E+00    0.87848E+06    0.31726E+03
   280    0.60717E+00   -0.32841E-01    0.19935E+00    0.87354E+06    0.31433E+03
   281    0.74860E+00   -0.31854E-01    0.18738E+00    0.86865E+06    0.31144E+03
   282    0.70076E+00   -0.30888E-01    0.17418E+00    0.86381E+06    0.30859E+03
   283    0.75088E+00   -0.29696E-01    0.16033E+00    0.85903E+06    0.30576E+03
   284    0.81478E+00   -0.28329E-01    0.14644E+00    0.85431E+06    0.30297E+03
   285    0.88256E+00   -0.26765E-01    0.13312E+00    0.84965E+06    0.30022E+03
   286    0.87003E+00   -0.25130E-01    0.11352E+00    0.84504E+06    0.29749E+03
   287    0.84157E+00   -0.23399E-01    0.10312E+00    0.84050E+06    0.29480E+03
   288    0.86157E+00   -0.21551E-01    0.87651E-01    0.83602E+06    0.29213E+03
   289    0.84584E+00   -0.19636E-01    0.75142E-01    0.83160E+06    0.28950E+03
   290    0.85877E+00   -0.17779E-01    0.66194E-01    0.82724E+06    0.28690E+03
   291    0.89045E+00   -0.15217E-01    0.46550E-01    0.82295E+06    0.28433E+03
   292    0.63385E+00   -0.13038E-01    0.39095E-01    0.81873E+06    0.28179E+03
   293    0.67334E+00   -0.11592E-01    0.22144E-01    0.81457E+06    0.27928E+03
   294    0.55331E+00   -0.93704E-02    0.18583E-01    0.81047E+06    0.27679E+03
   295    0.63527E+00   -0.78354E-02    0.67261E-02    0.80645E+06    0.27434E+03
   296    0.53792E+00   -0.54786E-02    0.20301E-02    0.80249E+06    0.27191E+03
   297    0.47420E+00   -0.45053E-02    0.50950E-02    0.79861E+06    0.26951E+03
   298    0.28564E+00   -0.26641E-02    0.16641E-02    0.79480E+06    0.26714E+03
   299    0.18520E+00   -0.67475E-03   -0.23422E-03    0.79106E+06    0.26480E+03
   300    0.14396E-01    0.00000E+00    0.00000E+00    0.78739E+06    0.26248E+03
   301   -0.16224E+00    0.87705E-03    0.10259E-01    0.78379E+06    0.26018E+03
   302   -0.27966E+00    0.12775E-02    0.30463E-01    0.78027E+06    0.25792E+03
   303   -0.42122E+00    0.20163E-02    0.45537E-01    0.77681E+06    0.25568E+03
   304   -0.59600E+00    0.31656E-02    0.55267E-01    0.77342E+06    0.25346E+03
   305   -0.73881E+00    0.33118E-02    0.74293E-01    0.77008E+06    0.25127E+03
   306   -0.93301E+00    0.32699E-02    0.94968E-01    0.76680E+06    0.24911E+03
   307   -0.11134E+01    0.31120E-02    0.10965E+00    0.76356E+06    0.24696E+03
   308   -0.12891E+01    0.43959E-02    0.14041E+00    0.76038E+06    0.24485E+03
   309   -0.13948E+01    0.42224E-02    0.15731E+00    0.75723E+06    0.24275E+03
   310   -0.15883E+01    0.34063E-02    0.18242E+00    0.75412E+06    0.24069E+03
   311   -0.17301E+01    0.42485E-02    0.20067E+00    0.75105E+06    0.23864E+03
   312   -0.18291E+01    0.38496E-02    0.22671E+00    0.74801E+06    0.23662E+03
   313   -0.19689E+01    0.37674E-02    0.24545E+00    0.74499E+06    0.23462E+03
   314   -0.20842E+01    0.40740E-02    0.27154E+00    0.74199E+06    0.23264E+03
   315   -0.21840E+01    0.33559E-02    0.28990E+00    0.73902E+06    0.23069E+03
   316   -0.22775E+01    0.31709E-02    0.30775E+00    0.73605E+06    0.22875E+03
   317   -0.23738E+01    0.21055E-02    0.32487E+00    0.73310E+06    0.22684E+03
   318   -0.24819E+01    0.24602E-02    0.34105E+00    0.73015E+06    0.22496E+03
   319   -0.25367E+01    0.20787E-02    0.35606E+00    0.72720E+06    0.22309E+03
   320   -0.25471E+01    0.17759E-02    0.37712E+00    0.72425E+06    0.22124E+03
   321   -0.25967E+01    0.23668E-02    0.38916E+00    0.72129E+06    0.21942E+03
   322   -0.26201E+01    0.16949E-02    0.39938E+00    0.71833E+06    0.21761E+03
   323   -0.26265E+01    0.13182E-02    0.40758E+00    0.71534E+06    0.21583E+03
   324   -0.26250E+01    0.20516E-02    0.40610E+00    0.71234E+06    0.21407E+03
   325   -0.25503E+01    0.25286E-03    0.41702E+00    0.70932E+06    0.21232E+03
   326   -0.25602E+01    0.45130E-03    0.41041E+00    0.70627E+06    0.21060E+03
   327   -0.25150E+01    0.49047E-03    0.40833E+00    0.70319E+06    0.20889E+03
   328   -0.24240E+01   -0.30035E-03    0.41057E+00    0.70007E+06    0.20721E+03
   329   -0.23704E+01   -0.36335E-03    0.40205E+00    0.69692E+06    0.20554E+03
   330   -0.22892E+01   -0.11121E-02    0.38999E+00    0.69372E+06    0.20389E+03
   331   -0.21150E+01   -0.17316E-02    0.38160E+00    0.69047E+06    0.20226E+03
   332   -0.20055E+01   -0.14070E-02    0.37666E+00    0.68718E+06    0.20065E+03
   333   -0.18956E+01   -0.15517E-02    0.36752E+00    0.68383E+06    0.19906E+03
   334   -0.17200E+01   -0.13509E-02    0.35398E+00    0.68042E+06    0.19748E+03
   335   -0.16364E+01   -0.22180E-02    0.33582E+00    0.67694E+06    0.19592E+03
   336   -0.15052E+01   -0.25953E-02    0.32024E+00    0.67340E+06    0.19438E+03
   337   -0.13357E+01   -0.24107E-02    0.29217E+00    0.66979E+06    0.19286E+03
   338   -0.12111E+01   -0.30777E-02    0.27369E+00    0.66611E+06    0.19135E+03
   339   -0.99198E+00   -0.22956E-02    0.24972E+00    0.66234E+06    0.18985E+03
   340   -0.83597E+00   -0.22210E-02    0.23489E+00    0.65849E+06    0.18838E+03
   341   -0.75217E+00   -0.27816E-02    0.20672E+00    0.65455E+06    0.18692E+03
   342   -0.60109E+00   -0.16768E-02    0.17983E+00    0.65053E+06    0.18547E+03
   343   -0.46609E+00   -0.18059E-02    0.15401E+00    0.64640E+06    0.18404E+03
   344   -0.28199E+00   -0.16110E-02    0.12905E+00    0.64218E+06    0.18263E+03
   345   -0.20642E+00   -0.17629E-02    0.10473E+00    0.63785E+06    0.18123E+03
   346   -0.99906E-01   -0.70383E-03    0.88264E-01    0.63342E+06    0.17984E+03
   347   -0.45817E-01   -0.59009E-03    0.64572E-01    0.62887E+06    0.17847E+03
   348    0.21048E-01   -0.60675E-03    0.40871E-01    0.62421E+06    0.17711E+03
   349    0.17321E-01    0.61127E-04    0.16943E-01    0.61943E+06    0.17577E+03
   350    0.82020E-02    0.00000E+00    0.00000E+00    0.61452E+06    0.17444E+03
   351    0.13446E+00    0.76342E-03   -0.17693E-01    0.60949E+06    0.17312E+03
   352    0.22057E-01    0.16595E-02   -0.36808E-01    0.60435E+06    0.17182E+03
   353   -0.33227E-01    0.19922E-02   -0.43252E-01    0.59911E+06    0.17053E+03
   354   -0.18130E+00    0.25510E-02   -0.60074E-01    0.59378E+06    0.16925E+03
   355   -0.27493E+00    0.33826E-02   -0.73179E-01    0.58837E+06    0.16798E+03
   356   -0.38975E+00    0.45338E-02   -0.75903E-01    0.58291E+06    0.16673E+03
   357   -0.52710E+00    0.53084E-02   -0.83866E-01    0.57741E+06    0.16549E+03
   358   -0.61404E+00    0.50104E-02   -0.82973E-01    0.57188E+06    0.16426E+03
   359   -0.80048E+00    0.51721E-02   -0.88846E-01    0.56633E+06    0.16305E+03
   360   -0.93919E+00    0.58403E-02   -0.91104E-01    0.56078E+06    0.16184E+03
   361   -0.11058E+01    0.63189E-02   -0.94968E-01    0.55524E+06    0.16065E+03
   362   -0.12274E+01    0.66545E-02   -0.98230E-01    0.54972E+06    0.15947E+03
   363   -0.13795E+01    0.76368E-02   -0.99424E-01    0.54425E+06    0.15830E+03
   364   -0.14893E+01    0.70839E-02   -0.10303E+00    0.53883E+06    0.15714E+03
   365   -0.16324E+01    0.72711E-02   -0.10386E+00    0.53348E+06    0.15600E+03
   366   -0.17358E+01    0.75022E-02   -0.10566E+00    0.52821E+06    0.15486E+03
   367   -0.18008E+01    0.63384E-02   -0.10696E+00    0.52303E+06    0.15374E+03
   368   -0.19775E+01    0.60549E-02   -0.10704E+00    0.51797E+06    0.15262E+03
   369   -0.19699E+01    0.59554E-02   -0.10888E+00    0.51303E+06    0.15152E+03
   370   -0.20023E+01    0.53441E-02   -0.10806E+00    0.50823E+06    0.15043E+03
   371   -0.20760E+01    0.42674E-02   -0.10905E+00    0.50358E+06    0.14935E+03
   372   -0.21181E+01    0.35151E-02   -0.10815E+00    0.49909E+06    0.14828E+03
   373   -0.21299E+01    0.23910E-02   -0.10911E+00    0.49478E+06    0.14722E+03
   374   -0.21128E+01    0.16846E-02   -0.10896E+00    0.49067E+06    0.14617E+03
   375   -0.21424E+01    0.69991E-03   -0.10848E+00    0.48677E+06    0.14513E+03
   376   -0.20715E+01    0.22640E-03   -0.10842E+00    0.48309E+06    0.14410E+03
   377   -0.19756E+01   -0.11748E-02   -0.10658E+00    0.47964E+06    0.14308E+03
   378   -0.19305E+01   -0.27143E-02   -0.10670E+00    0.47644E+06    0.14206E+03
   379   -0.18631E+01   -0.36023E-02   -0.10507E+00    0.47351E+06    0.14106E+03
   380   -0.17006E+01   -0.37922E-02   -0.10469E+00    0.47085E+06    0.14007E+03
   381   -0.15928E+01   -0.69515E-02   -0.10335E+00    0.46849E+06    0.13909E+03
   382   -0.15411E+01   -0.78336E-02   -0.10108E+00    0.46643E+06    0.13811E+03
   383   -0.13983E+01   -0.93631E-02   -0.10012E+00    0.46469E+06    0.13715E+03
   384   -0.11657E+01   -0.11493E-01   -0.97518E-01    0.46328E+06    0.13619E+03
   385   -0.10675E+01   -0.11949E-01   -0.95526E-01    0.46223E+06    0.13524E+03
   386   -0.88212E+00   -0.12912E-01   -0.92679E-01    0.46153E+06    0.13431E+03
   387   -0.75958E+00   -0.14335E-01   -0.89739E-01    0.46121E+06    0.13338E+03
   388   -0.62689E+00   -0.15429E-01   -0.85984E-01    0.46127E+06    0.13245E+03
   389   -0.48541E+00   -0.18376E-01   -0.82178E-01    0.46175E+06    0.13154E+03
   390   -0.33647E+00   -0.17929E-01   -0.76854E-01    0.46263E+06    0.13063E+03
   391   -0.18142E+00   -0.18499E-01   -0.72262E-01    0.46395E+06    0.12973E+03
   392   -0.95870E-01   -0.17067E-01   -0.66193E-01    0.46572E+06    0.12884E+03
   393    0.67391E-01   -0.16558E-01   -0.60155E-01    0.46794E+06    0.12796E+03
   394    0.15846E+00   -0.15439E-01   -0.52680E-01    0.47064E+06    0.12708E+03
   395    0.17599E+00   -0.14407E-01   -0.46019E-01    0.47383E+06    0.12622E+03
   396    0.26720E+00   -0.12673E-01   -0.37369E-01    0.47751E+06    0.12536E+03
   397    0.20791E+00   -0.10189E-01   -0.28831E-01    0.48171E+06    0.12450E+03
   398    0.21963E+00   -0.76510E-02   -0.19829E-01    0.48644E+06    0.12365E+03
   399    0.15244E+00   -0.42704E-02   -0.10259E-01    0.49172E+06    0.12281E+03
   400    0.49982E-02    0.00000E+00    0.00000E+00    0.49755E+06    0.12198E+03
   401   -0.14824E+00    0.44423E-02    0.10795E-01    0.50395E+06    0.12115E+03
   402   -0.30107E+00    0.89950E-02    0.22317E-01    0.51089E+06    0.12033E+03
   403   -0.52006E+00    0.15060E-01    0.34445E-01    0.51836E+06    0.11952E+03
   404   -0.79750E+00    0.21069E-01    0.48024E-01    0.52633E+06    0.11871E+03
   405   -0.10514E+01    0.26938E-01    0.61523E-01    0.53479E+06    0.11791E+03
   406   -0.14226E+01    0.34070E-01    0.76456E-01    0.54370E+06    0.11711E+03
   407   -0.17548E+01    0.40895E-01    0.90621E-01    0.55305E+06    0.11633E+03
   408   -0.21146E+01    0.48074E-01    0.10776E+00    0.56280E+06    0.11554E+03
   409   -0.24200E+01    0.56265E-01    0.12493E+00    0.57295E+06    0.11477E+03
   410   -0.28119E+01    0.63157E-01    0.14217E+00    0.58347E+06    0.11400E+03
   411   -0.31339E+01    0.70895E-01    0.16097E+00    0.59433E+06    0.11323E+03
   412   -0.35269E+01    0.78652E-01    0.17990E+00    0.60551E+06    0.11248E+03
   413   -0.39090E+01    0.86346E-01    0.19971E+00    0.61699E+06    0.11172E+03
   414   -0.43466E+01    0.93893E-01    0.21969E+00    0.62874E+06    0.11098E+03
   415   -0.46836E+01    0.10195E+00    0.24136E+00    0.64075E+06    0.11024E+03
   416   -0.50607E+01    0.10896E+00    0.26252E+00    0.65299E+06    0.10950E+03
   417   -0.54703E+01    0.11630E+00    0.28318E+00    0.66544E+06    0.10878E+03
   418   -0.58303E+01    0.12169E+00    0.30562E+00    0.67808E+06    0.10805E+03
   419   -0.61330E+01    0.12799E+00    0.32838E+00    0.69087E+06    0.10734E+03
   420   -0.64451E+01    0.13439E+00    0.35073E+00    0.70381E+06    0.10663E+03
   421   -0.66844E+01    0.14007E+00    0.37345E+00    0.71686E+06    0.10592E+03
   422   -0.69177E+01    0.14492E+00    0.39508E+00    0.73001E+06    0.10522E+03
   423   -0.72114E+01    0.14888E+00    0.41714E+00    0.74323E+06    0.10453E+03
   424   -0.74835E+01    0.15261E+00    0.43816E+00    0.75650E+06    0.10384E+03
   425   -0.76521E+01    0.15526E+00    0.45967E+00    0.76980E+06    0.10316E+03
   426   -0.77837E+01    0.15826E+00    0.48020E+00    0.78310E+06    0.10248E+03
   427   -0.79449E+01    0.16003E+00    0.49830E+00    0.79638E+06    0.10181E+03
   428   -0.80537E+01    0.16123E+00    0.51696E+00    0.80962E+06    0.10114E+03
   429   -0.81766E+01    0.16177E+00    0.53399E+00    0.82279E+06    0.10048E+03
   430   -0.81575E+01    0.16232E+00    0.54867E+00    0.83588E+06    0.99827E+02
   431   -0.81370E+01    0.16130E+00    0.56177E+00    0.84886E+06    0.99177E+02
   432   -0.81819E+01    0.15938E+00    0.57184E+00    0.86171E+06    0.98532E+02
   433   -0.80615E+01    0.15796E+00    0.58112E+00    0.87440E+06    0.97892E+02
   434   -0.79910E+01    0.15472E+00    0.58595E+00    0.88691E+06    0.97258E+02
   435   -0.78884E+01    0.15182E+00    0.58782E+00    0.89923E+06    0.96628E+02
   436   -0.76716E+01    0.14768E+00    0.58602E+00    0.91132E+06    0.96004E+02
   437   -0.74073E+01    0.14222E+00    0.58133E+00    0.92316E+06    0.95384E+02
   438   -0.71620E+01    0.13609E+00    0.57303E+00    0.93474E+06    0.94770E+02
   439   -0.67794E+01    0.12997E+00    0.55891E+00    0.94602E+06    0.94160E+02
   440   -0.64005E+01    0.12227E+00    0.54125E+00    0.95699E+06    0.93556E+02
   441   -0.59431E+01    0.11366E+00    0.51708E+00    0.96763E+06    0.92956E+02
   442   -0.55482E+01    0.10406E+00    0.48794E+00    0.97790E+06    0.92361E+02
   443   -0.49851E+01    0.94122E-01    0.45235E+00    0.98780E+06    0.91771E+02
   444   -0.43948E+01    0.83765E-01    0.41109E+00    0.99729E+06    0.91186E+02
   445   -0.37695E+01    0.70679E-01    0.36271E+00    0.10063E+07    0.90605E+02
   446   -0.31758E+01    0.58492E-01    0.30797E+00    0.10150E+07    0.90029E+02
   447   -0.24574E+01    0.45638E-01    0.24393E+00    0.10231E+07    0.89458E+02
   448   -0.17551E+01    0.30545E-01    0.17136E+00    0.10307E+07    0.88891E+02
   449   -0.91275E+00    0.15360E-01    0.91029E-01    0.10379E+07    0.88329E+02
   450    0.31714E-02    0.00000E+00    0.00000E+00    0.10445E+07    0.87771E+02
   451    0.92501E+00   -0.17093E-01   -0.99948E-01    0.10505E+07    0.87218E+02
   452    0.18552E+01   -0.34455E-01   -0.21041E+00    0.10560E+07    0.86669E+02
   453    0.29436E+01   -0.52095E-01   -0.32828E+00    0.10609E+07    0.86124E+02
   454    0.39687E+01   -0.70766E-01   -0.45412E+00    0.10653E+07    0.85584E+02
   455    0.50063E+01   -0.89735E-01   -0.58705E+00    0.10692E+07    0.85047E+02
   456    0.62060E+01   -0.10975E+00   -0.71948E+00    0.10726E+07    0.84515E+02
   457    0.72723E+01   -0.12935E+00   -0.86463E+00    0.10754E+07    0.83987E+02
   458    0.84293E+01   -0.14927E+00   -0.10030E+01    0.10778E+07    0.83462E+02
   459    0.96040E+01   -0.16878E+00   -0.11494E+01    0.10798E+07    0.82941E+02
   460    0.10798E+02   -0.18938E+00   -0.12969E+01    0.10812E+07    0.82424E+02
   461    0.11938E+02   -0.20960E+00   -0.14453E+01    0.10822E+07    0.81910E+02
   462    0.13100E+02   -0.23018E+00   -0.15879E+01    0.10828E+07    0.81400E+02
   463    0.14210E+02   -0.24965E+00   -0.17422E+01    0.10830E+07    0.80893E+02
   464    0.15271E+02   -0.26877E+00   -0.18778E+01    0.10827E+07    0.80389E+02
   465    0.16283E+02   -0.28753E+00   -0.20233E+01    0.10820E+07    0.79889E+02
   466    0.17323E+02   -0.30670E+00   -0.21557E+01    0.10809E+07    0.79392E+02
   467    0.18391E+02   -0.32480E+00   -0.22888E+01    0.10795E+07    0.78898E+02
   468    0.19340E+02   -0.34183E+00   -0.24144E+01    0.10777E+07    0.78406E+02
   469    0.20247E+02   -0.35930E+00   -0.25390E+01    0.10755E+07    0.77918E+02
   470    0.21185E+02   -0.37498E+00   -0.26542E+01    0.10729E+07    0.77432E+02
   471    0.21861E+02   -0.38889E+00   -0.27592E+01    0.10701E+07    0.76949E+02
   472    0.22646E+02   -0.40251E+00   -0.28606E+01    0.10669E+07    0.76469E+02
   473    0.23319E+02   -0.41513E+00   -0.29498E+01    0.10633E+07    0.75991E+02
   474    0.23956E+02   -0.42599E+00   -0.30336E+01    0.10595E+07    0.75516E+02
   475    0.24558E+02   -0.43661E+00   -0.31036E+01    0.10554E+07    0.75042E+02
   476    0.24978E+02   -0.44475E+00   -0.31610E+01    0.10510E+07    0.74571E+02
   477    0.25291E+02   -0.45192E+00   -0.32148E+01    0.10463E+07    0.74103E+02
   478    0.25573E+02   -0.45812E+00   -0.32453E+01    0.10414E+07    0.73636E+02
   479    0.25751E+02   -0.46188E+00   -0.32762E+01    0.10362E+07    0.73171E+02
   480    0.25826E+02   -0.46395E+00   -0.32874E+01    0.10308E+07    0.72708E+02
   481    0.25801E+02   -0.46435E+00   -0.32816E+01    0.10252E+07    0.72247E+02
   482    0.25750E+02   -0.46233E+00   -0.32638E+01    0.10194E+07    0.71787E+02
   483    0.25451E+02   -0.45865E+00   -0.32355E+01    0.10133E+07    0.71329E+02
   484    0.24982E+02   -0.45258E+00   -0.31897E+01    0.10071E+07    0.70873E+02
   485    0.24565E+02   -0.44487E+00   -0.31271E+01    0.10006E+07    0.70418E+02
   486    0.23979E+02   -0.43404E+00   -0.30489E+01    0.99404E+06    0.69964E+02
   487    0.23226E+02   -0.42085E+00   -0.29543E+01    0.98729E+06    0.69512E+02
   488    0.22307E+02   -0.40604E+00   -0.28417E+01    0.98039E+06    0.69061E+02
   489    0.21297E+02   -0.38815E+00   -0.27116E+01    0.97336E+06    0.68611E+02
   490    0.20198E+02   -0.36718E+00   -0.25625E+01    0.96620E+06    0.68162E+02
   491    0.18789E+02   -0.34389E+00   -0.23962E+01    0.95893E+06    0.67713E+02
   492    0.17368E+02   -0.31754E+00   -0.22113E+01    0.95156E+06    0.67266E+02
   493    0.15787E+02   -0.28962E+00   -0.20054E+01    0.94410E+06    0.66819E+02
   494    0.14048E+02   -0.25718E+00   -0.17812E+01    0.93656E+06    0.66373E+02
   495    0.12079E+02   -0.22245E+00   -0.15364E+01    0.92895E+06    0.65927E+02
   496    0.99537E+01   -0.18396E+00   -0.12716E+01    0.92129E+06    0.65482E+02
   497    0.76748E+01   -0.14246E+00   -0.98510E+00    0.91358E+06    0.65037E+02
   498    0.52432E+01   -0.98705E-01   -0.67901E+00    0.90583E+06    0.64593E+02
   499    0.27348E+01   -0.50472E-01   -0.34946E+00    0.89807E+06    0.64149E+02
   500    0.20610E-02    0.00000E+00    0.00000E+00    0.89029E+06    0.63704E+02
