#    L    TT             EE             TE             PP             TP          
     2    0.32871E+03    0.71069E-10   -0.11349E-04    0.94012E+06    0.32872E+05
     3    0.23038E+03    0.21888E-10    0.70991E-05    0.14382E+07    0.36712E+05
     4    0.17314E+03    0.58392E-11    0.55173E-05    0.18736E+07    0.37975E+05
     5    0.13609E+03    0.18930E-11    0.31585E-05    0.22524E+07    0.38015E+05
     6    0.11034E+03    0.81406E-12    0.35805E-05    0.25814E+07    0.37417E+05
     7    0.91519E+02    0.64337E-12    0.44707E-05    0.28677E+07    0.36483E+05
     8    0.77253E+02    0.59727E-12    0.40147E-05    0.31173E+07    0.35375E+05
     9    0.66135E+02    0.38153E-12    0.25568E-05    0.33356E+07    0.34189E+05
    10    0.57264E+02    0.17438E-12    0.12761E-05    0.35264E+07    0.32972E+05
    11    0.50066E+02    0.11543E-12    0.77741E-06    0.36942E+07    0.31764E+05
    12    0.44272E+02    0.10382E-03   -0.23709E-03    0.38407E+07    0.30575E+05
    13    0.39151E+02    0.16014E-12    0.11227E-05    0.39685E+07    0.29416E+05
    14    0.34909E+02   -0.27194E-04    0.79696E-04    0.40802E+07    0.28297E+05
    15    0.31366E+02    0.97795E-13    0.99821E-06    0.41775E+07    0.27221E+05
    16    0.28249E+02   -0.22586E-04    0.32383E-03    0.42617E+07    0.26188E+05
    17    0.25605E+02    0.32347E-13    0.41824E-06    0.43345E+07    0.25200E+05
    18    0.22835E+02    0.11488E-04   -0.52581E-03    0.43970E+07    0.24255E+05
    19    0.21220E+02    0.17751E-13    0.25119E-06    0.44499E+07    0.23352E+05
    20    0.19447E+02    0.10034E-04   -0.10573E-04    0.44941E+07    0.22487E+05
    21    0.17800E+02    0.41635E-13    0.46949E-06    0.45304E+07    0.21661E+05
    22    0.16413E+02   -0.67106E-05   -0.42533E-04    0.45599E+07    0.20872E+05
    23    0.15087E+02    0.79916E-13    0.64215E-06    0.45830E+07    0.20119E+05
    24    0.13914E+02   -0.45945E-05    0.19329E-03    0.46003E+07    0.19398E+05
    25    0.12901E+02    0.74267E-13    0.57549E-06    0.46122E+07    0.18710E+05
    26    0.11909E+02    0.45677E-05    0.17367E-03    0.46194E+07    0.18052E+05
    27    0.11115E+02    0.37627E-13    0.36304E-06    0.46222E+07    0.17423E+05
    28    0.10317E+02    0.62322E-06   -0.24448E-03    0.46211E+07    0.16822E+05
    29    0.96414E+01    0.14960E-13    0.16866E-06    0.46163E+07    0.16245E+05
    30    0.90692E+01   -0.21393E-05    0.16594E-04    0.46077E+07    0.15693E+05
    31    0.84104E+01    0.95722E-14    0.81851E-07    0.45960E+07    0.15163E+05
    32    0.78392E+01    0.18985E-05    0.16031E-03    0.45815E+07    0.14656E+05
    33    0.73755E+01    0.89598E-14    0.99671E-07    0.45646E+07    0.14170E+05
    34    0.69017E+01    0.58091E-06   -0.27657E-03    0.45453E+07    0.13704E+05
    35    0.64986E+01    0.12364E-13    0.16739E-06    0.45239E+07    0.13257E+05
    36    0.61654E+01   -0.13653E-06    0.46394E-03    0.45005E+07    0.12828E+05
    37    0.57505E+01    0.21149E-13    0.22916E-06    0.44754E+07    0.12417E+05
    38    0.53927E+01    0.41830E-05   -0.55383E-03    0.44488E+07    0.12022E+05
    39    0.51331E+01    0.55145E-05   -0.64604E-03    0.44206E+07    0.11642E+05
    40    0.48216E+01    0.31187E-13    0.25444E-06    0.43911E+07    0.11277E+05
    41    0.46618E+01   -0.10177E-04    0.12921E-02    0.43604E+07    0.10926E+05
    42    0.44161E+01   -0.18179E-04    0.24752E-02    0.43285E+07    0.10589E+05
    43    0.42004E+01   -0.16190E-04    0.26483E-02    0.42956E+07    0.10264E+05
    44    0.38337E+01   -0.11250E-04    0.18018E-02    0.42618E+07    0.99519E+04
    45    0.36551E+01    0.16478E-13    0.15374E-06    0.42273E+07    0.96512E+04
    46    0.35656E+01    0.21386E-04   -0.44409E-02    0.41920E+07    0.93617E+04
    47    0.34231E+01    0.45231E-04   -0.10322E-01    0.41562E+07    0.90829E+04
    48    0.31677E+01    0.68040E-04   -0.13066E-01    0.41198E+07    0.88144E+04
    49    0.28880E+01    0.64032E-04   -0.86923E-02    0.40829E+07    0.85557E+04
    50    0.28210E+01    0.53208E-14    0.48707E-07    0.40457E+07    0.83065E+04
    51    0.27533E+01   -0.15865E-03    0.87113E-02    0.40082E+07    0.80662E+04
    52    0.28970E+01   -0.32573E-03    0.12776E-01    0.39704E+07    0.78345E+04
    53    0.28650E+01   -0.34961E-03    0.92855E-02    0.39324E+07    0.76111E+04
    54    0.25673E+01   -0.23463E-03    0.33016E-02    0.38943E+07    0.73956E+04
    55    0.22111E+01    0.28362E-14    0.28047E-07    0.38560E+07    0.71876E+04
    56    0.20084E+01    0.21343E-03   -0.17291E-02    0.38176E+07    0.69869E+04
    57    0.18931E+01    0.29820E-03   -0.18358E-02    0.37792E+07    0.67932E+04
    58    0.18783E+01    0.26287E-03   -0.12124E-02    0.37408E+07    0.66061E+04
    59    0.18285E+01    0.14575E-03   -0.77346E-03    0.37024E+07    0.64253E+04
    60    0.17566E+01    0.43832E-14    0.50846E-07    0.36640E+07    0.62507E+04
    61    0.19690E+01   -0.80085E-04    0.18113E-02    0.36257E+07    0.60819E+04
    62    0.18651E+01   -0.10301E-03    0.37229E-02    0.35875E+07    0.59187E+04
    63    0.16578E+01   -0.10297E-03    0.47585E-02    0.35494E+07    0.57609E+04
    64    0.16339E+01   -0.62183E-04    0.37192E-02    0.35114E+07    0.56084E+04
    65    0.14121E+01    0.81570E-14    0.61486E-07    0.34736E+07    0.54609E+04
    66    0.12786E+01    0.21984E-04   -0.46037E-02    0.34361E+07    0.53183E+04
    67    0.10724E+01    0.10896E-04   -0.77600E-02    0.33988E+07    0.51804E+04
    68    0.10773E+01    0.13330E-04   -0.83024E-02    0.33617E+07    0.50469E+04
    69    0.10572E+01   -0.58331E-05   -0.49903E-02    0.33249E+07    0.49178E+04
    70    0.11475E+01    0.56255E-14    0.49981E-07    0.32884E+07    0.47929E+04
    71    0.11924E+01    0.25785E-04    0.38996E-02    0.32521E+07    0.46719E+04
    72    0.12086E+01    0.53062E-04    0.55055E-02    0.32162E+07    0.45548E+04
    73    0.11447E+01    0.56304E-04    0.45079E-02    0.31806E+07    0.44414E+04
    74    0.10234E+01    0.32269E-04    0.20827E-02    0.31452E+07    0.43316E+04
    75    0.94184E+00    0.32347E-14    0.32468E-07    0.31102E+07    0.42252E+04
    76    0.84103E+00   -0.30693E-04   -0.95235E-03    0.30755E+07    0.41220E+04
    77    0.78112E+00   -0.57223E-04   -0.10189E-02    0.30411E+07    0.40221E+04
    78    0.81487E+00   -0.41664E-04   -0.21692E-02    0.30070E+07    0.39252E+04
    79    0.77217E+00   -0.27803E-04   -0.11730E-02    0.29733E+07    0.38313E+04
    80    0.78005E+00    0.22502E-14    0.21405E-07    0.29400E+07    0.37402E+04
    81    0.74725E+00    0.27379E-05    0.31531E-03    0.29070E+07    0.36519E+04
    82    0.74932E+00    0.12525E-04    0.24967E-03    0.28744E+07    0.35663E+04
    83    0.71779E+00    0.14258E-04   -0.27075E-03    0.28422E+07    0.34833E+04
    84    0.73280E+00    0.15117E-04    0.16587E-03    0.28104E+07    0.34028E+04
    85    0.65159E+00    0.12189E-14    0.16060E-07    0.27790E+07    0.33248E+04
    86    0.55355E+00   -0.80104E-05   -0.13641E-03    0.27481E+07    0.32491E+04
    87    0.66367E+00   -0.26216E-04    0.24021E-03    0.27175E+07    0.31757E+04
    88    0.53768E+00   -0.26302E-04    0.83362E-03    0.26873E+07    0.31044E+04
    89    0.54841E+00   -0.96688E-05   -0.13813E-03    0.26576E+07    0.30353E+04
    90    0.54871E+00    0.84383E-15    0.11629E-07    0.26283E+07    0.29681E+04
    91    0.46608E+00    0.88892E-05    0.16982E-03    0.25993E+07    0.29029E+04
    92    0.45234E+00    0.16379E-04    0.62228E-03    0.25708E+07    0.28395E+04
    93    0.51113E+00    0.29435E-04    0.82642E-03    0.25427E+07    0.27779E+04
    94    0.42321E+00    0.25308E-04    0.17369E-02    0.25150E+07    0.27181E+04
    95    0.41505E+00    0.18391E-04    0.20800E-02    0.24877E+07    0.26600E+04
    96    0.19316E+00    0.82198E-05    0.20674E-02    0.24608E+07    0.26035E+04
    97    0.20686E+00   -0.56680E-05    0.19112E-02    0.24342E+07    0.25487E+04
    98    0.23692E+00   -0.16308E-04    0.33087E-02    0.24081E+07    0.24955E+04
    99    0.13840E+00   -0.46450E-04    0.27578E-02    0.23823E+07    0.24438E+04
   100    0.13777E+00   -0.81699E-04    0.41844E-02    0.23569E+07    0.23935E+04
   101    0.90099E-01   -0.48236E-04    0.40862E-02    0.23319E+07    0.23447E+04
   102    0.37042E+00   -0.80235E-04    0.41607E-02    0.23073E+07    0.22973E+04
   103    0.38810E+00   -0.89020E-04    0.31342E-02    0.22830E+07    0.22512E+04
   104    0.44389E+00   -0.60196E-04    0.34469E-02    0.22591E+07    0.22065E+04
   105    0.46714E+00   -0.53656E-04    0.30823E-02    0.22355E+07    0.21629E+04
   106    0.53574E+00    0.19279E-04    0.22523E-02    0.22124E+07    0.21206E+04
   107    0.35621E+00    0.24434E-04    0.19114E-02    0.21895E+07    0.20794E+04
   108    0.37785E+00    0.50485E-04    0.78595E-03    0.21671E+07    0.20393E+04
   109    0.38144E+00    0.37543E-04   -0.16941E-03    0.21449E+07    0.20003E+04
   110    0.29634E+00    0.16877E-14    0.68982E-08    0.21232E+07    0.19622E+04
   111    0.20113E+00    0.25783E-04   -0.72092E-03    0.21017E+07    0.19252E+04
   112    0.10293E+00    0.51254E-04   -0.21128E-02    0.20806E+07    0.18891E+04
   113    0.83807E-01    0.86308E-04   -0.32119E-02    0.20599E+07    0.18539E+04
   114    0.30045E-02    0.66557E-04   -0.37972E-02    0.20394E+07    0.18196E+04
   115    0.16884E-01    0.15046E-03   -0.43908E-02    0.20193E+07    0.17861E+04
   116   -0.89607E-01    0.12507E-03   -0.47717E-02    0.19996E+07    0.17536E+04
   117   -0.11536E-01    0.74553E-04   -0.47190E-02    0.19801E+07    0.17218E+04
   118    0.11033E+00    0.15738E-03   -0.54974E-02    0.19609E+07    0.16909E+04
   119    0.13522E+00    0.23488E-03   -0.54004E-02    0.19421E+07    0.16608E+04
   120    0.21950E+00    0.16838E-03   -0.49499E-02    0.19235E+07    0.16314E+04
   121    0.22239E+00    0.26490E-03   -0.46678E-02    0.19053E+07    0.16028E+04
   122    0.22600E+00    0.23721E-03   -0.43333E-02    0.18874E+07    0.15748E+04
   123    0.23810E+00    0.16949E-03   -0.44681E-02    0.18697E+07    0.15476E+04
   124    0.26650E+00    0.14592E-03   -0.26230E-02    0.18523E+07    0.15211E+04
   125    0.24472E+00    0.10210E-03   -0.15484E-02    0.18352E+07    0.14953E+04
   126    0.25484E+00    0.12222E-03   -0.10233E-02    0.18184E+07    0.14700E+04
   127    0.23036E+00    0.67608E-04   -0.82677E-03    0.18019E+07    0.14454E+04
   128    0.17909E+00    0.96719E-04   -0.73800E-03    0.17856E+07    0.14214E+04
   129    0.18312E+00    0.70884E-04   -0.53605E-03    0.17696E+07    0.13979E+04
   130    0.17595E+00    0.93759E-15    0.57801E-08    0.17539E+07    0.13750E+04
   131    0.16572E+00    0.40701E-04   -0.11275E-02    0.17384E+07    0.13527E+04
   132    0.23618E+00    0.45184E-04   -0.14194E-02    0.17232E+07    0.13308E+04
   133    0.24858E+00    0.86669E-04   -0.35664E-02    0.17082E+07    0.13095E+04
   134    0.28701E+00    0.16409E-03   -0.35737E-02    0.16934E+07    0.12886E+04
   135    0.36126E+00    0.20211E-03   -0.48750E-02    0.16789E+07    0.12683E+04
   136    0.33259E+00    0.19965E-03   -0.42183E-02    0.16647E+07    0.12484E+04
   137    0.35936E+00    0.22994E-03   -0.42943E-02    0.16506E+07    0.12289E+04
   138    0.37710E+00    0.21763E-03   -0.40796E-02    0.16368E+07    0.12099E+04
   139    0.24704E+00    0.31022E-03   -0.32936E-02    0.16232E+07    0.11913E+04
   140    0.27614E+00    0.28381E-03   -0.31413E-02    0.16098E+07    0.11732E+04
   141    0.17705E+00    0.21161E-03   -0.18566E-02    0.15966E+07    0.11555E+04
   142    0.18245E+00    0.16683E-03   -0.64437E-03    0.15837E+07    0.11381E+04
   143    0.22785E+00    0.14843E-03    0.33034E-04    0.15709E+07    0.11212E+04
   144    0.17449E+00    0.81045E-04    0.45624E-03    0.15583E+07    0.11046E+04
   145    0.10646E+00    0.11218E-03    0.90586E-03    0.15460E+07    0.10884E+04
   146    0.25642E+00    0.17933E-04    0.91965E-03    0.15338E+07    0.10725E+04
   147    0.18847E+00    0.20080E-04    0.15210E-02    0.15218E+07    0.10569E+04
   148    0.13528E+00   -0.31007E-04    0.76213E-03    0.15100E+07    0.10417E+04
   149    0.18093E+00   -0.62107E-04   -0.33364E-03    0.14983E+07    0.10268E+04
   150    0.11238E+00    0.00000E+00    0.34967E-09    0.14869E+07    0.10122E+04
   151    0.87680E-01    0.77267E-04   -0.16144E-02    0.14756E+07    0.99794E+03
   152   -0.33516E-01    0.80850E-04   -0.38724E-02    0.14644E+07    0.98392E+03
   153   -0.94751E-01    0.14206E-03   -0.46709E-02    0.14534E+07    0.97018E+03
   154   -0.16241E+00    0.24362E-03   -0.63636E-02    0.14426E+07    0.95670E+03
   155   -0.22860E+00    0.36829E-03   -0.83328E-02    0.14320E+07    0.94350E+03
   156   -0.43400E+00    0.49880E-03   -0.10704E-01    0.14214E+07    0.93056E+03
   157   -0.47356E+00    0.61790E-03   -0.12116E-01    0.14111E+07    0.91787E+03
   158   -0.56226E+00    0.78259E-03   -0.13437E-01    0.14009E+07    0.90544E+03
   159   -0.69219E+00    0.82706E-03   -0.14794E-01    0.13908E+07    0.89324E+03
   160   -0.78118E+00    0.88262E-03   -0.14824E-01    0.13809E+07    0.88129E+03
   161   -0.82132E+00    0.10063E-02   -0.15139E-01    0.13711E+07    0.86957E+03
   162   -0.87902E+00    0.10322E-02   -0.15864E-01    0.13614E+07    0.85808E+03
   163   -0.79780E+00    0.10175E-02   -0.15639E-01    0.13519E+07    0.84681E+03
   164   -0.86691E+00    0.10190E-02   -0.16075E-01    0.13425E+07    0.83576E+03
   165   -0.78132E+00    0.94538E-03   -0.15068E-01    0.13332E+07    0.82492E+03
   166   -0.68169E+00    0.92781E-03   -0.14230E-01    0.13240E+07    0.81428E+03
   167   -0.48586E+00    0.72622E-03   -0.14427E-01    0.13150E+07    0.80385E+03
   168   -0.40877E+00    0.69477E-03   -0.13558E-01    0.13061E+07    0.79360E+03
   169   -0.29397E+00    0.51905E-03   -0.11747E-01    0.12973E+07    0.78355E+03
   170   -0.13355E+00    0.40467E-03   -0.10605E-01    0.12886E+07    0.77368E+03
   171   -0.68196E-01    0.33435E-03   -0.80286E-02    0.12800E+07    0.76399E+03
   172   -0.15724E-01    0.21656E-03   -0.56291E-02    0.12716E+07    0.75447E+03
   173   -0.42522E-01    0.34034E-04   -0.35315E-02    0.12632E+07    0.74511E+03
   174    0.78713E-02    0.66645E-04   -0.18610E-02    0.12549E+07    0.73592E+03
   175    0.69067E-01    0.00000E+00   -0.12151E-10    0.12467E+07    0.72688E+03
   176    0.51721E-03    0.36738E-04    0.19737E-02    0.12387E+07    0.71799E+03
   177   -0.40700E-01    0.70562E-04    0.26861E-02    0.12307E+07    0.70925E+03
   178   -0.12023E+00    0.28936E-03    0.37823E-02    0.12228E+07    0.70066E+03
   179   -0.22945E+00    0.36102E-03    0.54213E-02    0.12150E+07    0.69220E+03
   180   -0.21114E+00    0.47345E-03    0.62767E-02    0.12072E+07    0.68388E+03
   181   -0.27953E+00    0.59167E-03    0.65077E-02    0.11996E+07    0.67570E+03
   182   -0.35169E+00    0.75500E-03    0.77592E-02    0.11920E+07    0.66765E+03
   183   -0.49328E+00    0.85420E-03    0.87047E-02    0.11846E+07    0.65973E+03
   184   -0.54709E+00    0.92858E-03    0.10246E-01    0.11772E+07    0.65194E+03
   185   -0.57877E+00    0.10917E-02    0.10315E-01    0.11699E+07    0.64428E+03
   186   -0.95110E+00    0.11676E-02    0.12040E-01    0.11626E+07    0.63673E+03
   187   -0.98691E+00    0.12623E-02    0.14096E-01    0.11554E+07    0.62931E+03
   188   -0.10490E+01    0.13260E-02    0.15157E-01    0.11484E+07    0.62200E+03
   189   -0.12029E+01    0.13610E-02    0.16867E-01    0.11413E+07    0.61481E+03
   190   -0.99442E+00    0.13842E-02    0.17157E-01    0.11344E+07    0.60772E+03
   191   -0.11577E+01    0.13829E-02    0.19157E-01    0.11275E+07    0.60075E+03
   192   -0.11641E+01    0.13446E-02    0.20798E-01    0.11207E+07    0.59388E+03
   193   -0.12279E+01    0.12787E-02    0.20754E-01    0.11139E+07    0.58711E+03
   194   -0.11175E+01    0.11801E-02    0.21412E-01    0.11072E+07    0.58044E+03
   195   -0.10473E+01    0.10509E-02    0.20704E-01    0.11006E+07    0.57387E+03
   196   -0.10085E+01    0.89326E-03    0.19530E-01    0.10940E+07    0.56740E+03
   197   -0.84391E+00    0.71685E-03    0.16565E-01    0.10875E+07    0.56102E+03
   198   -0.61926E+00    0.50895E-03    0.12711E-01    0.10810E+07    0.55472E+03
   199   -0.32587E+00    0.27175E-03    0.73839E-02    0.10746E+07    0.54852E+03
   200    0.44893E-01    0.00000E+00    0.63636E-11    0.10682E+07    0.54239E+03
   201    0.42579E+00   -0.28135E-03   -0.84539E-02    0.10619E+07    0.53635E+03
   202    0.89185E+00   -0.59737E-03   -0.18882E-01    0.10556E+07    0.53039E+03
   203    0.13679E+01   -0.92061E-03   -0.29875E-01    0.10494E+07    0.52450E+03
   204    0.17789E+01   -0.12608E-02   -0.43737E-01    0.10433E+07    0.51869E+03
   205    0.22724E+01   -0.16054E-02   -0.57575E-01    0.10371E+07    0.51297E+03
   206    0.26991E+01   -0.19491E-02   -0.71984E-01    0.10310E+07    0.50731E+03
   207    0.32067E+01   -0.23019E-02   -0.86745E-01    0.10250E+07    0.50173E+03
   208    0.35715E+01   -0.26435E-02   -0.10171E+00    0.10190E+07    0.49623E+03
   209    0.39412E+01   -0.29838E-02   -0.11658E+00    0.10131E+07    0.49080E+03
   210    0.43150E+01   -0.33028E-02   -0.13159E+00    0.10072E+07    0.48544E+03
   211    0.46919E+01   -0.36027E-02   -0.14613E+00    0.10013E+07    0.48016E+03
   212    0.49226E+01   -0.38858E-02   -0.16047E+00    0.99549E+06    0.47494E+03
   213    0.52291E+01   -0.41395E-02   -0.17389E+00    0.98970E+06    0.46979E+03
   214    0.54620E+01   -0.44033E-02   -0.18694E+00    0.98396E+06    0.46472E+03
   215    0.56946E+01   -0.45160E-02   -0.19969E+00    0.97826E+06    0.45971E+03
   216    0.58519E+01   -0.46954E-02   -0.21095E+00    0.97259E+06    0.45476E+03
   217    0.60815E+01   -0.48174E-02   -0.22206E+00    0.96697E+06    0.44988E+03
   218    0.62341E+01   -0.49140E-02   -0.23214E+00    0.96137E+06    0.44507E+03
   219    0.63831E+01   -0.50172E-02   -0.23956E+00    0.95582E+06    0.44032E+03
   220    0.65276E+01   -0.50105E-02   -0.24809E+00    0.95030E+06    0.43564E+03
   221    0.66667E+01   -0.50002E-02   -0.25486E+00    0.94481E+06    0.43101E+03
   222    0.67997E+01   -0.48696E-02   -0.26067E+00    0.93936E+06    0.42645E+03
   223    0.67771E+01   -0.47250E-02   -0.26412E+00    0.93394E+06    0.42195E+03
   224    0.68951E+01   -0.45985E-02   -0.26826E+00    0.92856E+06    0.41751E+03
   225    0.69302E+01   -0.43735E-02   -0.26945E+00    0.92320E+06    0.41312E+03
   226    0.69556E+01   -0.40820E-02   -0.27073E+00    0.91788E+06    0.40880E+03
   227    0.68963E+01   -0.37559E-02   -0.26996E+00    0.91258E+06    0.40452E+03
   228    0.69000E+01   -0.34273E-02   -0.26795E+00    0.90732E+06    0.40031E+03
   229    0.68916E+01   -0.30538E-02   -0.26553E+00    0.90208E+06    0.39615E+03
   230    0.67959E+01   -0.26675E-02   -0.26128E+00    0.89687E+06    0.39204E+03
   231    0.66120E+01   -0.22262E-02   -0.25528E+00    0.89169E+06    0.38799E+03
   232    0.64877E+01   -0.18360E-02   -0.24836E+00    0.88653E+06    0.38399E+03
   233    0.63479E+01   -0.13061E-02   -0.24132E+00    0.88140E+06    0.38003E+03
   234    0.60430E+01   -0.81706E-03   -0.23276E+00    0.87630E+06    0.37613E+03
   235    0.57952E+01   -0.32665E-03   -0.22351E+00    0.87122E+06    0.37228E+03
   236    0.54550E+01    0.13318E-03   -0.21288E+00    0.86616E+06    0.36848E+03
   237    0.50958E+01    0.60470E-03   -0.20172E+00    0.86113E+06    0.36472E+03
   238    0.47168E+01    0.11302E-02   -0.18933E+00    0.85611E+06    0.36101E+03
   239    0.43914E+01    0.15291E-02   -0.17582E+00    0.85112E+06    0.35734E+03
   240    0.38960E+01    0.18438E-02   -0.16272E+00    0.84615E+06    0.35372E+03
   241    0.35267E+01    0.21907E-02   -0.14865E+00    0.84120E+06    0.35014E+03
   242    0.31341E+01    0.23893E-02   -0.13367E+00    0.83626E+06    0.34661E+03
   243    0.27175E+01    0.25562E-02   -0.11859E+00    0.83135E+06    0.34311E+03
   244    0.22760E+01    0.25851E-02   -0.10203E+00    0.82645E+06    0.33966E+03
   245    0.18086E+01    0.25182E-02   -0.86270E-01    0.82157E+06    0.33625E+03
   246    0.13889E+01    0.23237E-02   -0.69168E-01    0.81671E+06    0.33287E+03
   247    0.10160E+01    0.18952E-02   -0.52285E-01    0.81186E+06    0.32953E+03
   248    0.61479E+00    0.15721E-02   -0.34955E-01    0.80702E+06    0.32623E+03
   249    0.33290E+00    0.80248E-03   -0.17253E-01    0.80220E+06    0.32297E+03
   250    0.20965E-01    0.00000E+00   -0.84008E-13    0.79739E+06    0.31974E+03
   251   -0.17482E+00   -0.11553E-02    0.18203E-01    0.79260E+06    0.31654E+03
   252   -0.48569E+00   -0.24267E-02    0.36481E-01    0.78781E+06    0.31338E+03
   253   -0.55013E+00   -0.40141E-02    0.53948E-01    0.78305E+06    0.31025E+03
   254   -0.67518E+00   -0.55973E-02    0.71205E-01    0.77829E+06    0.30716E+03
   255   -0.79645E+00   -0.74504E-02    0.88851E-01    0.77356E+06    0.30410E+03
   256   -0.84957E+00   -0.91791E-02    0.10749E+00    0.76883E+06    0.30107E+03
   257   -0.84443E+00   -0.11206E-01    0.11954E+00    0.76413E+06    0.29807E+03
   258   -0.86522E+00   -0.13137E-01    0.13824E+00    0.75945E+06    0.29511E+03
   259   -0.84756E+00   -0.15097E-01    0.14933E+00    0.75478E+06    0.29218E+03
   260   -0.72706E+00   -0.17063E-01    0.16826E+00    0.75014E+06    0.28928E+03
   261   -0.66219E+00   -0.19087E-01    0.17336E+00    0.74551E+06    0.28641E+03
   262   -0.66285E+00   -0.20923E-01    0.18751E+00    0.74091E+06    0.28357E+03
   263   -0.36753E+00   -0.22770E-01    0.20387E+00    0.73634E+06    0.28076E+03
   264   -0.23183E+00   -0.24532E-01    0.21562E+00    0.73178E+06    0.27799E+03
   265   -0.19136E+00   -0.26259E-01    0.21593E+00    0.72725E+06    0.27524E+03
   266   -0.33183E-01   -0.27706E-01    0.22769E+00    0.72275E+06    0.27252E+03
   267    0.99580E-02   -0.29221E-01    0.22921E+00    0.71828E+06    0.26984E+03
   268    0.76727E-01   -0.30410E-01    0.23595E+00    0.71383E+06    0.26718E+03
   269    0.86556E-02   -0.31547E-01    0.24107E+00    0.70941E+06    0.26456E+03
   270    0.92977E-01   -0.32534E-01    0.24519E+00    0.70502E+06    0.26196E+03
   271    0.96939E-01   -0.33424E-01    0.24889E+00    0.70066E+06    0.25939E+03
   272    0.23349E+00   -0.33894E-01    0.24536E+00    0.69633E+06    0.25685E+03
   273    0.26988E+00   -0.34518E-01    0.25005E+00    0.69203E+06    0.25434E+03
   274    0.34478E+00   -0.34678E-01    0.24127E+00    0.68777E+06    0.25185E+03
   275    0.37399E+00   -0.34870E-01    0.24190E+00    0.68354E+06    0.24940E+03
   276    0.49620E+00   -0.34849E-01    0.23027E+00    0.67935E+06    0.24697E+03
   277    0.47863E+00   -0.34591E-01    0.22926E+00    0.67519E+06    0.24457E+03
   278    0.53425E+00   -0.34149E-01    0.21717E+00    0.67107E+06    0.24220E+03
   279    0.57887E+00   -0.33573E-01    0.20206E+00    0.66699E+06    0.23985E+03
   280    0.60259E+00   -0.32841E-01    0.19935E+00    0.66294E+06    0.23753E+03
   281    0.74407E+00   -0.31854E-01    0.18738E+00    0.65894E+06    0.23523E+03
   282    0.69628E+00   -0.30888E-01    0.17418E+00    0.65497E+06    0.23297E+03
   283    0.74645E+00   -0.29696E-01    0.16033E+00    0.65105E+06    0.23072E+03
   284    0.81040E+00   -0.28329E-01    0.14644E+00    0.64717E+06    0.22851E+03
   285    0.87822E+00   -0.26765E-01    0.13312E+00    0.64333E+06    0.22631E+03
   286    0.86574E+00   -0.25130E-01    0.11352E+00    0.63954E+06    0.22415E+03
   287    0.83733E+00   -0.23399E-01    0.10312E+00    0.63579E+06    0.22201E+03
   288    0.85738E+00   -0.21551E-01    0.87651E-01    0.63209E+06    0.21989E+03
   289    0.84170E+00   -0.19636E-01    0.75142E-01    0.62843E+06    0.21780E+03
   290    0.85467E+00   -0.17779E-01    0.66194E-01    0.62482E+06    0.21573E+03
   291    0.88639E+00   -0.15217E-01    0.46550E-01    0.62126E+06    0.21368E+03
   292    0.62984E+00   -0.13038E-01    0.39095E-01    0.61775E+06    0.21166E+03
   293    0.66937E+00   -0.11592E-01    0.22144E-01    0.61430E+06    0.20966E+03
   294    0.54938E+00   -0.93704E-02    0.18583E-01    0.61089E+06    0.20768E+03
   295    0.63139E+00   -0.78354E-02    0.67261E-02    0.60753E+06    0.20573E+03
   296    0.53408E+00   -0.54786E-02    0.20301E-02    0.60423E+06    0.20380E+03
   297    0.47040E+00   -0.45053E-02    0.50950E-02    0.60098E+06    0.20189E+03
   298    0.28188E+00   -0.26641E-02    0.16641E-02    0.59779E+06    0.20000E+03
   299    0.18147E+00   -0.67475E-03   -0.23422E-03    0.59465E+06    0.19814E+03
   300    0.10710E-01    0.00000E+00    0.00000E+00    0.59157E+06    0.19629E+03
   301   -0.16589E+00    0.87705E-03    0.10259E-01    0.58855E+06    0.19447E+03
   302   -0.28327E+00    0.12775E-02    0.30463E-01    0.58558E+06    0.19267E+03
   303   -0.42479E+00    0.20163E-02    0.45537E-01    0.58266E+06    0.19089E+03
   304   -0.59953E+00    0.31656E-02    0.55267E-01    0.57979E+06    0.18913E+03
   305   -0.74231E+00    0.33118E-02    0.74293E-01    0.57697E+06    0.18739E+03
   306   -0.93647E+00    0.32699E-02    0.94968E-01    0.57419E+06    0.18567E+03
   307   -0.11168E+01    0.31120E-02    0.10965E+00    0.57145E+06    0.18397E+03
   308   -0.12925E+01    0.43959E-02    0.14041E+00    0.56874E+06    0.18229E+03
   309   -0.13982E+01    0.42224E-02    0.15731E+00    0.56607E+06    0.18063E+03
   310   -0.15917E+01    0.34063E-02    0.18242E+00    0.56343E+06    0.17898E+03
   311   -0.17334E+01    0.42485E-02    0.20067E+00    0.56082E+06    0.17736E+03
   312   -0.18324E+01    0.38496E-02    0.22671E+00    0.55823E+06    0.17576E+03
   313   -0.19721E+01    0.37674E-02    0.24545E+00    0.55566E+06    0.17417E+03
   314   -0.20874E+01    0.40740E-02    0.27154E+00    0.55311E+06    0.17261E+03
   315   -0.21872E+01    0.33559E-02    0.28990E+00    0.55057E+06    0.17106E+03
   316   -0.22807E+01    0.31709E-02    0.30775E+00    0.54805E+06    0.16953E+03
   317   -0.23769E+01    0.21055E-02    0.32487E+00    0.54554E+06    0.16802E+03
   318   -0.24850E+01    0.24602E-02    0.34105E+00    0.54303E+06    0.16652E+03
   319   -0.25397E+01    0.20787E-02    0.35606E+00    0.54053E+06    0.16505E+03
   320   -0.25501E+01    0.17759E-02    0.37712E+00    0.53802E+06    0.16359E+03
   321   -0.25996E+01    0.23668E-02    0.38916E+00    0.53551E+06    0.16215E+03
   322   -0.26231E+01    0.16949E-02    0.39938E+00    0.53300E+06    0.16072E+03
   323   -0.26294E+01    0.13182E-02    0.40758E+00    0.53048E+06    0.15932E+03
   324   -0.26279E+01    0.20516E-02    0.40610E+00    0.52794E+06    0.15793E+03
   325   -0.25532E+01    0.25286E-03    0.41702E+00    0.52539E+06    0.15655E+03
   326   -0.25630E+01    0.45130E-03    0.41041E+00    0.52282E+06    0.15519E+03
   327   -0.25178E+01    0.49047E-03    0.40833E+00    0.52023E+06    0.15385E+03
   328   -0.24268E+01   -0.30035E-03    0.41057E+00    0.51762E+06    0.15253E+03
   329   -0.23732E+01   -0.36335E-03    0.40205E+00    0.51498E+06    0.15122E+03
   330   -0.22919E+01   -0.11121E-02    0.38999E+00    0.51231E+06    0.14992E+03
   331   -0.21177E+01   -0.17316E-02    0.38160E+00    0.50960E+06    0.14864E+03
   332   -0.20082E+01   -0.14070E-02    0.37666E+00    0.50686E+06    0.14738E+03
   333   -0.18982E+01   -0.15517E-02    0.36752E+00    0.50408E+06    0.14613E+03
   334   -0.17226E+01   -0.13509E-02    0.35398E+00    0.50125E+06    0.14489E+03
   335   -0.16389E+01   -0.22180E-02    0.33582E+00    0.49838E+06    0.14367E+03
   336   -0.15078E+01   -0.25953E-02    0.32024E+00    0.49546E+06    0.14246E+03
   337   -0.13382E+01   -0.24107E-02    0.29217E+00    0.49249E+06    0.14127E+03
   338   -0.12136E+01   -0.30777E-02    0.27369E+00    0.48947E+06    0.14009E+03
   339   -0.99447E+00   -0.22956E-02    0.24972E+00    0.48638E+06    0.13893E+03
   340   -0.83844E+00   -0.22210E-02    0.23489E+00    0.48324E+06    0.13778E+03
   341   -0.75461E+00   -0.27816E-02    0.20672E+00    0.48003E+06    0.13664E+03
   342   -0.60351E+00   -0.16768E-02    0.17983E+00    0.47676E+06    0.13552E+03
   343   -0.46849E+00   -0.18059E-02    0.15401E+00    0.47341E+06    0.13441E+03
   344   -0.28436E+00   -0.16110E-02    0.12905E+00    0.46999E+06    0.13331E+03
   345   -0.20877E+00   -0.17629E-02    0.10473E+00    0.46650E+06    0.13222E+03
   346   -0.10224E+00   -0.70383E-03    0.88264E-01    0.46293E+06    0.13115E+03
   347   -0.48124E-01   -0.59009E-03    0.64572E-01    0.45927E+06    0.13009E+03
   348    0.18763E-01   -0.60675E-03    0.40871E-01    0.45553E+06    0.12904E+03
   349    0.15057E-01    0.61127E-04    0.16943E-01    0.45170E+06    0.12800E+03
   350    0.59597E-02    0.00000E+00    0.00000E+00    0.44778E+06    0.12697E+03
   351    0.13224E+00    0.76342E-03   -0.17693E-01    0.44377E+06    0.12596E+03
   352    0.19857E-01    0.16595E-02   -0.36808E-01    0.43967E+06    0.12496E+03
   353   -0.35407E-01    0.19922E-02   -0.43252E-01    0.43550E+06    0.12396E+03
   354   -0.18346E+00    0.25510E-02   -0.60074E-01    0.43127E+06    0.12298E+03
   355   -0.27707E+00    0.33826E-02   -0.73179E-01    0.42699E+06    0.12201E+03
   356   -0.39187E+00    0.45338E-02   -0.75903E-01    0.42267E+06    0.12105E+03
   357   -0.52920E+00    0.53084E-02   -0.83866E-01    0.41832E+06    0.12011E+03
   358   -0.61612E+00    0.50104E-02   -0.82973E-01    0.41395E+06    0.11917E+03
   359   -0.80254E+00    0.51721E-02   -0.88846E-01    0.40957E+06    0.11824E+03
   360   -0.94123E+00    0.58403E-02   -0.91104E-01    0.40520E+06    0.11732E+03
   361   -0.11078E+01    0.63189E-02   -0.94968E-01    0.40084E+06    0.11642E+03
   362   -0.12294E+01    0.66545E-02   -0.98230E-01    0.39650E+06    0.11552E+03
   363   -0.13815E+01    0.76368E-02   -0.99424E-01    0.39220E+06    0.11463E+03
   364   -0.14913E+01    0.70839E-02   -0.10303E+00    0.38795E+06    0.11376E+03
   365   -0.16343E+01    0.72711E-02   -0.10386E+00    0.38375E+06    0.11289E+03
   366   -0.17377E+01    0.75022E-02   -0.10566E+00    0.37962E+06    0.11203E+03
   367   -0.18027E+01    0.63384E-02   -0.10696E+00    0.37558E+06    0.11118E+03
   368   -0.19794E+01    0.60549E-02   -0.10704E+00    0.37162E+06    0.11034E+03
   369   -0.19718E+01    0.59554E-02   -0.10888E+00    0.36776E+06    0.10951E+03
   370   -0.20041E+01    0.53441E-02   -0.10806E+00    0.36401E+06    0.10869E+03
   371   -0.20779E+01    0.42674E-02   -0.10905E+00    0.36038E+06    0.10788E+03
   372   -0.21199E+01    0.35151E-02   -0.10815E+00    0.35689E+06    0.10708E+03
   373   -0.21318E+01    0.23910E-02   -0.10911E+00    0.35354E+06    0.10629E+03
   374   -0.21146E+01    0.16846E-02   -0.10896E+00    0.35034E+06    0.10550E+03
   375   -0.21442E+01    0.69991E-03   -0.10848E+00    0.34732E+06    0.10472E+03
   376   -0.20732E+01    0.22640E-03   -0.10842E+00    0.34446E+06    0.10395E+03
   377   -0.19774E+01   -0.11748E-02   -0.10658E+00    0.34180E+06    0.10319E+03
   378   -0.19322E+01   -0.27143E-02   -0.10670E+00    0.33933E+06    0.10244E+03
   379   -0.18648E+01   -0.36023E-02   -0.10507E+00    0.33707E+06    0.10170E+03
   380   -0.17023E+01   -0.37922E-02   -0.10469E+00    0.33503E+06    0.10096E+03
   381   -0.15945E+01   -0.69515E-02   -0.10335E+00    0.33322E+06    0.10023E+03
   382   -0.15428E+01   -0.78336E-02   -0.10108E+00    0.33165E+06    0.99514E+02
   383   -0.13999E+01   -0.93631E-02   -0.10012E+00    0.33034E+06    0.98800E+02
   384   -0.11673E+01   -0.11493E-01   -0.97518E-01    0.32928E+06    0.98095E+02
   385   -0.10691E+01   -0.11949E-01   -0.95526E-01    0.32850E+06    0.97396E+02
   386   -0.88371E+00   -0.12912E-01   -0.92679E-01    0.32801E+06    0.96705E+02
   387   -0.76116E+00   -0.14335E-01   -0.89739E-01    0.32781E+06    0.96021E+02
   388   -0.62846E+00   -0.15429E-01   -0.85984E-01    0.32792E+06    0.95343E+02
   389   -0.48697E+00   -0.18376E-01   -0.82178E-01    0.32834E+06    0.94673E+02
   390   -0.33801E+00   -0.17929E-01   -0.76854E-01    0.32909E+06    0.94009E+02
   391   -0.18294E+00   -0.18499E-01   -0.72262E-01    0.33018E+06    0.93352E+02
   392   -0.97380E-01   -0.17067E-01   -0.66193E-01    0.33162E+06    0.92701E+02
   393    0.65894E-01   -0.16558E-01   -0.60155E-01    0.33342E+06    0.92057E+02
   394    0.15697E+00   -0.15439E-01   -0.52680E-01    0.33559E+06    0.91418E+02
   395    0.17452E+00   -0.14407E-01   -0.46019E-01    0.33814E+06    0.90786E+02
   396    0.26575E+00   -0.12673E-01   -0.37369E-01    0.34109E+06    0.90160E+02
   397    0.20647E+00   -0.10189E-01   -0.28831E-01    0.34444E+06    0.89539E+02
   398    0.21820E+00   -0.76510E-02   -0.19829E-01    0.34820E+06    0.88925E+02
   399    0.15102E+00   -0.42704E-02   -0.10259E-01    0.35239E+06    0.88315E+02
   400    0.35965E-02    0.00000E+00    0.00000E+00    0.35701E+06    0.87712E+02
   401   -0.14963E+00    0.44423E-02    0.10795E-01    0.36208E+06    0.87113E+02
   402   -0.30245E+00    0.89950E-02    0.22317E-01    0.36758E+06    0.86520E+02
   403   -0.52143E+00    0.15060E-01    0.34445E-01    0.37348E+06    0.85933E+02
   404   -0.79885E+00    0.21069E-01    0.48024E-01    0.37978E+06    0.85350E+02
   405   -0.10527E+01    0.26938E-01    0.61523E-01    0.38646E+06    0.84773E+02
   406   -0.14239E+01    0.34070E-01    0.76456E-01    0.39349E+06    0.84200E+02
   407   -0.17561E+01    0.40895E-01    0.90621E-01    0.40087E+06    0.83633E+02
   408   -0.21159E+01    0.48074E-01    0.10776E+00    0.40857E+06    0.83071E+02
   409   -0.24213E+01    0.56265E-01    0.12493E+00    0.41657E+06    0.82513E+02
   410   -0.28131E+01    0.63157E-01    0.14217E+00    0.42485E+06    0.81961E+02
   411   -0.31351E+01    0.70895E-01    0.16097E+00    0.43341E+06    0.81414E+02
   412   -0.35282E+01    0.78652E-01    0.17990E+00    0.44222E+06    0.80871E+02
   413   -0.39102E+01    0.86346E-01    0.19971E+00    0.45126E+06    0.80333E+02
   414   -0.43479E+01    0.93893E-01    0.21969E+00    0.46052E+06    0.79800E+02
   415   -0.46848E+01    0.10195E+00    0.24136E+00    0.46997E+06    0.79271E+02
   416   -0.50619E+01    0.10896E+00    0.26252E+00    0.47961E+06    0.78747E+02
   417   -0.54715E+01    0.11630E+00    0.28318E+00    0.48940E+06    0.78228E+02
   418   -0.58315E+01    0.12169E+00    0.30562E+00    0.49935E+06    0.77713E+02
   419   -0.61342E+01    0.12799E+00    0.32838E+00    0.50941E+06    0.77203E+02
   420   -0.64462E+01    0.13439E+00    0.35073E+00    0.51959E+06    0.76697E+02
   421   -0.66856E+01    0.14007E+00    0.37345E+00    0.52986E+06    0.76196E+02
   422   -0.69188E+01    0.14492E+00    0.39508E+00    0.54020E+06    0.75699E+02
   423   -0.72125E+01    0.14888E+00    0.41714E+00    0.55060E+06    0.75206E+02
   424   -0.74846E+01    0.15261E+00    0.43816E+00    0.56103E+06    0.74717E+02
   425   -0.76532E+01    0.15526E+00    0.45967E+00    0.57149E+06    0.74233E+02
   426   -0.77848E+01    0.15826E+00    0.48020E+00    0.58194E+06    0.73753E+02
   427   -0.79460E+01    0.16003E+00    0.49830E+00    0.59238E+06    0.73277E+02
   428   -0.80548E+01    0.16123E+00    0.51696E+00    0.60279E+06    0.72804E+02
   429   -0.81777E+01    0.16177E+00    0.53399E+00    0.61315E+06    0.72336E+02
   430   -0.81585E+01    0.16232E+00    0.54867E+00    0.62343E+06    0.71872E+02
   431   -0.81381E+01    0.16130E+00    0.56177E+00    0.63363E+06    0.71412E+02
   432   -0.81830E+01    0.15938E+00    0.57184E+00    0.64373E+06    0.70956E+02
   433   -0.80626E+01    0.15796E+00    0.58112E+00    0.65370E+06    0.70503E+02
   434   -0.79920E+01    0.15472E+00    0.58595E+00    0.66354E+06    0.70054E+02
   435   -0.78894E+01    0.15182E+00    0.58782E+00    0.67321E+06    0.69609E+02
   436   -0.76726E+01    0.14768E+00    0.58602E+00    0.68271E+06    0.69168E+02
   437   -0.74083E+01    0.14222E+00    0.58133E+00    0.69202E+06    0.68730E+02
   438   -0.71630E+01    0.13609E+00    0.57303E+00    0.70111E+06    0.68296E+02
   439   -0.67804E+01    0.12997E+00    0.55891E+00    0.70998E+06    0.67866E+02
   440   -0.64014E+01    0.12227E+00    0.54125E+00    0.71859E+06    0.67438E+02
   441   -0.59440E+01    0.11366E+00    0.51708E+00    0.72695E+06    0.67015E+02
   442   -0.55491E+01    0.10406E+00    0.48794E+00    0.73502E+06    0.66594E+02
   443   -0.49860E+01    0.94122E-01    0.45235E+00    0.74279E+06    0.66177E+02
   444   -0.43957E+01    0.83765E-01    0.41109E+00    0.75024E+06    0.65764E+02
   445   -0.37704E+01    0.70679E-01    0.36271E+00    0.75736E+06    0.65353E+02
   446   -0.31767E+01    0.58492E-01    0.30797E+00    0.76412E+06    0.64946E+02
   447   -0.24583E+01    0.45638E-01    0.24393E+00    0.77051E+06    0.64542E+02
   448   -0.17560E+01    0.30545E-01    0.17136E+00    0.77652E+06    0.64141E+02
   449   -0.91364E+00    0.15360E-01    0.91029E-01    0.78211E+06    0.63743E+02
   450    0.22871E-02    0.00000E+00    0.00000E+00    0.78728E+06    0.63348E+02
   451    0.92413E+00   -0.17093E-01   -0.99948E-01    0.79202E+06    0.62956E+02
   452    0.18543E+01   -0.34455E-01   -0.21041E+00    0.79631E+06    0.62566E+02
   453    0.29427E+01   -0.52095E-01   -0.32828E+00    0.80019E+06    0.62180E+02
   454    0.39679E+01   -0.70766E-01   -0.45412E+00    0.80365E+06    0.61797E+02
   455    0.50054E+01   -0.89735E-01   -0.58705E+00    0.80670E+06    0.61416E+02
   456    0.62052E+01   -0.10975E+00   -0.71948E+00    0.80935E+06    0.61038E+02
   457    0.72715E+01   -0.12935E+00   -0.86463E+00    0.81161E+06    0.60662E+02
   458    0.84285E+01   -0.14927E+00   -0.10030E+01    0.81349E+06    0.60289E+02
   459    0.96032E+01   -0.16878E+00   -0.11494E+01    0.81500E+06    0.59919E+02
   460    0.10797E+02   -0.18938E+00   -0.12969E+01    0.81615E+06    0.59550E+02
   461    0.11937E+02   -0.20960E+00   -0.14453E+01    0.81694E+06    0.59185E+02
   462    0.13099E+02   -0.23018E+00   -0.15879E+01    0.81739E+06    0.58821E+02
   463    0.14209E+02   -0.24965E+00   -0.17422E+01    0.81750E+06    0.58460E+02
   464    0.15270E+02   -0.26877E+00   -0.18778E+01    0.81729E+06    0.58101E+02
   465    0.16283E+02   -0.28753E+00   -0.20233E+01    0.81675E+06    0.57744E+02
   466    0.17322E+02   -0.30670E+00   -0.21557E+01    0.81591E+06    0.57389E+02
   467    0.18390E+02   -0.32480E+00   -0.22888E+01    0.81476E+06    0.57036E+02
   468    0.19340E+02   -0.34183E+00   -0.24144E+01    0.81333E+06    0.56686E+02
   469    0.20246E+02   -0.35930E+00   -0.25390E+01    0.81160E+06    0.56337E+02
   470    0.21185E+02   -0.37498E+00   -0.26542E+01    0.80961E+06    0.55989E+02
   471    0.21860E+02   -0.38889E+00   -0.27592E+01    0.80735E+06    0.55644E+02
   472    0.22645E+02   -0.40251E+00   -0.28606E+01    0.80483E+06    0.55300E+02
   473    0.23319E+02   -0.41513E+00   -0.29498E+01    0.80207E+06    0.54958E+02
   474    0.23955E+02   -0.42599E+00   -0.30336E+01    0.79906E+06    0.54618E+02
   475    0.24557E+02   -0.43661E+00   -0.31036E+01    0.79583E+06    0.54279E+02
   476    0.24977E+02   -0.44475E+00   -0.31610E+01    0.79237E+06    0.53942E+02
   477    0.25290E+02   -0.45192E+00   -0.32148E+01    0.78870E+06    0.53606E+02
   478    0.25572E+02   -0.45812E+00   -0.32453E+01    0.78483E+06    0.53271E+02
   479    0.25750E+02   -0.46188E+00   -0.32762E+01    0.78076E+06    0.52938E+02
   480    0.25826E+02   -0.46395E+00   -0.32874E+01    0.77651E+06    0.52606E+02
   481    0.25800E+02   -0.46435E+00   -0.32816E+01    0.77208E+06    0.52275E+02
   482    0.25749E+02   -0.46233E+00   -0.32638E+01    0.76748E+06    0.51945E+02
   483    0.25451E+02   -0.45865E+00   -0.32355E+01    0.76273E+06    0.51616E+02
   484    0.24981E+02   -0.45258E+00   -0.31897E+01    0.75782E+06    0.51289E+02
   485    0.24564E+02   -0.44487E+00   -0.31271E+01    0.75277E+06    0.50962E+02
   486    0.23978E+02   -0.43404E+00   -0.30489E+01    0.74759E+06    0.50636E+02
   487    0.23225E+02   -0.42085E+00   -0.29543E+01    0.74228E+06    0.50311E+02
   488    0.22306E+02   -0.40604E+00   -0.28417E+01    0.73686E+06    0.49987E+02
   489    0.21297E+02   -0.38815E+00   -0.27116E+01    0.73133E+06    0.49663E+02
   490    0.20198E+02   -0.36718E+00   -0.25625E+01    0.72571E+06    0.49340E+02
   491    0.18789E+02   -0.34389E+00   -0.23962E+01    0.71999E+06    0.49018E+02
   492    0.17367E+02   -0.31754E+00   -0.22113E+01    0.71420E+06    0.48696E+02
   493    0.15786E+02   -0.28962E+00   -0.20054E+01    0.70834E+06    0.48375E+02
   494    0.14048E+02   -0.25718E+00   -0.17812E+01    0.70241E+06    0.48054E+02
   495    0.12078E+02   -0.22245E+00   -0.15364E+01    0.69643E+06    0.47733E+02
   496    0.99531E+01   -0.18396E+00   -0.12716E+01    0.69041E+06    0.47413E+02
   497    0.76742E+01   -0.14246E+00   -0.98510E+00    0.68435E+06    0.47093E+02
   498    0.52427E+01   -0.98705E-01   -0.67901E+00    0.67827E+06    0.46773E+02
   499    0.27342E+01   -0.50472E-01   -0.34946E+00    0.67216E+06    0.46453E+02
   500    0.14874E-02    0.00000E+00    0.00000E+00    0.66605E+06    0.46134E+02
