#    L    TT             EE             TE             PP             TP          
     2    0.28403E+03    0.61225E-10   -0.90446E-05    0.84064E+06    0.28685E+05
     3    0.20173E+03    0.19109E-10    0.67251E-05    0.12986E+07    0.32431E+05
     4    0.15305E+03    0.52118E-11    0.53580E-05    0.17035E+07    0.33845E+05
     5    0.12121E+03    0.17773E-11    0.27314E-05    0.20595E+07    0.34120E+05
     6    0.98885E+02    0.74224E-12    0.25700E-05    0.23717E+07    0.33783E+05
     7    0.82463E+02    0.50319E-12    0.35358E-05    0.26461E+07    0.33110E+05
     8    0.69943E+02    0.52753E-12    0.37888E-05    0.28877E+07    0.32253E+05
     9    0.60138E+02    0.43042E-12    0.29476E-05    0.31010E+07    0.31303E+05
    10    0.52280E+02    0.22130E-12    0.17566E-05    0.32895E+07    0.30306E+05
    11    0.45880E+02    0.83024E-13    0.95994E-06    0.34569E+07    0.29302E+05
    12    0.40726E+02    0.10382E-03   -0.23721E-03    0.36049E+07    0.28302E+05
    13    0.36124E+02    0.95082E-13    0.87592E-06    0.37355E+07    0.27318E+05
    14    0.32310E+02   -0.27194E-04    0.79548E-04    0.38513E+07    0.26361E+05
    15    0.29122E+02    0.10982E-12    0.10448E-05    0.39536E+07    0.25434E+05
    16    0.26304E+02   -0.22586E-04    0.32402E-03    0.40438E+07    0.24541E+05
    17    0.23912E+02    0.56376E-13    0.63593E-06    0.41232E+07    0.23681E+05
    18    0.21358E+02    0.11488E-04   -0.52567E-03    0.41929E+07    0.22856E+05
    19    0.19927E+02    0.25787E-13    0.26778E-06    0.42536E+07    0.22064E+05
    20    0.18314E+02    0.10034E-04   -0.10673E-04    0.43059E+07    0.21303E+05
    21    0.16805E+02    0.21953E-13    0.29651E-06    0.43507E+07    0.20572E+05
    22    0.15539E+02   -0.67106E-05   -0.42713E-04    0.43890E+07    0.19874E+05
    23    0.14319E+02    0.59947E-13    0.50727E-06    0.44212E+07    0.19204E+05
    24    0.13238E+02   -0.45945E-05    0.19323E-03    0.44476E+07    0.18563E+05
    25    0.12306E+02    0.96101E-13    0.60276E-06    0.44690E+07    0.17948E+05
    26    0.11386E+02    0.45677E-05    0.17377E-03    0.44856E+07    0.17358E+05
    27    0.10656E+02    0.80196E-13    0.50266E-06    0.44981E+07    0.16794E+05
    28    0.99143E+01    0.62322E-06   -0.24433E-03    0.45066E+07    0.16253E+05
    29    0.92889E+01    0.42772E-13    0.30456E-06    0.45114E+07    0.15733E+05
    30    0.87617E+01   -0.21393E-05    0.16693E-04    0.45125E+07    0.15234E+05
    31    0.81431E+01    0.23815E-13    0.13111E-06    0.45105E+07    0.14754E+05
    32    0.76078E+01    0.18985E-05    0.16031E-03    0.45057E+07    0.14294E+05
    33    0.71762E+01    0.19314E-13    0.48008E-07    0.44983E+07    0.13852E+05
    34    0.67313E+01    0.58091E-06   -0.27666E-03    0.44886E+07    0.13428E+05
    35    0.63541E+01    0.15699E-13    0.55925E-07    0.44767E+07    0.13020E+05
    36    0.60443E+01   -0.13653E-06    0.46382E-03    0.44628E+07    0.12628E+05
    37    0.56504E+01    0.14386E-13    0.11514E-06    0.44471E+07    0.12251E+05
    38    0.53114E+01    0.41830E-05   -0.55393E-03    0.44296E+07    0.11889E+05
    39    0.50688E+01    0.55145E-05   -0.64612E-03    0.44107E+07    0.11540E+05
    40    0.47727E+01    0.24893E-13    0.20379E-06    0.43902E+07    0.11204E+05
    41    0.46268E+01   -0.10177E-04    0.12921E-02    0.43684E+07    0.10881E+05
    42    0.43935E+01   -0.18179E-04    0.24752E-02    0.43454E+07    0.10569E+05
    43    0.41890E+01   -0.16190E-04    0.26483E-02    0.43212E+07    0.10268E+05
    44    0.38324E+01   -0.11250E-04    0.18018E-02    0.42960E+07    0.99787E+04
    45    0.36629E+01    0.30120E-13    0.20200E-06    0.42699E+07    0.96995E+04
    46    0.35816E+01    0.21386E-04   -0.44409E-02    0.42430E+07    0.94302E+04
    47    0.34465E+01    0.45231E-04   -0.10322E-01    0.42154E+07    0.91704E+04
    48    0.31978E+01    0.68040E-04   -0.13066E-01    0.41870E+07    0.89198E+04
    49    0.29239E+01    0.64032E-04   -0.86922E-02    0.41581E+07    0.86779E+04
    50    0.28623E+01    0.92821E-14    0.91358E-07    0.41287E+07    0.84445E+04
    51    0.27994E+01   -0.15865E-03    0.87114E-02    0.40988E+07    0.82191E+04
    52    0.29473E+01   -0.32573E-03    0.12776E-01    0.40686E+07    0.80014E+04
    53    0.29191E+01   -0.34961E-03    0.92855E-02    0.40380E+07    0.77912E+04
    54    0.26248E+01   -0.23463E-03    0.33016E-02    0.40070E+07    0.75880E+04
    55    0.22716E+01    0.38676E-14    0.23916E-07    0.39759E+07    0.73917E+04
    56    0.20715E+01    0.21343E-03   -0.17291E-02    0.39445E+07    0.72019E+04
    57    0.19586E+01    0.29820E-03   -0.18358E-02    0.39129E+07    0.70183E+04
    58    0.19458E+01    0.26287E-03   -0.12124E-02    0.38812E+07    0.68407E+04
    59    0.18976E+01    0.14575E-03   -0.77348E-03    0.38493E+07    0.66689E+04
    60    0.18272E+01    0.24846E-14    0.21998E-07    0.38173E+07    0.65026E+04
    61    0.20409E+01   -0.80085E-04    0.18113E-02    0.37852E+07    0.63415E+04
    62    0.19381E+01   -0.10301E-03    0.37228E-02    0.37531E+07    0.61856E+04
    63    0.17316E+01   -0.10297E-03    0.47585E-02    0.37210E+07    0.60346E+04
    64    0.17085E+01   -0.62183E-04    0.37191E-02    0.36889E+07    0.58884E+04
    65    0.14872E+01    0.53911E-14    0.42141E-07    0.36569E+07    0.57467E+04
    66    0.13542E+01    0.21984E-04   -0.46037E-02    0.36249E+07    0.56095E+04
    67    0.11482E+01    0.10896E-04   -0.77600E-02    0.35930E+07    0.54765E+04
    68    0.11533E+01    0.13330E-04   -0.83024E-02    0.35613E+07    0.53477E+04
    69    0.11332E+01   -0.58331E-05   -0.49903E-02    0.35297E+07    0.52228E+04
    70    0.12235E+01    0.81570E-14    0.46957E-07    0.34983E+07    0.51018E+04
    71    0.12682E+01    0.25785E-04    0.38996E-02    0.34670E+07    0.49844E+04
    72    0.12843E+01    0.53062E-04    0.55055E-02    0.34358E+07    0.48705E+04
    73    0.12201E+01    0.56304E-04    0.45079E-02    0.34049E+07    0.47600E+04
    74    0.10984E+01    0.32269E-04    0.20827E-02    0.33741E+07    0.46528E+04
    75    0.10164E+01    0.46411E-14    0.35785E-07    0.33435E+07    0.45488E+04
    76    0.91513E+00   -0.30693E-04   -0.95235E-03    0.33131E+07    0.44477E+04
    77    0.85470E+00   -0.57223E-04   -0.10189E-02    0.32829E+07    0.43496E+04
    78    0.88789E+00   -0.41664E-04   -0.21692E-02    0.32529E+07    0.42543E+04
    79    0.84458E+00   -0.27803E-04   -0.11730E-02    0.32231E+07    0.41617E+04
    80    0.85181E+00    0.19689E-14    0.22637E-07    0.31936E+07    0.40718E+04
    81    0.81833E+00    0.27379E-05    0.31531E-03    0.31643E+07    0.39845E+04
    82    0.81968E+00    0.12525E-04    0.24967E-03    0.31353E+07    0.38996E+04
    83    0.78743E+00    0.14258E-04   -0.27075E-03    0.31066E+07    0.38172E+04
    84    0.80168E+00    0.15117E-04    0.16587E-03    0.30781E+07    0.37370E+04
    85    0.71969E+00    0.15939E-14    0.15026E-07    0.30500E+07    0.36592E+04
    86    0.62086E+00   -0.80104E-05   -0.13641E-03    0.30221E+07    0.35836E+04
    87    0.73018E+00   -0.26216E-04    0.24021E-03    0.29946E+07    0.35100E+04
    88    0.60337E+00   -0.26302E-04    0.83362E-03    0.29673E+07    0.34385E+04
    89    0.61328E+00   -0.96688E-05   -0.13813E-03    0.29404E+07    0.33690E+04
    90    0.61274E+00    0.10313E-14    0.11914E-07    0.29137E+07    0.33013E+04
    91    0.52928E+00    0.88892E-05    0.16983E-03    0.28874E+07    0.32355E+04
    92    0.51470E+00    0.16379E-04    0.62228E-03    0.28614E+07    0.31714E+04
    93    0.57265E+00    0.29435E-04    0.82642E-03    0.28357E+07    0.31090E+04
    94    0.48388E+00    0.25308E-04    0.17369E-02    0.28103E+07    0.30482E+04
    95    0.47489E+00    0.18391E-04    0.20800E-02    0.27852E+07    0.29891E+04
    96    0.25216E+00    0.82198E-05    0.20674E-02    0.27604E+07    0.29316E+04
    97    0.26501E+00   -0.56680E-05    0.19112E-02    0.27359E+07    0.28756E+04
    98    0.29423E+00   -0.16308E-04    0.33087E-02    0.27118E+07    0.28211E+04
    99    0.19487E+00   -0.46450E-04    0.27578E-02    0.26879E+07    0.27680E+04
   100    0.19341E+00   -0.81699E-04    0.41844E-02    0.26643E+07    0.27163E+04
   101    0.14490E+00   -0.48236E-04    0.40862E-02    0.26410E+07    0.26660E+04
   102    0.42440E+00   -0.80235E-04    0.41607E-02    0.26180E+07    0.26171E+04
   103    0.44125E+00   -0.89020E-04    0.31342E-02    0.25952E+07    0.25694E+04
   104    0.49622E+00   -0.60196E-04    0.34469E-02    0.25728E+07    0.25229E+04
   105    0.51865E+00   -0.53656E-04    0.30823E-02    0.25506E+07    0.24776E+04
   106    0.58646E+00    0.19279E-04    0.22523E-02    0.25288E+07    0.24335E+04
   107    0.40612E+00    0.24434E-04    0.19114E-02    0.25072E+07    0.23905E+04
   108    0.42697E+00    0.50485E-04    0.78595E-03    0.24859E+07    0.23485E+04
   109    0.42978E+00    0.37543E-04   -0.16942E-03    0.24648E+07    0.23075E+04
   110    0.34390E+00    0.37504E-15    0.47677E-08    0.24441E+07    0.22676E+04
   111    0.24793E+00    0.25783E-04   -0.72092E-03    0.24236E+07    0.22285E+04
   112    0.14897E+00    0.51254E-04   -0.21128E-02    0.24034E+07    0.21904E+04
   113    0.12911E+00    0.86308E-04   -0.32119E-02    0.23834E+07    0.21531E+04
   114    0.47571E-01    0.66557E-04   -0.37972E-02    0.23637E+07    0.21168E+04
   115    0.60725E-01    0.15046E-03   -0.43908E-02    0.23443E+07    0.20812E+04
   116   -0.46481E-01    0.12507E-03   -0.47717E-02    0.23251E+07    0.20465E+04
   117    0.30885E-01    0.74553E-04   -0.47190E-02    0.23062E+07    0.20127E+04
   118    0.15205E+00    0.15738E-03   -0.54974E-02    0.22876E+07    0.19796E+04
   119    0.17626E+00    0.23488E-03   -0.54004E-02    0.22692E+07    0.19473E+04
   120    0.25986E+00    0.16838E-03   -0.49499E-02    0.22510E+07    0.19157E+04
   121    0.26209E+00    0.26490E-03   -0.46678E-02    0.22331E+07    0.18849E+04
   122    0.26504E+00    0.23721E-03   -0.43333E-02    0.22154E+07    0.18547E+04
   123    0.27649E+00    0.16949E-03   -0.44681E-02    0.21979E+07    0.18253E+04
   124    0.30426E+00    0.14592E-03   -0.26230E-02    0.21807E+07    0.17965E+04
   125    0.28185E+00    0.10210E-03   -0.15484E-02    0.21637E+07    0.17684E+04
   126    0.29134E+00    0.12222E-03   -0.10233E-02    0.21470E+07    0.17409E+04
   127    0.26626E+00    0.67608E-04   -0.82677E-03    0.21305E+07    0.17141E+04
   128    0.21439E+00    0.96719E-04   -0.73800E-03    0.21142E+07    0.16878E+04
   129    0.21783E+00    0.70884E-04   -0.53605E-03    0.20981E+07    0.16621E+04
   130    0.21008E+00    0.20627E-14    0.75816E-08    0.20822E+07    0.16369E+04
   131    0.19928E+00    0.40701E-04   -0.11275E-02    0.20665E+07    0.16123E+04
   132    0.26918E+00    0.45184E-04   -0.14194E-02    0.20511E+07    0.15882E+04
   133    0.28103E+00    0.86669E-04   -0.35664E-02    0.20359E+07    0.15646E+04
   134    0.31891E+00    0.16409E-03   -0.35737E-02    0.20208E+07    0.15415E+04
   135    0.39263E+00    0.20211E-03   -0.48750E-02    0.20060E+07    0.15188E+04
   136    0.36343E+00    0.19965E-03   -0.42183E-02    0.19913E+07    0.14967E+04
   137    0.38968E+00    0.22994E-03   -0.42943E-02    0.19769E+07    0.14750E+04
   138    0.40691E+00    0.21763E-03   -0.40796E-02    0.19626E+07    0.14538E+04
   139    0.27636E+00    0.31022E-03   -0.32936E-02    0.19486E+07    0.14330E+04
   140    0.30496E+00    0.28381E-03   -0.31413E-02    0.19347E+07    0.14126E+04
   141    0.20540E+00    0.21161E-03   -0.18566E-02    0.19210E+07    0.13927E+04
   142    0.21032E+00    0.16683E-03   -0.64437E-03    0.19074E+07    0.13732E+04
   143    0.25525E+00    0.14843E-03    0.33036E-04    0.18940E+07    0.13540E+04
   144    0.20143E+00    0.81045E-04    0.45625E-03    0.18808E+07    0.13352E+04
   145    0.13295E+00    0.11218E-03    0.90586E-03    0.18678E+07    0.13169E+04
   146    0.28247E+00    0.17933E-04    0.91965E-03    0.18549E+07    0.12988E+04
   147    0.21409E+00    0.20080E-04    0.15210E-02    0.18422E+07    0.12811E+04
   148    0.16047E+00   -0.31007E-04    0.76213E-03    0.18296E+07    0.12638E+04
   149    0.20570E+00   -0.62107E-04   -0.33364E-03    0.18172E+07    0.12468E+04
   150    0.13674E+00    0.18752E-15    0.11617E-08    0.18050E+07    0.12301E+04
   151    0.11164E+00    0.77267E-04   -0.16144E-02    0.17928E+07    0.12137E+04
   152   -0.99586E-02    0.80850E-04   -0.38724E-02    0.17808E+07    0.11976E+04
   153   -0.71583E-01    0.14206E-03   -0.46709E-02    0.17690E+07    0.11817E+04
   154   -0.13963E+00    0.24362E-03   -0.63636E-02    0.17573E+07    0.11662E+04
   155   -0.20619E+00    0.36829E-03   -0.83328E-02    0.17457E+07    0.11510E+04
   156   -0.41196E+00    0.49880E-03   -0.10704E-01    0.17342E+07    0.11360E+04
   157   -0.45189E+00    0.61790E-03   -0.12116E-01    0.17229E+07    0.11213E+04
   158   -0.54094E+00    0.78259E-03   -0.13437E-01    0.17117E+07    0.11069E+04
   159   -0.67122E+00    0.82706E-03   -0.14794E-01    0.17007E+07    0.10927E+04
   160   -0.76055E+00    0.88262E-03   -0.14824E-01    0.16897E+07    0.10788E+04
   161   -0.80104E+00    0.10063E-02   -0.15139E-01    0.16789E+07    0.10651E+04
   162   -0.85907E+00    0.10322E-02   -0.15864E-01    0.16682E+07    0.10517E+04
   163   -0.77818E+00    0.10175E-02   -0.15639E-01    0.16576E+07    0.10385E+04
   164   -0.84761E+00    0.10190E-02   -0.16075E-01    0.16471E+07    0.10255E+04
   165   -0.76233E+00    0.94538E-03   -0.15068E-01    0.16367E+07    0.10128E+04
   166   -0.66301E+00    0.92781E-03   -0.14230E-01    0.16265E+07    0.10003E+04
   167   -0.46748E+00    0.72622E-03   -0.14427E-01    0.16163E+07    0.98799E+03
   168   -0.39069E+00    0.69477E-03   -0.13558E-01    0.16063E+07    0.97591E+03
   169   -0.27617E+00    0.51905E-03   -0.11747E-01    0.15963E+07    0.96403E+03
   170   -0.11604E+00    0.40467E-03   -0.10605E-01    0.15865E+07    0.95235E+03
   171   -0.50970E-01    0.33435E-03   -0.80286E-02    0.15767E+07    0.94086E+03
   172    0.12271E-02    0.21656E-03   -0.56291E-02    0.15671E+07    0.92956E+03
   173   -0.25842E-01    0.34034E-04   -0.35315E-02    0.15575E+07    0.91845E+03
   174    0.24285E-01    0.66645E-04   -0.18610E-02    0.15480E+07    0.90751E+03
   175    0.85220E-01    0.00000E+00   -0.46084E-10    0.15387E+07    0.89674E+03
   176    0.16414E-01    0.36738E-04    0.19737E-02    0.15294E+07    0.88614E+03
   177   -0.25055E-01    0.70562E-04    0.26861E-02    0.15202E+07    0.87571E+03
   178   -0.10484E+00    0.28936E-03    0.37823E-02    0.15110E+07    0.86544E+03
   179   -0.21429E+00    0.36102E-03    0.54213E-02    0.15020E+07    0.85532E+03
   180   -0.19622E+00    0.47345E-03    0.62767E-02    0.14930E+07    0.84536E+03
   181   -0.26484E+00    0.59167E-03    0.65077E-02    0.14841E+07    0.83555E+03
   182   -0.33724E+00    0.75500E-03    0.77592E-02    0.14753E+07    0.82590E+03
   183   -0.47905E+00    0.85420E-03    0.87047E-02    0.14666E+07    0.81639E+03
   184   -0.53308E+00    0.92858E-03    0.10246E-01    0.14580E+07    0.80702E+03
   185   -0.56498E+00    0.10917E-02    0.10315E-01    0.14494E+07    0.79780E+03
   186   -0.93753E+00    0.11676E-02    0.12040E-01    0.14409E+07    0.78871E+03
   187   -0.97354E+00    0.12623E-02    0.14096E-01    0.14324E+07    0.77976E+03
   188   -0.10358E+01    0.13260E-02    0.15157E-01    0.14241E+07    0.77094E+03
   189   -0.11899E+01    0.13610E-02    0.16867E-01    0.14158E+07    0.76225E+03
   190   -0.98166E+00    0.13842E-02    0.17157E-01    0.14075E+07    0.75369E+03
   191   -0.11451E+01    0.13829E-02    0.19157E-01    0.13994E+07    0.74525E+03
   192   -0.11517E+01    0.13446E-02    0.20798E-01    0.13913E+07    0.73694E+03
   193   -0.12157E+01    0.12787E-02    0.20754E-01    0.13832E+07    0.72874E+03
   194   -0.11055E+01    0.11801E-02    0.21412E-01    0.13753E+07    0.72066E+03
   195   -0.10355E+01    0.10509E-02    0.20704E-01    0.13674E+07    0.71269E+03
   196   -0.99683E+00    0.89326E-03    0.19530E-01    0.13595E+07    0.70483E+03
   197   -0.83244E+00    0.71685E-03    0.16565E-01    0.13517E+07    0.69708E+03
   198   -0.60796E+00    0.50895E-03    0.12711E-01    0.13440E+07    0.68943E+03
   199   -0.31474E+00    0.27175E-03    0.73839E-02    0.13363E+07    0.68189E+03
   200    0.55856E-01    0.00000E+00   -0.21422E-11    0.13286E+07    0.67444E+03
   201    0.43659E+00   -0.28135E-03   -0.84539E-02    0.13211E+07    0.66709E+03
   202    0.90248E+00   -0.59737E-03   -0.18882E-01    0.13135E+07    0.65983E+03
   203    0.13784E+01   -0.92061E-03   -0.29875E-01    0.13061E+07    0.65267E+03
   204    0.17892E+01   -0.12608E-02   -0.43737E-01    0.12986E+07    0.64560E+03
   205    0.22826E+01   -0.16054E-02   -0.57575E-01    0.12913E+07    0.63863E+03
   206    0.27091E+01   -0.19491E-02   -0.71984E-01    0.12839E+07    0.63174E+03
   207    0.32166E+01   -0.23019E-02   -0.86745E-01    0.12767E+07    0.62494E+03
   208    0.35813E+01   -0.26435E-02   -0.10171E+00    0.12694E+07    0.61823E+03
   209    0.39508E+01   -0.29838E-02   -0.11658E+00    0.12623E+07    0.61161E+03
   210    0.43244E+01   -0.33028E-02   -0.13159E+00    0.12551E+07    0.60508E+03
   211    0.47012E+01   -0.36027E-02   -0.14613E+00    0.12480E+07    0.59863E+03
   212    0.49318E+01   -0.38858E-02   -0.16047E+00    0.12410E+07    0.59226E+03
   213    0.52382E+01   -0.41395E-02   -0.17389E+00    0.12340E+07    0.58598E+03
   214    0.54709E+01   -0.44033E-02   -0.18694E+00    0.12270E+07    0.57978E+03
   215    0.57034E+01   -0.45160E-02   -0.19969E+00    0.12201E+07    0.57366E+03
   216    0.58605E+01   -0.46954E-02   -0.21095E+00    0.12133E+07    0.56762E+03
   217    0.60901E+01   -0.48174E-02   -0.22206E+00    0.12064E+07    0.56166E+03
   218    0.62425E+01   -0.49140E-02   -0.23214E+00    0.11996E+07    0.55578E+03
   219    0.63914E+01   -0.50172E-02   -0.23956E+00    0.11929E+07    0.54998E+03
   220    0.65357E+01   -0.50105E-02   -0.24809E+00    0.11862E+07    0.54425E+03
   221    0.66748E+01   -0.50002E-02   -0.25486E+00    0.11795E+07    0.53859E+03
   222    0.68077E+01   -0.48696E-02   -0.26067E+00    0.11729E+07    0.53301E+03
   223    0.67849E+01   -0.47250E-02   -0.26412E+00    0.11663E+07    0.52751E+03
   224    0.69029E+01   -0.45985E-02   -0.26826E+00    0.11598E+07    0.52207E+03
   225    0.69378E+01   -0.43735E-02   -0.26945E+00    0.11533E+07    0.51671E+03
   226    0.69632E+01   -0.40820E-02   -0.27073E+00    0.11468E+07    0.51141E+03
   227    0.69038E+01   -0.37559E-02   -0.26996E+00    0.11404E+07    0.50618E+03
   228    0.69074E+01   -0.34273E-02   -0.26795E+00    0.11340E+07    0.50102E+03
   229    0.68988E+01   -0.30538E-02   -0.26553E+00    0.11276E+07    0.49593E+03
   230    0.68030E+01   -0.26675E-02   -0.26128E+00    0.11213E+07    0.49090E+03
   231    0.66190E+01   -0.22262E-02   -0.25528E+00    0.11150E+07    0.48594E+03
   232    0.64947E+01   -0.18360E-02   -0.24836E+00    0.11087E+07    0.48103E+03
   233    0.63547E+01   -0.13061E-02   -0.24132E+00    0.11024E+07    0.47620E+03
   234    0.60498E+01   -0.81706E-03   -0.23276E+00    0.10962E+07    0.47142E+03
   235    0.58019E+01   -0.32665E-03   -0.22351E+00    0.10901E+07    0.46670E+03
   236    0.54616E+01    0.13318E-03   -0.21288E+00    0.10839E+07    0.46204E+03
   237    0.51023E+01    0.60470E-03   -0.20172E+00    0.10778E+07    0.45744E+03
   238    0.47233E+01    0.11302E-02   -0.18933E+00    0.10717E+07    0.45290E+03
   239    0.43978E+01    0.15291E-02   -0.17582E+00    0.10657E+07    0.44841E+03
   240    0.39022E+01    0.18438E-02   -0.16272E+00    0.10596E+07    0.44398E+03
   241    0.35329E+01    0.21907E-02   -0.14865E+00    0.10536E+07    0.43960E+03
   242    0.31402E+01    0.23893E-02   -0.13367E+00    0.10477E+07    0.43527E+03
   243    0.27236E+01    0.25562E-02   -0.11859E+00    0.10417E+07    0.43100E+03
   244    0.22819E+01    0.25851E-02   -0.10203E+00    0.10358E+07    0.42677E+03
   245    0.18145E+01    0.25182E-02   -0.86270E-01    0.10299E+07    0.42260E+03
   246    0.13948E+01    0.23237E-02   -0.69168E-01    0.10240E+07    0.41847E+03
   247    0.10218E+01    0.18952E-02   -0.52285E-01    0.10181E+07    0.41439E+03
   248    0.62045E+00    0.15721E-02   -0.34955E-01    0.10123E+07    0.41036E+03
   249    0.33850E+00    0.80248E-03   -0.17253E-01    0.10065E+07    0.40637E+03
   250    0.26494E-01    0.00000E+00    0.72007E-13    0.10007E+07    0.40243E+03
   251   -0.16935E+00   -0.11553E-02    0.18203E-01    0.99495E+06    0.39853E+03
   252   -0.48029E+00   -0.24267E-02    0.36481E-01    0.98920E+06    0.39467E+03
   253   -0.54480E+00   -0.40141E-02    0.53948E-01    0.98348E+06    0.39085E+03
   254   -0.66991E+00   -0.55973E-02    0.71205E-01    0.97778E+06    0.38708E+03
   255   -0.79125E+00   -0.74504E-02    0.88851E-01    0.97210E+06    0.38335E+03
   256   -0.84443E+00   -0.91791E-02    0.10749E+00    0.96645E+06    0.37966E+03
   257   -0.83936E+00   -0.11206E-01    0.11954E+00    0.96083E+06    0.37601E+03
   258   -0.86021E+00   -0.13137E-01    0.13824E+00    0.95523E+06    0.37240E+03
   259   -0.84260E+00   -0.15097E-01    0.14933E+00    0.94967E+06    0.36884E+03
   260   -0.72216E+00   -0.17063E-01    0.16826E+00    0.94413E+06    0.36531E+03
   261   -0.65735E+00   -0.19087E-01    0.17336E+00    0.93862E+06    0.36182E+03
   262   -0.65807E+00   -0.20923E-01    0.18751E+00    0.93315E+06    0.35837E+03
   263   -0.36280E+00   -0.22770E-01    0.20387E+00    0.92771E+06    0.35496E+03
   264   -0.22716E+00   -0.24532E-01    0.21562E+00    0.92230E+06    0.35159E+03
   265   -0.18674E+00   -0.26259E-01    0.21593E+00    0.91692E+06    0.34826E+03
   266   -0.28619E-01   -0.27706E-01    0.22769E+00    0.91158E+06    0.34496E+03
   267    0.14470E-01   -0.29221E-01    0.22921E+00    0.90628E+06    0.34170E+03
   268    0.81187E-01   -0.30410E-01    0.23595E+00    0.90102E+06    0.33848E+03
   269    0.13064E-01   -0.31547E-01    0.24107E+00    0.89579E+06    0.33529E+03
   270    0.97335E-01   -0.32534E-01    0.24519E+00    0.89061E+06    0.33214E+03
   271    0.10125E+00   -0.33424E-01    0.24889E+00    0.88546E+06    0.32903E+03
   272    0.23775E+00   -0.33894E-01    0.24536E+00    0.88036E+06    0.32595E+03
   273    0.27409E+00   -0.34518E-01    0.25005E+00    0.87529E+06    0.32291E+03
   274    0.34894E+00   -0.34678E-01    0.24127E+00    0.87028E+06    0.31991E+03
   275    0.37811E+00   -0.34870E-01    0.24190E+00    0.86530E+06    0.31693E+03
   276    0.50027E+00   -0.34849E-01    0.23027E+00    0.86038E+06    0.31399E+03
   277    0.48266E+00   -0.34591E-01    0.22926E+00    0.85550E+06    0.31109E+03
   278    0.53823E+00   -0.34149E-01    0.21717E+00    0.85066E+06    0.30822E+03
   279    0.58281E+00   -0.33573E-01    0.20206E+00    0.84588E+06    0.30538E+03
   280    0.60648E+00   -0.32841E-01    0.19935E+00    0.84114E+06    0.30257E+03
   281    0.74792E+00   -0.31854E-01    0.18738E+00    0.83646E+06    0.29980E+03
   282    0.70009E+00   -0.30888E-01    0.17418E+00    0.83183E+06    0.29706E+03
   283    0.75022E+00   -0.29696E-01    0.16033E+00    0.82725E+06    0.29435E+03
   284    0.81413E+00   -0.28329E-01    0.14644E+00    0.82272E+06    0.29167E+03
   285    0.88191E+00   -0.26765E-01    0.13312E+00    0.81825E+06    0.28902E+03
   286    0.86939E+00   -0.25130E-01    0.11352E+00    0.81383E+06    0.28640E+03
   287    0.84094E+00   -0.23399E-01    0.10312E+00    0.80947E+06    0.28381E+03
   288    0.86095E+00   -0.21551E-01    0.87651E-01    0.80517E+06    0.28126E+03
   289    0.84523E+00   -0.19636E-01    0.75142E-01    0.80093E+06    0.27873E+03
   290    0.85817E+00   -0.17779E-01    0.66194E-01    0.79674E+06    0.27623E+03
   291    0.88986E+00   -0.15217E-01    0.46550E-01    0.79262E+06    0.27376E+03
   292    0.63326E+00   -0.13038E-01    0.39095E-01    0.78856E+06    0.27131E+03
   293    0.67276E+00   -0.11592E-01    0.22144E-01    0.78456E+06    0.26890E+03
   294    0.55273E+00   -0.93704E-02    0.18583E-01    0.78063E+06    0.26651E+03
   295    0.63471E+00   -0.78354E-02    0.67261E-02    0.77676E+06    0.26415E+03
   296    0.53736E+00   -0.54786E-02    0.20301E-02    0.77295E+06    0.26182E+03
   297    0.47365E+00   -0.45053E-02    0.50950E-02    0.76921E+06    0.25951E+03
   298    0.28510E+00   -0.26641E-02    0.16641E-02    0.76554E+06    0.25723E+03
   299    0.18466E+00   -0.67475E-03   -0.23422E-03    0.76194E+06    0.25497E+03
   300    0.13865E-01    0.00000E+00    0.00000E+00    0.75841E+06    0.25275E+03
   301   -0.16277E+00    0.87705E-03    0.10259E-01    0.75495E+06    0.25054E+03
   302   -0.28018E+00    0.12775E-02    0.30463E-01    0.75155E+06    0.24836E+03
   303   -0.42173E+00    0.20163E-02    0.45537E-01    0.74822E+06    0.24621E+03
   304   -0.59650E+00    0.31656E-02    0.55267E-01    0.74495E+06    0.24407E+03
   305   -0.73931E+00    0.33118E-02    0.74293E-01    0.74173E+06    0.24197E+03
   306   -0.93351E+00    0.32699E-02    0.94968E-01    0.73856E+06    0.23988E+03
   307   -0.11139E+01    0.31120E-02    0.10965E+00    0.73544E+06    0.23782E+03
   308   -0.12896E+01    0.43959E-02    0.14041E+00    0.73237E+06    0.23579E+03
   309   -0.13953E+01    0.42224E-02    0.15731E+00    0.72933E+06    0.23377E+03
   310   -0.15888E+01    0.34063E-02    0.18242E+00    0.72633E+06    0.23178E+03
   311   -0.17305E+01    0.42485E-02    0.20067E+00    0.72337E+06    0.22982E+03
   312   -0.18296E+01    0.38496E-02    0.22671E+00    0.72043E+06    0.22787E+03
   313   -0.19694E+01    0.37674E-02    0.24545E+00    0.71752E+06    0.22595E+03
   314   -0.20846E+01    0.40740E-02    0.27154E+00    0.71462E+06    0.22405E+03
   315   -0.21845E+01    0.33559E-02    0.28990E+00    0.71175E+06    0.22217E+03
   316   -0.22780E+01    0.31709E-02    0.30775E+00    0.70889E+06    0.22031E+03
   317   -0.23742E+01    0.21055E-02    0.32487E+00    0.70603E+06    0.21847E+03
   318   -0.24823E+01    0.24602E-02    0.34105E+00    0.70318E+06    0.21665E+03
   319   -0.25371E+01    0.20787E-02    0.35606E+00    0.70034E+06    0.21486E+03
   320   -0.25475E+01    0.17759E-02    0.37712E+00    0.69749E+06    0.21308E+03
   321   -0.25971E+01    0.23668E-02    0.38916E+00    0.69464E+06    0.21133E+03
   322   -0.26205E+01    0.16949E-02    0.39938E+00    0.69177E+06    0.20959E+03
   323   -0.26269E+01    0.13182E-02    0.40758E+00    0.68889E+06    0.20787E+03
   324   -0.26254E+01    0.20516E-02    0.40610E+00    0.68600E+06    0.20618E+03
   325   -0.25507E+01    0.25286E-03    0.41702E+00    0.68308E+06    0.20450E+03
   326   -0.25605E+01    0.45130E-03    0.41041E+00    0.68014E+06    0.20284E+03
   327   -0.25154E+01    0.49047E-03    0.40833E+00    0.67717E+06    0.20120E+03
   328   -0.24244E+01   -0.30035E-03    0.41057E+00    0.67416E+06    0.19958E+03
   329   -0.23708E+01   -0.36335E-03    0.40205E+00    0.67112E+06    0.19798E+03
   330   -0.22895E+01   -0.11121E-02    0.38999E+00    0.66804E+06    0.19639E+03
   331   -0.21153E+01   -0.17316E-02    0.38160E+00    0.66491E+06    0.19482E+03
   332   -0.20059E+01   -0.14070E-02    0.37666E+00    0.66174E+06    0.19327E+03
   333   -0.18959E+01   -0.15517E-02    0.36752E+00    0.65851E+06    0.19174E+03
   334   -0.17203E+01   -0.13509E-02    0.35398E+00    0.65523E+06    0.19022E+03
   335   -0.16367E+01   -0.22180E-02    0.33582E+00    0.65189E+06    0.18873E+03
   336   -0.15056E+01   -0.25953E-02    0.32024E+00    0.64848E+06    0.18724E+03
   337   -0.13360E+01   -0.24107E-02    0.29217E+00    0.64501E+06    0.18578E+03
   338   -0.12114E+01   -0.30777E-02    0.27369E+00    0.64146E+06    0.18433E+03
   339   -0.99231E+00   -0.22956E-02    0.24972E+00    0.63784E+06    0.18289E+03
   340   -0.83630E+00   -0.22210E-02    0.23489E+00    0.63415E+06    0.18147E+03
   341   -0.75249E+00   -0.27816E-02    0.20672E+00    0.63036E+06    0.18007E+03
   342   -0.60141E+00   -0.16768E-02    0.17983E+00    0.62650E+06    0.17868E+03
   343   -0.46641E+00   -0.18059E-02    0.15401E+00    0.62254E+06    0.17731E+03
   344   -0.28230E+00   -0.16110E-02    0.12905E+00    0.61849E+06    0.17595E+03
   345   -0.20673E+00   -0.17629E-02    0.10473E+00    0.61434E+06    0.17460E+03
   346   -0.10021E+00   -0.70383E-03    0.88264E-01    0.61008E+06    0.17327E+03
   347   -0.46119E-01   -0.59009E-03    0.64572E-01    0.60572E+06    0.17195E+03
   348    0.20749E-01   -0.60675E-03    0.40871E-01    0.60126E+06    0.17065E+03
   349    0.17026E-01    0.61127E-04    0.16943E-01    0.59667E+06    0.16936E+03
   350    0.79100E-02    0.00000E+00    0.00000E+00    0.59198E+06    0.16808E+03
   351    0.13418E+00    0.76342E-03   -0.17693E-01    0.58716E+06    0.16682E+03
   352    0.21772E-01    0.16595E-02   -0.36808E-01    0.58223E+06    0.16557E+03
   353   -0.33509E-01    0.19922E-02   -0.43252E-01    0.57721E+06    0.16433E+03
   354   -0.18158E+00    0.25510E-02   -0.60074E-01    0.57211E+06    0.16310E+03
   355   -0.27521E+00    0.33826E-02   -0.73179E-01    0.56695E+06    0.16189E+03
   356   -0.39002E+00    0.45338E-02   -0.75903E-01    0.56172E+06    0.16068E+03
   357   -0.52737E+00    0.53084E-02   -0.83866E-01    0.55646E+06    0.15949E+03
   358   -0.61431E+00    0.50104E-02   -0.82973E-01    0.55117E+06    0.15832E+03
   359   -0.80074E+00    0.51721E-02   -0.88846E-01    0.54586E+06    0.15715E+03
   360   -0.93945E+00    0.58403E-02   -0.91104E-01    0.54055E+06    0.15600E+03
   361   -0.11061E+01    0.63189E-02   -0.94968E-01    0.53526E+06    0.15485E+03
   362   -0.12276E+01    0.66545E-02   -0.98230E-01    0.52999E+06    0.15372E+03
   363   -0.13798E+01    0.76368E-02   -0.99424E-01    0.52476E+06    0.15260E+03
   364   -0.14896E+01    0.70839E-02   -0.10303E+00    0.51958E+06    0.15149E+03
   365   -0.16326E+01    0.72711E-02   -0.10386E+00    0.51447E+06    0.15039E+03
   366   -0.17360E+01    0.75022E-02   -0.10566E+00    0.50944E+06    0.14930E+03
   367   -0.18011E+01    0.63384E-02   -0.10696E+00    0.50450E+06    0.14823E+03
   368   -0.19777E+01    0.60549E-02   -0.10704E+00    0.49966E+06    0.14716E+03
   369   -0.19701E+01    0.59554E-02   -0.10888E+00    0.49494E+06    0.14611E+03
   370   -0.20025E+01    0.53441E-02   -0.10806E+00    0.49036E+06    0.14506E+03
   371   -0.20762E+01    0.42674E-02   -0.10905E+00    0.48592E+06    0.14403E+03
   372   -0.21183E+01    0.35151E-02   -0.10815E+00    0.48164E+06    0.14300E+03
   373   -0.21302E+01    0.23910E-02   -0.10911E+00    0.47754E+06    0.14199E+03
   374   -0.21131E+01    0.16846E-02   -0.10896E+00    0.47361E+06    0.14098E+03
   375   -0.21426E+01    0.69991E-03   -0.10848E+00    0.46989E+06    0.13999E+03
   376   -0.20717E+01    0.22640E-03   -0.10842E+00    0.46638E+06    0.13900E+03
   377   -0.19758E+01   -0.11748E-02   -0.10658E+00    0.46310E+06    0.13802E+03
   378   -0.19307E+01   -0.27143E-02   -0.10670E+00    0.46005E+06    0.13706E+03
   379   -0.18633E+01   -0.36023E-02   -0.10507E+00    0.45726E+06    0.13610E+03
   380   -0.17008E+01   -0.37922E-02   -0.10469E+00    0.45473E+06    0.13515E+03
   381   -0.15930E+01   -0.69515E-02   -0.10335E+00    0.45249E+06    0.13421E+03
   382   -0.15413E+01   -0.78336E-02   -0.10108E+00    0.45053E+06    0.13328E+03
   383   -0.13985E+01   -0.93631E-02   -0.10012E+00    0.44888E+06    0.13236E+03
   384   -0.11659E+01   -0.11493E-01   -0.97518E-01    0.44755E+06    0.13144E+03
   385   -0.10676E+01   -0.11949E-01   -0.95526E-01    0.44655E+06    0.13054E+03
   386   -0.88231E+00   -0.12912E-01   -0.92679E-01    0.44590E+06    0.12964E+03
   387   -0.75977E+00   -0.14335E-01   -0.89739E-01    0.44561E+06    0.12875E+03
   388   -0.62708E+00   -0.15429E-01   -0.85984E-01    0.44569E+06    0.12787E+03
   389   -0.48560E+00   -0.18376E-01   -0.82178E-01    0.44615E+06    0.12699E+03
   390   -0.33666E+00   -0.17929E-01   -0.76854E-01    0.44702E+06    0.12613E+03
   391   -0.18160E+00   -0.18499E-01   -0.72262E-01    0.44830E+06    0.12527E+03
   392   -0.96049E-01   -0.17067E-01   -0.66193E-01    0.45000E+06    0.12442E+03
   393    0.67214E-01   -0.16558E-01   -0.60155E-01    0.45214E+06    0.12358E+03
   394    0.15828E+00   -0.15439E-01   -0.52680E-01    0.45473E+06    0.12274E+03
   395    0.17581E+00   -0.14407E-01   -0.46019E-01    0.45780E+06    0.12191E+03
   396    0.26703E+00   -0.12673E-01   -0.37369E-01    0.46133E+06    0.12109E+03
   397    0.20775E+00   -0.10189E-01   -0.28831E-01    0.46537E+06    0.12027E+03
   398    0.21946E+00   -0.76510E-02   -0.19829E-01    0.46991E+06    0.11946E+03
   399    0.15227E+00   -0.42704E-02   -0.10259E-01    0.47496E+06    0.11866E+03
   400    0.48352E-02    0.00000E+00    0.00000E+00    0.48055E+06    0.11786E+03
   401   -0.14840E+00    0.44423E-02    0.10795E-01    0.48668E+06    0.11708E+03
   402   -0.30123E+00    0.89950E-02    0.22317E-01    0.49334E+06    0.11629E+03
   403   -0.52022E+00    0.15060E-01    0.34445E-01    0.50049E+06    0.11551E+03
   404   -0.79766E+00    0.21069E-01    0.48024E-01    0.50813E+06    0.11474E+03
   405   -0.10515E+01    0.26938E-01    0.61523E-01    0.51623E+06    0.11398E+03
   406   -0.14227E+01    0.34070E-01    0.76456E-01    0.52476E+06    0.11322E+03
   407   -0.17550E+01    0.40895E-01    0.90621E-01    0.53371E+06    0.11247E+03
   408   -0.21148E+01    0.48074E-01    0.10776E+00    0.54306E+06    0.11172E+03
   409   -0.24202E+01    0.56265E-01    0.12493E+00    0.55277E+06    0.11098E+03
   410   -0.28120E+01    0.63157E-01    0.14217E+00    0.56284E+06    0.11024E+03
   411   -0.31340E+01    0.70895E-01    0.16097E+00    0.57323E+06    0.10951E+03
   412   -0.35271E+01    0.78652E-01    0.17990E+00    0.58394E+06    0.10879E+03
   413   -0.39091E+01    0.86346E-01    0.19971E+00    0.59493E+06    0.10807E+03
   414   -0.43468E+01    0.93893E-01    0.21969E+00    0.60618E+06    0.10736E+03
   415   -0.46837E+01    0.10195E+00    0.24136E+00    0.61768E+06    0.10666E+03
   416   -0.50608E+01    0.10896E+00    0.26252E+00    0.62939E+06    0.10595E+03
   417   -0.54704E+01    0.11630E+00    0.28318E+00    0.64131E+06    0.10526E+03
   418   -0.58304E+01    0.12169E+00    0.30562E+00    0.65340E+06    0.10457E+03
   419   -0.61332E+01    0.12799E+00    0.32838E+00    0.66565E+06    0.10389E+03
   420   -0.64452E+01    0.13439E+00    0.35073E+00    0.67803E+06    0.10321E+03
   421   -0.66846E+01    0.14007E+00    0.37345E+00    0.69052E+06    0.10253E+03
   422   -0.69178E+01    0.14492E+00    0.39508E+00    0.70310E+06    0.10187E+03
   423   -0.72115E+01    0.14888E+00    0.41714E+00    0.71576E+06    0.10120E+03
   424   -0.74836E+01    0.15261E+00    0.43816E+00    0.72846E+06    0.10055E+03
   425   -0.76522E+01    0.15526E+00    0.45967E+00    0.74118E+06    0.99896E+02
   426   -0.77838E+01    0.15826E+00    0.48020E+00    0.75391E+06    0.99249E+02
   427   -0.79450E+01    0.16003E+00    0.49830E+00    0.76662E+06    0.98608E+02
   428   -0.80538E+01    0.16123E+00    0.51696E+00    0.77929E+06    0.97972E+02
   429   -0.81768E+01    0.16177E+00    0.53399E+00    0.79190E+06    0.97340E+02
   430   -0.81576E+01    0.16232E+00    0.54867E+00    0.80443E+06    0.96714E+02
   431   -0.81372E+01    0.16130E+00    0.56177E+00    0.81685E+06    0.96093E+02
   432   -0.81820E+01    0.15938E+00    0.57184E+00    0.82914E+06    0.95477E+02
   433   -0.80616E+01    0.15796E+00    0.58112E+00    0.84129E+06    0.94865E+02
   434   -0.79911E+01    0.15472E+00    0.58595E+00    0.85327E+06    0.94259E+02
   435   -0.78885E+01    0.15182E+00    0.58782E+00    0.86505E+06    0.93657E+02
   436   -0.76717E+01    0.14768E+00    0.58602E+00    0.87663E+06    0.93060E+02
   437   -0.74074E+01    0.14222E+00    0.58133E+00    0.88796E+06    0.92468E+02
   438   -0.71621E+01    0.13609E+00    0.57303E+00    0.89905E+06    0.91881E+02
   439   -0.67795E+01    0.12997E+00    0.55891E+00    0.90985E+06    0.91298E+02
   440   -0.64006E+01    0.12227E+00    0.54125E+00    0.92035E+06    0.90720E+02
   441   -0.59432E+01    0.11366E+00    0.51708E+00    0.93053E+06    0.90146E+02
   442   -0.55483E+01    0.10406E+00    0.48794E+00    0.94037E+06    0.89577E+02
   443   -0.49852E+01    0.94122E-01    0.45235E+00    0.94984E+06    0.89013E+02
   444   -0.43949E+01    0.83765E-01    0.41109E+00    0.95893E+06    0.88452E+02
   445   -0.37696E+01    0.70679E-01    0.36271E+00    0.96761E+06    0.87897E+02
   446   -0.31759E+01    0.58492E-01    0.30797E+00    0.97585E+06    0.87345E+02
   447   -0.24575E+01    0.45638E-01    0.24393E+00    0.98365E+06    0.86798E+02
   448   -0.17552E+01    0.30545E-01    0.17136E+00    0.99097E+06    0.86255E+02
   449   -0.91284E+00    0.15360E-01    0.91029E-01    0.99780E+06    0.85717E+02
   450    0.30804E-02    0.00000E+00    0.00000E+00    0.10041E+07    0.85182E+02
   451    0.92492E+00   -0.17093E-01   -0.99948E-01    0.10099E+07    0.84652E+02
   452    0.18551E+01   -0.34455E-01   -0.21041E+00    0.10151E+07    0.84126E+02
   453    0.29435E+01   -0.52095E-01   -0.32828E+00    0.10199E+07    0.83604E+02
   454    0.39686E+01   -0.70766E-01   -0.45412E+00    0.10241E+07    0.83086E+02
   455    0.50062E+01   -0.89735E-01   -0.58705E+00    0.10278E+07    0.82571E+02
   456    0.62060E+01   -0.10975E+00   -0.71948E+00    0.10311E+07    0.82060E+02
   457    0.72722E+01   -0.12935E+00   -0.86463E+00    0.10338E+07    0.81553E+02
   458    0.84292E+01   -0.14927E+00   -0.10030E+01    0.10362E+07    0.81050E+02
   459    0.96039E+01   -0.16878E+00   -0.11494E+01    0.10380E+07    0.80549E+02
   460    0.10798E+02   -0.18938E+00   -0.12969E+01    0.10394E+07    0.80053E+02
   461    0.11938E+02   -0.20960E+00   -0.14453E+01    0.10404E+07    0.79559E+02
   462    0.13100E+02   -0.23018E+00   -0.15879E+01    0.10410E+07    0.79069E+02
   463    0.14210E+02   -0.24965E+00   -0.17422E+01    0.10411E+07    0.78582E+02
   464    0.15271E+02   -0.26877E+00   -0.18778E+01    0.10409E+07    0.78098E+02
   465    0.16283E+02   -0.28753E+00   -0.20233E+01    0.10403E+07    0.77617E+02
   466    0.17323E+02   -0.30670E+00   -0.21557E+01    0.10392E+07    0.77139E+02
   467    0.18391E+02   -0.32480E+00   -0.22888E+01    0.10379E+07    0.76664E+02
   468    0.19340E+02   -0.34183E+00   -0.24144E+01    0.10361E+07    0.76192E+02
   469    0.20247E+02   -0.35930E+00   -0.25390E+01    0.10341E+07    0.75722E+02
   470    0.21185E+02   -0.37498E+00   -0.26542E+01    0.10317E+07    0.75255E+02
   471    0.21861E+02   -0.38889E+00   -0.27592E+01    0.10289E+07    0.74790E+02
   472    0.22646E+02   -0.40251E+00   -0.28606E+01    0.10259E+07    0.74327E+02
   473    0.23319E+02   -0.41513E+00   -0.29498E+01    0.10225E+07    0.73867E+02
   474    0.23956E+02   -0.42599E+00   -0.30336E+01    0.10189E+07    0.73410E+02
   475    0.24558E+02   -0.43661E+00   -0.31036E+01    0.10150E+07    0.72954E+02
   476    0.24978E+02   -0.44475E+00   -0.31610E+01    0.10108E+07    0.72500E+02
   477    0.25291E+02   -0.45192E+00   -0.32148E+01    0.10063E+07    0.72049E+02
   478    0.25573E+02   -0.45812E+00   -0.32453E+01    0.10017E+07    0.71599E+02
   479    0.25751E+02   -0.46188E+00   -0.32762E+01    0.99673E+06    0.71151E+02
   480    0.25826E+02   -0.46395E+00   -0.32874E+01    0.99157E+06    0.70705E+02
   481    0.25801E+02   -0.46435E+00   -0.32816E+01    0.98620E+06    0.70261E+02
   482    0.25750E+02   -0.46233E+00   -0.32638E+01    0.98062E+06    0.69818E+02
   483    0.25451E+02   -0.45865E+00   -0.32355E+01    0.97485E+06    0.69376E+02
   484    0.24982E+02   -0.45258E+00   -0.31897E+01    0.96890E+06    0.68936E+02
   485    0.24565E+02   -0.44487E+00   -0.31271E+01    0.96278E+06    0.68498E+02
   486    0.23979E+02   -0.43404E+00   -0.30489E+01    0.95649E+06    0.68060E+02
   487    0.23226E+02   -0.42085E+00   -0.29543E+01    0.95005E+06    0.67624E+02
   488    0.22307E+02   -0.40604E+00   -0.28417E+01    0.94348E+06    0.67189E+02
   489    0.21297E+02   -0.38815E+00   -0.27116E+01    0.93677E+06    0.66755E+02
   490    0.20198E+02   -0.36718E+00   -0.25625E+01    0.92994E+06    0.66321E+02
   491    0.18789E+02   -0.34389E+00   -0.23962E+01    0.92301E+06    0.65889E+02
   492    0.17368E+02   -0.31754E+00   -0.22113E+01    0.91598E+06    0.65457E+02
   493    0.15787E+02   -0.28962E+00   -0.20054E+01    0.90887E+06    0.65026E+02
   494    0.14048E+02   -0.25718E+00   -0.17812E+01    0.90168E+06    0.64596E+02
   495    0.12079E+02   -0.22245E+00   -0.15364E+01    0.89442E+06    0.64166E+02
   496    0.99536E+01   -0.18396E+00   -0.12716E+01    0.88711E+06    0.63736E+02
   497    0.76747E+01   -0.14246E+00   -0.98510E+00    0.87976E+06    0.63307E+02
   498    0.52432E+01   -0.98705E-01   -0.67901E+00    0.87237E+06    0.62878E+02
   499    0.27347E+01   -0.50472E-01   -0.34946E+00    0.86497E+06    0.62449E+02
   500    0.20073E-02    0.00000E+00    0.00000E+00    0.85755E+06    0.62020E+02
