#    L    TT             EE             TE             PP             TP          
     2    0.78726E+02    0.92648E-11   -0.21054E-06    0.31392E+06    0.87630E+04
     3    0.62598E+02    0.32903E-11    0.21180E-05    0.51692E+06    0.10925E+05
     4    0.51461E+02    0.10410E-11    0.15419E-05    0.70932E+06    0.12223E+05
     5    0.43378E+02    0.40940E-12    0.86180E-06    0.88897E+06    0.13009E+05
     6    0.37246E+02    0.19250E-12    0.88947E-06    0.10557E+07    0.13469E+05
     7    0.32433E+02    0.15100E-12    0.12295E-05    0.12099E+07    0.13711E+05
     8    0.28562E+02    0.16935E-12    0.13202E-05    0.13523E+07    0.13805E+05
     9    0.25385E+02    0.13980E-12    0.10414E-05    0.14839E+07    0.13797E+05
    10    0.22732E+02    0.71715E-13    0.64059E-06    0.16054E+07    0.13713E+05
    11    0.20491E+02    0.27310E-13    0.37457E-06    0.17181E+07    0.13579E+05
    12    0.18723E+02    0.10382E-03   -0.23765E-03    0.18221E+07    0.13406E+05
    13    0.16909E+02    0.36211E-13    0.37612E-06    0.19182E+07    0.13203E+05
    14    0.15420E+02   -0.27194E-04    0.78967E-04    0.20072E+07    0.12981E+05
    15    0.14189E+02    0.43708E-13    0.45281E-06    0.20896E+07    0.12746E+05
    16    0.13035E+02   -0.22586E-04    0.32352E-03    0.21658E+07    0.12502E+05
    17    0.12067E+02    0.23451E-13    0.28548E-06    0.22364E+07    0.12251E+05
    18    0.10740E+02    0.11488E-04   -0.52589E-03    0.23017E+07    0.11999E+05
    19    0.10374E+02    0.11116E-13    0.12711E-06    0.23620E+07    0.11744E+05
    20    0.96906E+01    0.10034E-04   -0.10798E-04    0.24176E+07    0.11490E+05
    21    0.89975E+01    0.96777E-14    0.14028E-06    0.24688E+07    0.11236E+05
    22    0.84488E+01   -0.67106E-05   -0.42925E-04    0.25160E+07    0.10986E+05
    23    0.78641E+01    0.27265E-13    0.24025E-06    0.25595E+07    0.10739E+05
    24    0.73476E+01   -0.45945E-05    0.19293E-03    0.25994E+07    0.10496E+05
    25    0.69187E+01    0.44903E-13    0.29156E-06    0.26360E+07    0.10257E+05
    26    0.64492E+01    0.45677E-05    0.17348E-03    0.26695E+07    0.10022E+05
    27    0.61225E+01    0.38485E-13    0.25021E-06    0.27001E+07    0.97932E+04
    28    0.57436E+01    0.62322E-06   -0.24453E-03    0.27280E+07    0.95689E+04
    29    0.54457E+01    0.21002E-13    0.15757E-06    0.27533E+07    0.93495E+04
    30    0.52148E+01   -0.21393E-05    0.16595E-04    0.27759E+07    0.91346E+04
    31    0.48649E+01    0.11761E-13    0.72553E-07    0.27962E+07    0.89246E+04
    32    0.45736E+01    0.18985E-05    0.16028E-03    0.28144E+07    0.87199E+04
    33    0.43642E+01    0.95693E-14    0.30329E-07    0.28306E+07    0.85205E+04
    34    0.41219E+01    0.58091E-06   -0.27668E-03    0.28449E+07    0.83261E+04
    35    0.39297E+01    0.79637E-14    0.34435E-07    0.28573E+07    0.81367E+04
    36    0.37893E+01   -0.13653E-06    0.46379E-03    0.28681E+07    0.79523E+04
    37    0.35506E+01    0.75828E-14    0.66285E-07    0.28773E+07    0.77727E+04
    38    0.33542E+01    0.41830E-05   -0.55399E-03    0.28850E+07    0.75979E+04
    39    0.32428E+01    0.55145E-05   -0.64620E-03    0.28913E+07    0.74277E+04
    40    0.30674E+01    0.13560E-13    0.11588E-06    0.28962E+07    0.72619E+04
    41    0.30329E+01   -0.10177E-04    0.12920E-02    0.28998E+07    0.71005E+04
    42    0.29025E+01   -0.18179E-04    0.24751E-02    0.29022E+07    0.69434E+04
    43    0.27931E+01   -0.16190E-04    0.26482E-02    0.29034E+07    0.67903E+04
    44    0.25246E+01   -0.11250E-04    0.18017E-02    0.29036E+07    0.66414E+04
    45    0.24365E+01    0.16959E-13    0.11771E-06    0.29027E+07    0.64963E+04
    46    0.24309E+01    0.21386E-04   -0.44409E-02    0.29009E+07    0.63552E+04
    47    0.23661E+01    0.45231E-04   -0.10322E-01    0.28982E+07    0.62179E+04
    48    0.21826E+01    0.68040E-04   -0.13066E-01    0.28947E+07    0.60842E+04
    49    0.19695E+01    0.64032E-04   -0.86923E-02    0.28904E+07    0.59541E+04
    50    0.19644E+01    0.54146E-14    0.55498E-07    0.28853E+07    0.58275E+04
    51    0.19541E+01   -0.15865E-03    0.87113E-02    0.28796E+07    0.57043E+04
    52    0.21513E+01   -0.32573E-03    0.12776E-01    0.28733E+07    0.55844E+04
    53    0.21690E+01   -0.34961E-03    0.92855E-02    0.28663E+07    0.54677E+04
    54    0.19175E+01   -0.23463E-03    0.33015E-02    0.28588E+07    0.53541E+04
    55    0.16044E+01    0.23674E-14    0.16078E-07    0.28507E+07    0.52435E+04
    56    0.14418E+01    0.21343E-03   -0.17291E-02    0.28422E+07    0.51359E+04
    57    0.13640E+01    0.29820E-03   -0.18358E-02    0.28331E+07    0.50310E+04
    58    0.13841E+01    0.26287E-03   -0.12124E-02    0.28237E+07    0.49289E+04
    59    0.13668E+01    0.14575E-03   -0.77349E-03    0.28138E+07    0.48294E+04
    60    0.13254E+01    0.15705E-14    0.14915E-07    0.28035E+07    0.47325E+04
    61    0.15662E+01   -0.80085E-04    0.18113E-02    0.27928E+07    0.46381E+04
    62    0.14890E+01   -0.10301E-03    0.37228E-02    0.27818E+07    0.45460E+04
    63    0.13065E+01   -0.10297E-03    0.47585E-02    0.27704E+07    0.44564E+04
    64    0.13060E+01   -0.62183E-04    0.37191E-02    0.27588E+07    0.43690E+04
    65    0.11059E+01    0.34222E-14    0.27747E-07    0.27469E+07    0.42839E+04
    66    0.99288E+00    0.21984E-04   -0.46037E-02    0.27348E+07    0.42009E+04
    67    0.80578E+00    0.10896E-04   -0.77600E-02    0.27224E+07    0.41201E+04
    68    0.82858E+00    0.13330E-04   -0.83025E-02    0.27099E+07    0.40414E+04
    69    0.82528E+00   -0.58331E-05   -0.49903E-02    0.26972E+07    0.39647E+04
    70    0.93131E+00    0.52974E-14    0.31320E-07    0.26844E+07    0.38899E+04
    71    0.99096E+00    0.25785E-04    0.38996E-02    0.26714E+07    0.38170E+04
    72    0.10211E+01    0.53062E-04    0.55054E-02    0.26582E+07    0.37459E+04
    73    0.97016E+00    0.56304E-04    0.45079E-02    0.26450E+07    0.36766E+04
    74    0.86108E+00    0.32269E-04    0.20827E-02    0.26316E+07    0.36089E+04
    75    0.79093E+00    0.30940E-14    0.24486E-07    0.26181E+07    0.35430E+04
    76    0.70087E+00   -0.30693E-04   -0.95236E-03    0.26045E+07    0.34786E+04
    77    0.65108E+00   -0.57223E-04   -0.10189E-02    0.25908E+07    0.34158E+04
    78    0.69432E+00   -0.41664E-04   -0.21692E-02    0.25770E+07    0.33544E+04
    79    0.66055E+00   -0.27803E-04   -0.11730E-02    0.25632E+07    0.32946E+04
    80    0.67681E+00    0.14064E-14    0.15993E-07    0.25493E+07    0.32362E+04
    81    0.65188E+00    0.27379E-05    0.31530E-03    0.25354E+07    0.31792E+04
    82    0.66135E+00    0.12525E-04    0.24966E-03    0.25215E+07    0.31236E+04
    83    0.63678E+00    0.14258E-04   -0.27075E-03    0.25076E+07    0.30693E+04
    84    0.65832E+00    0.15117E-04    0.16587E-03    0.24936E+07    0.30163E+04
    85    0.58325E+00    0.11251E-14    0.10893E-07    0.24797E+07    0.29646E+04
    86    0.49097E+00   -0.80104E-05   -0.13642E-03    0.24659E+07    0.29141E+04
    87    0.60652E+00   -0.26216E-04    0.24021E-03    0.24520E+07    0.28649E+04
    88    0.48563E+00   -0.26302E-04    0.83362E-03    0.24382E+07    0.28168E+04
    89    0.50115E+00   -0.96688E-05   -0.13813E-03    0.24245E+07    0.27698E+04
    90    0.50598E+00    0.75007E-15    0.87896E-08    0.24108E+07    0.27239E+04
    91    0.42762E+00    0.88892E-05    0.16982E-03    0.23971E+07    0.26790E+04
    92    0.41791E+00    0.16379E-04    0.62228E-03    0.23836E+07    0.26352E+04
    93    0.48049E+00    0.29435E-04    0.82641E-03    0.23701E+07    0.25924E+04
    94    0.39614E+00    0.25308E-04    0.17369E-02    0.23566E+07    0.25506E+04
    95    0.39135E+00    0.18391E-04    0.20800E-02    0.23433E+07    0.25097E+04
    96    0.17262E+00    0.82198E-05    0.20674E-02    0.23300E+07    0.24697E+04
    97    0.18927E+00   -0.56680E-05    0.19112E-02    0.23167E+07    0.24307E+04
    98    0.22210E+00   -0.16308E-04    0.33087E-02    0.23036E+07    0.23925E+04
    99    0.12617E+00   -0.46450E-04    0.27578E-02    0.22905E+07    0.23552E+04
   100    0.12797E+00   -0.81699E-04    0.41844E-02    0.22775E+07    0.23188E+04
   101    0.82558E-01   -0.48236E-04    0.40862E-02    0.22646E+07    0.22832E+04
   102    0.36499E+00   -0.80235E-04    0.41607E-02    0.22518E+07    0.22484E+04
   103    0.38464E+00   -0.89020E-04    0.31342E-02    0.22391E+07    0.22143E+04
   104    0.44227E+00   -0.60196E-04    0.34469E-02    0.22264E+07    0.21810E+04
   105    0.46722E+00   -0.53656E-04    0.30823E-02    0.22139E+07    0.21485E+04
   106    0.53742E+00    0.19279E-04    0.22523E-02    0.22014E+07    0.21166E+04
   107    0.35937E+00    0.24434E-04    0.19114E-02    0.21890E+07    0.20854E+04
   108    0.38241E+00    0.50485E-04    0.78595E-03    0.21767E+07    0.20549E+04
   109    0.38731E+00    0.37543E-04   -0.16942E-03    0.21646E+07    0.20251E+04
   110    0.30342E+00    0.37504E-15    0.36908E-08    0.21525E+07    0.19958E+04
   111    0.20937E+00    0.25783E-04   -0.72092E-03    0.21405E+07    0.19671E+04
   112    0.11225E+00    0.51254E-04   -0.21128E-02    0.21286E+07    0.19391E+04
   113    0.94146E-01    0.86308E-04   -0.32119E-02    0.21169E+07    0.19116E+04
   114    0.14298E-01    0.66557E-04   -0.37972E-02    0.21052E+07    0.18846E+04
   115    0.29071E-01    0.15046E-03   -0.43908E-02    0.20936E+07    0.18582E+04
   116   -0.76586E-01    0.12507E-03   -0.47717E-02    0.20822E+07    0.18324E+04
   117    0.22630E-02    0.74553E-04   -0.47190E-02    0.20708E+07    0.18070E+04
   118    0.12485E+00    0.15738E-03   -0.54974E-02    0.20595E+07    0.17822E+04
   119    0.15041E+00    0.23488E-03   -0.54004E-02    0.20484E+07    0.17579E+04
   120    0.23531E+00    0.16838E-03   -0.49499E-02    0.20373E+07    0.17341E+04
   121    0.23878E+00    0.26490E-03   -0.46678E-02    0.20263E+07    0.17107E+04
   122    0.24292E+00    0.23721E-03   -0.43333E-02    0.20155E+07    0.16878E+04
   123    0.25551E+00    0.16949E-03   -0.44681E-02    0.20047E+07    0.16654E+04
   124    0.28436E+00    0.14592E-03   -0.26230E-02    0.19941E+07    0.16434E+04
   125    0.26298E+00    0.10210E-03   -0.15484E-02    0.19835E+07    0.16218E+04
   126    0.27347E+00    0.12222E-03   -0.10233E-02    0.19731E+07    0.16007E+04
   127    0.24933E+00    0.67608E-04   -0.82677E-03    0.19627E+07    0.15799E+04
   128    0.19838E+00    0.96719E-04   -0.73800E-03    0.19525E+07    0.15596E+04
   129    0.20268E+00    0.70884E-04   -0.53605E-03    0.19423E+07    0.15397E+04
   130    0.19576E+00    0.16877E-14    0.59055E-08    0.19323E+07    0.15201E+04
   131    0.18576E+00    0.40701E-04   -0.11275E-02    0.19223E+07    0.15008E+04
   132    0.25643E+00    0.45184E-04   -0.14194E-02    0.19125E+07    0.14820E+04
   133    0.26902E+00    0.86669E-04   -0.35664E-02    0.19027E+07    0.14635E+04
   134    0.30760E+00    0.16409E-03   -0.35737E-02    0.18930E+07    0.14453E+04
   135    0.38200E+00    0.20211E-03   -0.48750E-02    0.18835E+07    0.14274E+04
   136    0.35344E+00    0.19965E-03   -0.42183E-02    0.18740E+07    0.14099E+04
   137    0.38032E+00    0.22994E-03   -0.42943E-02    0.18646E+07    0.13927E+04
   138    0.39814E+00    0.21763E-03   -0.40796E-02    0.18553E+07    0.13758E+04
   139    0.26816E+00    0.31022E-03   -0.32936E-02    0.18461E+07    0.13592E+04
   140    0.29730E+00    0.28381E-03   -0.31413E-02    0.18370E+07    0.13429E+04
   141    0.19826E+00    0.21161E-03   -0.18566E-02    0.18280E+07    0.13269E+04
   142    0.20367E+00    0.16683E-03   -0.64437E-03    0.18191E+07    0.13112E+04
   143    0.24908E+00    0.14843E-03    0.33035E-04    0.18102E+07    0.12957E+04
   144    0.19572E+00    0.81045E-04    0.45625E-03    0.18014E+07    0.12806E+04
   145    0.12767E+00    0.11218E-03    0.90586E-03    0.17927E+07    0.12656E+04
   146    0.27761E+00    0.17933E-04    0.91965E-03    0.17841E+07    0.12510E+04
   147    0.20963E+00    0.20080E-04    0.15210E-02    0.17756E+07    0.12366E+04
   148    0.15639E+00   -0.31007E-04    0.76213E-03    0.17671E+07    0.12224E+04
   149    0.20199E+00   -0.62107E-04   -0.33364E-03    0.17587E+07    0.12084E+04
   150    0.13338E+00    0.00000E+00    0.95555E-09    0.17504E+07    0.11947E+04
   151    0.10862E+00    0.77267E-04   -0.16144E-02    0.17421E+07    0.11812E+04
   152   -0.12649E-01    0.80850E-04   -0.38724E-02    0.17340E+07    0.11679E+04
   153   -0.73960E-01    0.14206E-03   -0.46709E-02    0.17258E+07    0.11548E+04
   154   -0.14170E+00    0.24362E-03   -0.63636E-02    0.17178E+07    0.11419E+04
   155   -0.20798E+00    0.36829E-03   -0.83328E-02    0.17098E+07    0.11293E+04
   156   -0.41347E+00    0.49880E-03   -0.10704E-01    0.17019E+07    0.11168E+04
   157   -0.45313E+00    0.61790E-03   -0.12116E-01    0.16941E+07    0.11045E+04
   158   -0.54193E+00    0.78259E-03   -0.13437E-01    0.16863E+07    0.10924E+04
   159   -0.67196E+00    0.82706E-03   -0.14794E-01    0.16786E+07    0.10805E+04
   160   -0.76106E+00    0.88262E-03   -0.14824E-01    0.16709E+07    0.10688E+04
   161   -0.80132E+00    0.10063E-02   -0.15139E-01    0.16633E+07    0.10573E+04
   162   -0.85913E+00    0.10322E-02   -0.15864E-01    0.16558E+07    0.10459E+04
   163   -0.77804E+00    0.10175E-02   -0.15639E-01    0.16483E+07    0.10348E+04
   164   -0.84727E+00    0.10190E-02   -0.16075E-01    0.16409E+07    0.10238E+04
   165   -0.76180E+00    0.94538E-03   -0.15068E-01    0.16335E+07    0.10129E+04
   166   -0.66231E+00    0.92781E-03   -0.14230E-01    0.16262E+07    0.10022E+04
   167   -0.46660E+00    0.72622E-03   -0.14427E-01    0.16190E+07    0.99173E+03
   168   -0.38965E+00    0.69477E-03   -0.13558E-01    0.16118E+07    0.98136E+03
   169   -0.27498E+00    0.51905E-03   -0.11747E-01    0.16046E+07    0.97115E+03
   170   -0.11470E+00    0.40467E-03   -0.10605E-01    0.15975E+07    0.96109E+03
   171   -0.49483E-01    0.33435E-03   -0.80286E-02    0.15905E+07    0.95118E+03
   172    0.28507E-02    0.21656E-03   -0.56291E-02    0.15834E+07    0.94140E+03
   173   -0.24088E-01    0.34034E-04   -0.35315E-02    0.15765E+07    0.93177E+03
   174    0.26165E-01    0.66645E-04   -0.18610E-02    0.15696E+07    0.92227E+03
   175    0.87219E-01    0.00000E+00   -0.39280E-10    0.15627E+07    0.91290E+03
   176    0.18528E-01    0.36738E-04    0.19737E-02    0.15559E+07    0.90365E+03
   177   -0.22831E-01    0.70562E-04    0.26861E-02    0.15491E+07    0.89453E+03
   178   -0.10251E+00    0.28936E-03    0.37823E-02    0.15424E+07    0.88554E+03
   179   -0.21186E+00    0.36102E-03    0.54213E-02    0.15357E+07    0.87666E+03
   180   -0.19370E+00    0.47345E-03    0.62767E-02    0.15291E+07    0.86791E+03
   181   -0.26223E+00    0.59167E-03    0.65077E-02    0.15224E+07    0.85927E+03
   182   -0.33453E+00    0.75500E-03    0.77592E-02    0.15159E+07    0.85075E+03
   183   -0.47626E+00    0.85420E-03    0.87047E-02    0.15093E+07    0.84234E+03
   184   -0.53021E+00    0.92858E-03    0.10246E-01    0.15029E+07    0.83404E+03
   185   -0.56203E+00    0.10917E-02    0.10315E-01    0.14964E+07    0.82585E+03
   186   -0.93451E+00    0.11676E-02    0.12040E-01    0.14900E+07    0.81776E+03
   187   -0.97045E+00    0.12623E-02    0.14096E-01    0.14836E+07    0.80978E+03
   188   -0.10326E+01    0.13260E-02    0.15157E-01    0.14773E+07    0.80191E+03
   189   -0.11867E+01    0.13610E-02    0.16867E-01    0.14710E+07    0.79413E+03
   190   -0.97839E+00    0.13842E-02    0.17157E-01    0.14647E+07    0.78646E+03
   191   -0.11418E+01    0.13829E-02    0.19157E-01    0.14584E+07    0.77888E+03
   192   -0.11484E+01    0.13446E-02    0.20798E-01    0.14522E+07    0.77139E+03
   193   -0.12123E+01    0.12787E-02    0.20754E-01    0.14461E+07    0.76400E+03
   194   -0.11021E+01    0.11801E-02    0.21412E-01    0.14399E+07    0.75670E+03
   195   -0.10319E+01    0.10509E-02    0.20704E-01    0.14338E+07    0.74949E+03
   196   -0.99326E+00    0.89326E-03    0.19530E-01    0.14277E+07    0.74237E+03
   197   -0.82884E+00    0.71685E-03    0.16565E-01    0.14217E+07    0.73533E+03
   198   -0.60431E+00    0.50895E-03    0.12711E-01    0.14157E+07    0.72837E+03
   199   -0.31106E+00    0.27175E-03    0.73839E-02    0.14097E+07    0.72149E+03
   200    0.59572E-01    0.00000E+00   -0.19472E-11    0.14037E+07    0.71470E+03
   201    0.44034E+00   -0.28135E-03   -0.84539E-02    0.13978E+07    0.70798E+03
   202    0.90626E+00   -0.59737E-03   -0.18882E-01    0.13918E+07    0.70133E+03
   203    0.13822E+01   -0.92061E-03   -0.29875E-01    0.13859E+07    0.69476E+03
   204    0.17930E+01   -0.12608E-02   -0.43737E-01    0.13801E+07    0.68827E+03
   205    0.22864E+01   -0.16054E-02   -0.57575E-01    0.13742E+07    0.68185E+03
   206    0.27130E+01   -0.19491E-02   -0.71984E-01    0.13684E+07    0.67550E+03
   207    0.32205E+01   -0.23019E-02   -0.86745E-01    0.13626E+07    0.66922E+03
   208    0.35852E+01   -0.26435E-02   -0.10171E+00    0.13569E+07    0.66302E+03
   209    0.39548E+01   -0.29838E-02   -0.11658E+00    0.13511E+07    0.65688E+03
   210    0.43284E+01   -0.33028E-02   -0.13159E+00    0.13454E+07    0.65082E+03
   211    0.47052E+01   -0.36027E-02   -0.14613E+00    0.13397E+07    0.64482E+03
   212    0.49358E+01   -0.38858E-02   -0.16047E+00    0.13341E+07    0.63890E+03
   213    0.52422E+01   -0.41395E-02   -0.17389E+00    0.13284E+07    0.63304E+03
   214    0.54749E+01   -0.44033E-02   -0.18694E+00    0.13228E+07    0.62724E+03
   215    0.57074E+01   -0.45160E-02   -0.19969E+00    0.13172E+07    0.62152E+03
   216    0.58646E+01   -0.46954E-02   -0.21095E+00    0.13116E+07    0.61585E+03
   217    0.60941E+01   -0.48174E-02   -0.22206E+00    0.13060E+07    0.61026E+03
   218    0.62466E+01   -0.49140E-02   -0.23214E+00    0.13005E+07    0.60472E+03
   219    0.63954E+01   -0.50172E-02   -0.23956E+00    0.12949E+07    0.59925E+03
   220    0.65398E+01   -0.50105E-02   -0.24809E+00    0.12894E+07    0.59384E+03
   221    0.66789E+01   -0.50002E-02   -0.25486E+00    0.12839E+07    0.58850E+03
   222    0.68117E+01   -0.48696E-02   -0.26067E+00    0.12785E+07    0.58321E+03
   223    0.67890E+01   -0.47250E-02   -0.26412E+00    0.12730E+07    0.57798E+03
   224    0.69070E+01   -0.45985E-02   -0.26826E+00    0.12676E+07    0.57282E+03
   225    0.69419E+01   -0.43735E-02   -0.26945E+00    0.12622E+07    0.56771E+03
   226    0.69672E+01   -0.40820E-02   -0.27073E+00    0.12568E+07    0.56265E+03
   227    0.69078E+01   -0.37559E-02   -0.26996E+00    0.12514E+07    0.55766E+03
   228    0.69114E+01   -0.34273E-02   -0.26795E+00    0.12460E+07    0.55272E+03
   229    0.69029E+01   -0.30538E-02   -0.26553E+00    0.12407E+07    0.54783E+03
   230    0.68071E+01   -0.26675E-02   -0.26128E+00    0.12353E+07    0.54300E+03
   231    0.66231E+01   -0.22262E-02   -0.25528E+00    0.12300E+07    0.53823E+03
   232    0.64987E+01   -0.18360E-02   -0.24836E+00    0.12247E+07    0.53350E+03
   233    0.63588E+01   -0.13061E-02   -0.24132E+00    0.12194E+07    0.52883E+03
   234    0.60538E+01   -0.81706E-03   -0.23276E+00    0.12141E+07    0.52421E+03
   235    0.58059E+01   -0.32665E-03   -0.22351E+00    0.12089E+07    0.51964E+03
   236    0.54656E+01    0.13318E-03   -0.21288E+00    0.12036E+07    0.51512E+03
   237    0.51063E+01    0.60470E-03   -0.20172E+00    0.11984E+07    0.51065E+03
   238    0.47272E+01    0.11302E-02   -0.18933E+00    0.11932E+07    0.50622E+03
   239    0.44018E+01    0.15291E-02   -0.17582E+00    0.11880E+07    0.50185E+03
   240    0.39062E+01    0.18438E-02   -0.16272E+00    0.11827E+07    0.49752E+03
   241    0.35368E+01    0.21907E-02   -0.14865E+00    0.11776E+07    0.49324E+03
   242    0.31442E+01    0.23893E-02   -0.13367E+00    0.11724E+07    0.48900E+03
   243    0.27275E+01    0.25562E-02   -0.11859E+00    0.11672E+07    0.48480E+03
   244    0.22858E+01    0.25851E-02   -0.10203E+00    0.11620E+07    0.48065E+03
   245    0.18184E+01    0.25182E-02   -0.86270E-01    0.11569E+07    0.47655E+03
   246    0.13986E+01    0.23237E-02   -0.69168E-01    0.11518E+07    0.47248E+03
   247    0.10256E+01    0.18952E-02   -0.52285E-01    0.11466E+07    0.46846E+03
   248    0.62430E+00    0.15721E-02   -0.34955E-01    0.11415E+07    0.46447E+03
   249    0.34234E+00    0.80248E-03   -0.17253E-01    0.11364E+07    0.46053E+03
   250    0.30316E-01    0.00000E+00    0.72007E-13    0.11313E+07    0.45662E+03
   251   -0.16555E+00   -0.11553E-02    0.18203E-01    0.11262E+07    0.45275E+03
   252   -0.47650E+00   -0.24267E-02    0.36481E-01    0.11211E+07    0.44892E+03
   253   -0.54102E+00   -0.40141E-02    0.53948E-01    0.11160E+07    0.44513E+03
   254   -0.66615E+00   -0.55973E-02    0.71205E-01    0.11109E+07    0.44138E+03
   255   -0.78751E+00   -0.74504E-02    0.88851E-01    0.11059E+07    0.43766E+03
   256   -0.84070E+00   -0.91791E-02    0.10749E+00    0.11008E+07    0.43398E+03
   257   -0.83564E+00   -0.11206E-01    0.11954E+00    0.10958E+07    0.43034E+03
   258   -0.85651E+00   -0.13137E-01    0.13824E+00    0.10908E+07    0.42673E+03
   259   -0.83892E+00   -0.15097E-01    0.14933E+00    0.10858E+07    0.42315E+03
   260   -0.71850E+00   -0.17063E-01    0.16826E+00    0.10808E+07    0.41962E+03
   261   -0.65370E+00   -0.19087E-01    0.17336E+00    0.10758E+07    0.41612E+03
   262   -0.65444E+00   -0.20923E-01    0.18751E+00    0.10709E+07    0.41265E+03
   263   -0.35919E+00   -0.22770E-01    0.20387E+00    0.10659E+07    0.40922E+03
   264   -0.22356E+00   -0.24532E-01    0.21562E+00    0.10610E+07    0.40582E+03
   265   -0.18316E+00   -0.26259E-01    0.21593E+00    0.10562E+07    0.40245E+03
   266   -0.25056E-01   -0.27706E-01    0.22769E+00    0.10513E+07    0.39912E+03
   267    0.18016E-01   -0.29221E-01    0.22921E+00    0.10465E+07    0.39583E+03
   268    0.84716E-01   -0.30410E-01    0.23595E+00    0.10417E+07    0.39256E+03
   269    0.16576E-01   -0.31547E-01    0.24107E+00    0.10369E+07    0.38933E+03
   270    0.10083E+00   -0.32534E-01    0.24519E+00    0.10322E+07    0.38614E+03
   271    0.10473E+00   -0.33424E-01    0.24889E+00    0.10275E+07    0.38297E+03
   272    0.24121E+00   -0.33894E-01    0.24536E+00    0.10228E+07    0.37984E+03
   273    0.27754E+00   -0.34518E-01    0.25005E+00    0.10181E+07    0.37674E+03
   274    0.35237E+00   -0.34678E-01    0.24127E+00    0.10135E+07    0.37367E+03
   275    0.38152E+00   -0.34870E-01    0.24190E+00    0.10089E+07    0.37063E+03
   276    0.50366E+00   -0.34849E-01    0.23027E+00    0.10044E+07    0.36762E+03
   277    0.48603E+00   -0.34591E-01    0.22926E+00    0.99989E+06    0.36464E+03
   278    0.54159E+00   -0.34149E-01    0.21717E+00    0.99543E+06    0.36169E+03
   279    0.58615E+00   -0.33573E-01    0.20206E+00    0.99101E+06    0.35878E+03
   280    0.60980E+00   -0.32841E-01    0.19935E+00    0.98662E+06    0.35589E+03
   281    0.75122E+00   -0.31854E-01    0.18738E+00    0.98228E+06    0.35303E+03
   282    0.70338E+00   -0.30888E-01    0.17418E+00    0.97798E+06    0.35020E+03
   283    0.75349E+00   -0.29696E-01    0.16033E+00    0.97373E+06    0.34740E+03
   284    0.81738E+00   -0.28329E-01    0.14644E+00    0.96952E+06    0.34463E+03
   285    0.88515E+00   -0.26765E-01    0.13312E+00    0.96536E+06    0.34189E+03
   286    0.87261E+00   -0.25130E-01    0.11352E+00    0.96125E+06    0.33918E+03
   287    0.84414E+00   -0.23399E-01    0.10312E+00    0.95718E+06    0.33649E+03
   288    0.86413E+00   -0.21551E-01    0.87651E-01    0.95317E+06    0.33383E+03
   289    0.84839E+00   -0.19636E-01    0.75142E-01    0.94921E+06    0.33120E+03
   290    0.86131E+00   -0.17779E-01    0.66194E-01    0.94530E+06    0.32859E+03
   291    0.89298E+00   -0.15217E-01    0.46550E-01    0.94144E+06    0.32601E+03
   292    0.63637E+00   -0.13038E-01    0.39095E-01    0.93764E+06    0.32346E+03
   293    0.67585E+00   -0.11592E-01    0.22144E-01    0.93390E+06    0.32093E+03
   294    0.55580E+00   -0.93704E-02    0.18583E-01    0.93021E+06    0.31843E+03
   295    0.63776E+00   -0.78354E-02    0.67261E-02    0.92659E+06    0.31595E+03
   296    0.54040E+00   -0.54786E-02    0.20301E-02    0.92302E+06    0.31350E+03
   297    0.47667E+00   -0.45053E-02    0.50950E-02    0.91951E+06    0.31108E+03
   298    0.28810E+00   -0.26641E-02    0.16641E-02    0.91607E+06    0.30868E+03
   299    0.18764E+00   -0.67475E-03   -0.23422E-03    0.91269E+06    0.30630E+03
   300    0.16830E-01    0.00000E+00    0.00000E+00    0.90937E+06    0.30395E+03
   301   -0.15982E+00    0.87705E-03    0.10259E-01    0.90612E+06    0.30162E+03
   302   -0.27725E+00    0.12775E-02    0.30463E-01    0.90293E+06    0.29931E+03
   303   -0.41881E+00    0.20163E-02    0.45537E-01    0.89979E+06    0.29703E+03
   304   -0.59361E+00    0.31656E-02    0.55267E-01    0.89672E+06    0.29477E+03
   305   -0.73643E+00    0.33118E-02    0.74293E-01    0.89369E+06    0.29253E+03
   306   -0.93064E+00    0.32699E-02    0.94968E-01    0.89070E+06    0.29032E+03
   307   -0.11111E+01    0.31120E-02    0.10965E+00    0.88776E+06    0.28813E+03
   308   -0.12867E+01    0.43959E-02    0.14041E+00    0.88486E+06    0.28596E+03
   309   -0.13925E+01    0.42224E-02    0.15731E+00    0.88199E+06    0.28381E+03
   310   -0.15860E+01    0.34063E-02    0.18242E+00    0.87916E+06    0.28169E+03
   311   -0.17278E+01    0.42485E-02    0.20067E+00    0.87635E+06    0.27958E+03
   312   -0.18268E+01    0.38496E-02    0.22671E+00    0.87356E+06    0.27750E+03
   313   -0.19666E+01    0.37674E-02    0.24545E+00    0.87079E+06    0.27544E+03
   314   -0.20819E+01    0.40740E-02    0.27154E+00    0.86804E+06    0.27340E+03
   315   -0.21818E+01    0.33559E-02    0.28990E+00    0.86530E+06    0.27138E+03
   316   -0.22753E+01    0.31709E-02    0.30775E+00    0.86256E+06    0.26938E+03
   317   -0.23716E+01    0.21055E-02    0.32487E+00    0.85983E+06    0.26740E+03
   318   -0.24797E+01    0.24602E-02    0.34105E+00    0.85709E+06    0.26544E+03
   319   -0.25344E+01    0.20787E-02    0.35606E+00    0.85436E+06    0.26350E+03
   320   -0.25449E+01    0.17759E-02    0.37712E+00    0.85161E+06    0.26158E+03
   321   -0.25945E+01    0.23668E-02    0.38916E+00    0.84885E+06    0.25968E+03
   322   -0.26179E+01    0.16949E-02    0.39938E+00    0.84608E+06    0.25780E+03
   323   -0.26244E+01    0.13182E-02    0.40758E+00    0.84329E+06    0.25594E+03
   324   -0.26228E+01    0.20516E-02    0.40610E+00    0.84047E+06    0.25409E+03
   325   -0.25482E+01    0.25286E-03    0.41702E+00    0.83762E+06    0.25227E+03
   326   -0.25580E+01    0.45130E-03    0.41041E+00    0.83475E+06    0.25046E+03
   327   -0.25129E+01    0.49047E-03    0.40833E+00    0.83183E+06    0.24868E+03
   328   -0.24219E+01   -0.30035E-03    0.41057E+00    0.82888E+06    0.24691E+03
   329   -0.23683E+01   -0.36335E-03    0.40205E+00    0.82588E+06    0.24515E+03
   330   -0.22871E+01   -0.11121E-02    0.38999E+00    0.82284E+06    0.24342E+03
   331   -0.21129E+01   -0.17316E-02    0.38160E+00    0.81974E+06    0.24170E+03
   332   -0.20034E+01   -0.14070E-02    0.37666E+00    0.81659E+06    0.24000E+03
   333   -0.18935E+01   -0.15517E-02    0.36752E+00    0.81339E+06    0.23832E+03
   334   -0.17179E+01   -0.13509E-02    0.35398E+00    0.81011E+06    0.23665E+03
   335   -0.16343E+01   -0.22180E-02    0.33582E+00    0.80678E+06    0.23500E+03
   336   -0.15032E+01   -0.25953E-02    0.32024E+00    0.80337E+06    0.23336E+03
   337   -0.13337E+01   -0.24107E-02    0.29217E+00    0.79988E+06    0.23175E+03
   338   -0.12091E+01   -0.30777E-02    0.27369E+00    0.79632E+06    0.23014E+03
   339   -0.98998E+00   -0.22956E-02    0.24972E+00    0.79268E+06    0.22856E+03
   340   -0.83399E+00   -0.22210E-02    0.23489E+00    0.78894E+06    0.22698E+03
   341   -0.75020E+00   -0.27816E-02    0.20672E+00    0.78512E+06    0.22543E+03
   342   -0.59913E+00   -0.16768E-02    0.17983E+00    0.78121E+06    0.22389E+03
   343   -0.46414E+00   -0.18059E-02    0.15401E+00    0.77720E+06    0.22236E+03
   344   -0.28005E+00   -0.16110E-02    0.12905E+00    0.77308E+06    0.22085E+03
   345   -0.20449E+00   -0.17629E-02    0.10473E+00    0.76886E+06    0.21935E+03
   346   -0.97989E-01   -0.70383E-03    0.88264E-01    0.76453E+06    0.21786E+03
   347   -0.43911E-01   -0.59009E-03    0.64572E-01    0.76009E+06    0.21639E+03
   348    0.22943E-01   -0.60675E-03    0.40871E-01    0.75552E+06    0.21494E+03
   349    0.19206E-01    0.61127E-04    0.16943E-01    0.75084E+06    0.21350E+03
   350    0.10076E-01    0.00000E+00    0.00000E+00    0.74603E+06    0.21207E+03
   351    0.13633E+00    0.76342E-03   -0.17693E-01    0.74110E+06    0.21065E+03
   352    0.23910E-01    0.16595E-02   -0.36808E-01    0.73605E+06    0.20925E+03
   353   -0.31385E-01    0.19922E-02   -0.43252E-01    0.73090E+06    0.20785E+03
   354   -0.17947E+00    0.25510E-02   -0.60074E-01    0.72566E+06    0.20648E+03
   355   -0.27311E+00    0.33826E-02   -0.73179E-01    0.72035E+06    0.20511E+03
   356   -0.38794E+00    0.45338E-02   -0.75903E-01    0.71498E+06    0.20376E+03
   357   -0.52530E+00    0.53084E-02   -0.83866E-01    0.70956E+06    0.20242E+03
   358   -0.61225E+00    0.50104E-02   -0.82973E-01    0.70411E+06    0.20109E+03
   359   -0.79870E+00    0.51721E-02   -0.88846E-01    0.69865E+06    0.19977E+03
   360   -0.93742E+00    0.58403E-02   -0.91104E-01    0.69318E+06    0.19846E+03
   361   -0.11040E+01    0.63189E-02   -0.94968E-01    0.68772E+06    0.19717E+03
   362   -0.12256E+01    0.66545E-02   -0.98230E-01    0.68228E+06    0.19589E+03
   363   -0.13778E+01    0.76368E-02   -0.99424E-01    0.67688E+06    0.19462E+03
   364   -0.14876E+01    0.70839E-02   -0.10303E+00    0.67153E+06    0.19336E+03
   365   -0.16307E+01    0.72711E-02   -0.10386E+00    0.66625E+06    0.19211E+03
   366   -0.17341E+01    0.75022E-02   -0.10566E+00    0.66104E+06    0.19088E+03
   367   -0.17991E+01    0.63384E-02   -0.10696E+00    0.65593E+06    0.18965E+03
   368   -0.19758E+01    0.60549E-02   -0.10704E+00    0.65093E+06    0.18843E+03
   369   -0.19682E+01    0.59554E-02   -0.10888E+00    0.64605E+06    0.18723E+03
   370   -0.20006E+01    0.53441E-02   -0.10806E+00    0.64130E+06    0.18604E+03
   371   -0.20744E+01    0.42674E-02   -0.10905E+00    0.63670E+06    0.18485E+03
   372   -0.21165E+01    0.35151E-02   -0.10815E+00    0.63226E+06    0.18368E+03
   373   -0.21283E+01    0.23910E-02   -0.10911E+00    0.62800E+06    0.18252E+03
   374   -0.21112E+01    0.16846E-02   -0.10896E+00    0.62394E+06    0.18137E+03
   375   -0.21408E+01    0.69991E-03   -0.10848E+00    0.62007E+06    0.18022E+03
   376   -0.20699E+01    0.22640E-03   -0.10842E+00    0.61642E+06    0.17909E+03
   377   -0.19740E+01   -0.11748E-02   -0.10658E+00    0.61301E+06    0.17797E+03
   378   -0.19289E+01   -0.27143E-02   -0.10670E+00    0.60984E+06    0.17685E+03
   379   -0.18615E+01   -0.36023E-02   -0.10507E+00    0.60693E+06    0.17575E+03
   380   -0.16990E+01   -0.37922E-02   -0.10469E+00    0.60429E+06    0.17465E+03
   381   -0.15913E+01   -0.69515E-02   -0.10335E+00    0.60195E+06    0.17357E+03
   382   -0.15396E+01   -0.78336E-02   -0.10108E+00    0.59990E+06    0.17249E+03
   383   -0.13968E+01   -0.93631E-02   -0.10012E+00    0.59817E+06    0.17142E+03
   384   -0.11641E+01   -0.11493E-01   -0.97518E-01    0.59677E+06    0.17037E+03
   385   -0.10659E+01   -0.11949E-01   -0.95526E-01    0.59571E+06    0.16932E+03
   386   -0.88059E+00   -0.12912E-01   -0.92679E-01    0.59501E+06    0.16827E+03
   387   -0.75806E+00   -0.14335E-01   -0.89739E-01    0.59467E+06    0.16724E+03
   388   -0.62539E+00   -0.15429E-01   -0.85984E-01    0.59473E+06    0.16621E+03
   389   -0.48392E+00   -0.18376E-01   -0.82178E-01    0.59518E+06    0.16520E+03
   390   -0.33498E+00   -0.17929E-01   -0.76854E-01    0.59605E+06    0.16419E+03
   391   -0.17994E+00   -0.18499E-01   -0.72262E-01    0.59734E+06    0.16319E+03
   392   -0.94400E-01   -0.17067E-01   -0.66193E-01    0.59907E+06    0.16219E+03
   393    0.68852E-01   -0.16558E-01   -0.60155E-01    0.60126E+06    0.16121E+03
   394    0.15991E+00   -0.15439E-01   -0.52680E-01    0.60391E+06    0.16023E+03
   395    0.17743E+00   -0.14407E-01   -0.46019E-01    0.60705E+06    0.15926E+03
   396    0.26864E+00   -0.12673E-01   -0.37369E-01    0.61068E+06    0.15829E+03
   397    0.20934E+00   -0.10189E-01   -0.28831E-01    0.61483E+06    0.15734E+03
   398    0.22105E+00   -0.76510E-02   -0.19829E-01    0.61949E+06    0.15639E+03
   399    0.15385E+00   -0.42704E-02   -0.10259E-01    0.62470E+06    0.15545E+03
   400    0.64009E-02    0.00000E+00    0.00000E+00    0.63045E+06    0.15451E+03
   401   -0.14684E+00    0.44423E-02    0.10795E-01    0.63677E+06    0.15358E+03
   402   -0.29968E+00    0.89950E-02    0.22317E-01    0.64362E+06    0.15266E+03
   403   -0.51868E+00    0.15060E-01    0.34445E-01    0.65100E+06    0.15174E+03
   404   -0.79613E+00    0.21069E-01    0.48024E-01    0.65888E+06    0.15083E+03
   405   -0.10500E+01    0.26938E-01    0.61523E-01    0.66723E+06    0.14993E+03
   406   -0.14212E+01    0.34070E-01    0.76456E-01    0.67604E+06    0.14903E+03
   407   -0.17535E+01    0.40895E-01    0.90621E-01    0.68528E+06    0.14814E+03
   408   -0.21133E+01    0.48074E-01    0.10776E+00    0.69493E+06    0.14725E+03
   409   -0.24187E+01    0.56265E-01    0.12493E+00    0.70496E+06    0.14638E+03
   410   -0.28105E+01    0.63157E-01    0.14217E+00    0.71536E+06    0.14550E+03
   411   -0.31326E+01    0.70895E-01    0.16097E+00    0.72610E+06    0.14464E+03
   412   -0.35256E+01    0.78652E-01    0.17990E+00    0.73716E+06    0.14378E+03
   413   -0.39077E+01    0.86346E-01    0.19971E+00    0.74852E+06    0.14292E+03
   414   -0.43453E+01    0.93893E-01    0.21969E+00    0.76015E+06    0.14208E+03
   415   -0.46823E+01    0.10195E+00    0.24136E+00    0.77204E+06    0.14124E+03
   416   -0.50594E+01    0.10896E+00    0.26252E+00    0.78415E+06    0.14040E+03
   417   -0.54690E+01    0.11630E+00    0.28318E+00    0.79648E+06    0.13957E+03
   418   -0.58290E+01    0.12169E+00    0.30562E+00    0.80899E+06    0.13875E+03
   419   -0.61318E+01    0.12799E+00    0.32838E+00    0.82166E+06    0.13793E+03
   420   -0.64438E+01    0.13439E+00    0.35073E+00    0.83448E+06    0.13712E+03
   421   -0.66832E+01    0.14007E+00    0.37345E+00    0.84741E+06    0.13631E+03
   422   -0.69165E+01    0.14492E+00    0.39508E+00    0.86044E+06    0.13551E+03
   423   -0.72101E+01    0.14888E+00    0.41714E+00    0.87354E+06    0.13471E+03
   424   -0.74823E+01    0.15261E+00    0.43816E+00    0.88670E+06    0.13393E+03
   425   -0.76509E+01    0.15526E+00    0.45967E+00    0.89989E+06    0.13314E+03
   426   -0.77825E+01    0.15826E+00    0.48020E+00    0.91308E+06    0.13236E+03
   427   -0.79437E+01    0.16003E+00    0.49830E+00    0.92626E+06    0.13159E+03
   428   -0.80525E+01    0.16123E+00    0.51696E+00    0.93940E+06    0.13082E+03
   429   -0.81755E+01    0.16177E+00    0.53399E+00    0.95248E+06    0.13006E+03
   430   -0.81563E+01    0.16232E+00    0.54867E+00    0.96547E+06    0.12931E+03
   431   -0.81359E+01    0.16130E+00    0.56177E+00    0.97837E+06    0.12856E+03
   432   -0.81808E+01    0.15938E+00    0.57184E+00    0.99113E+06    0.12781E+03
   433   -0.80604E+01    0.15796E+00    0.58112E+00    0.10037E+07    0.12707E+03
   434   -0.79899E+01    0.15472E+00    0.58595E+00    0.10162E+07    0.12634E+03
   435   -0.78872E+01    0.15182E+00    0.58782E+00    0.10284E+07    0.12561E+03
   436   -0.76705E+01    0.14768E+00    0.58602E+00    0.10405E+07    0.12488E+03
   437   -0.74062E+01    0.14222E+00    0.58133E+00    0.10523E+07    0.12416E+03
   438   -0.71609E+01    0.13609E+00    0.57303E+00    0.10638E+07    0.12345E+03
   439   -0.67783E+01    0.12997E+00    0.55891E+00    0.10751E+07    0.12274E+03
   440   -0.63994E+01    0.12227E+00    0.54125E+00    0.10860E+07    0.12204E+03
   441   -0.59420E+01    0.11366E+00    0.51708E+00    0.10966E+07    0.12134E+03
   442   -0.55471E+01    0.10406E+00    0.48794E+00    0.11069E+07    0.12064E+03
   443   -0.49840E+01    0.94122E-01    0.45235E+00    0.11168E+07    0.11995E+03
   444   -0.43937E+01    0.83765E-01    0.41109E+00    0.11263E+07    0.11927E+03
   445   -0.37684E+01    0.70679E-01    0.36271E+00    0.11354E+07    0.11859E+03
   446   -0.31747E+01    0.58492E-01    0.30797E+00    0.11440E+07    0.11791E+03
   447   -0.24563E+01    0.45638E-01    0.24393E+00    0.11522E+07    0.11724E+03
   448   -0.17541E+01    0.30545E-01    0.17136E+00    0.11599E+07    0.11658E+03
   449   -0.91170E+00    0.15360E-01    0.91029E-01    0.11671E+07    0.11592E+03
   450    0.42118E-02    0.00000E+00    0.00000E+00    0.11738E+07    0.11526E+03
   451    0.92605E+00   -0.17093E-01   -0.99948E-01    0.11799E+07    0.11461E+03
   452    0.18562E+01   -0.34455E-01   -0.21041E+00    0.11855E+07    0.11396E+03
   453    0.29446E+01   -0.52095E-01   -0.32828E+00    0.11905E+07    0.11332E+03
   454    0.39698E+01   -0.70766E-01   -0.45412E+00    0.11951E+07    0.11268E+03
   455    0.50073E+01   -0.89735E-01   -0.58705E+00    0.11991E+07    0.11205E+03
   456    0.62070E+01   -0.10975E+00   -0.71948E+00    0.12026E+07    0.11142E+03
   457    0.72733E+01   -0.12935E+00   -0.86463E+00    0.12056E+07    0.11079E+03
   458    0.84303E+01   -0.14927E+00   -0.10030E+01    0.12082E+07    0.11017E+03
   459    0.96050E+01   -0.16878E+00   -0.11494E+01    0.12103E+07    0.10955E+03
   460    0.10799E+02   -0.18938E+00   -0.12969E+01    0.12120E+07    0.10894E+03
   461    0.11939E+02   -0.20960E+00   -0.14453E+01    0.12132E+07    0.10833E+03
   462    0.13101E+02   -0.23018E+00   -0.15879E+01    0.12140E+07    0.10772E+03
   463    0.14211E+02   -0.24965E+00   -0.17422E+01    0.12143E+07    0.10712E+03
   464    0.15272E+02   -0.26877E+00   -0.18778E+01    0.12143E+07    0.10651E+03
   465    0.16284E+02   -0.28753E+00   -0.20233E+01    0.12139E+07    0.10592E+03
   466    0.17324E+02   -0.30670E+00   -0.21557E+01    0.12130E+07    0.10532E+03
   467    0.18392E+02   -0.32480E+00   -0.22888E+01    0.12118E+07    0.10473E+03
   468    0.19341E+02   -0.34183E+00   -0.24144E+01    0.12103E+07    0.10415E+03
   469    0.20248E+02   -0.35930E+00   -0.25390E+01    0.12083E+07    0.10356E+03
   470    0.21186E+02   -0.37498E+00   -0.26542E+01    0.12061E+07    0.10298E+03
   471    0.21862E+02   -0.38889E+00   -0.27592E+01    0.12035E+07    0.10240E+03
   472    0.22647E+02   -0.40251E+00   -0.28606E+01    0.12006E+07    0.10182E+03
   473    0.23320E+02   -0.41513E+00   -0.29498E+01    0.11974E+07    0.10125E+03
   474    0.23957E+02   -0.42599E+00   -0.30336E+01    0.11939E+07    0.10068E+03
   475    0.24559E+02   -0.43661E+00   -0.31036E+01    0.11901E+07    0.10011E+03
   476    0.24978E+02   -0.44475E+00   -0.31610E+01    0.11860E+07    0.99541E+02
   477    0.25291E+02   -0.45192E+00   -0.32148E+01    0.11816E+07    0.98976E+02
   478    0.25574E+02   -0.45812E+00   -0.32453E+01    0.11770E+07    0.98414E+02
   479    0.25752E+02   -0.46188E+00   -0.32762E+01    0.11722E+07    0.97853E+02
   480    0.25827E+02   -0.46395E+00   -0.32874E+01    0.11671E+07    0.97295E+02
   481    0.25802E+02   -0.46435E+00   -0.32816E+01    0.11618E+07    0.96738E+02
   482    0.25751E+02   -0.46233E+00   -0.32638E+01    0.11563E+07    0.96183E+02
   483    0.25452E+02   -0.45865E+00   -0.32355E+01    0.11506E+07    0.95629E+02
   484    0.24983E+02   -0.45258E+00   -0.31897E+01    0.11448E+07    0.95077E+02
   485    0.24566E+02   -0.44487E+00   -0.31271E+01    0.11387E+07    0.94527E+02
   486    0.23980E+02   -0.43404E+00   -0.30489E+01    0.11325E+07    0.93978E+02
   487    0.23227E+02   -0.42085E+00   -0.29543E+01    0.11261E+07    0.93430E+02
   488    0.22308E+02   -0.40604E+00   -0.28417E+01    0.11196E+07    0.92884E+02
   489    0.21298E+02   -0.38815E+00   -0.27116E+01    0.11129E+07    0.92338E+02
   490    0.20199E+02   -0.36718E+00   -0.25625E+01    0.11061E+07    0.91794E+02
   491    0.18790E+02   -0.34389E+00   -0.23962E+01    0.10992E+07    0.91250E+02
   492    0.17369E+02   -0.31754E+00   -0.22113E+01    0.10923E+07    0.90707E+02
   493    0.15788E+02   -0.28962E+00   -0.20054E+01    0.10852E+07    0.90165E+02
   494    0.14049E+02   -0.25718E+00   -0.17812E+01    0.10780E+07    0.89624E+02
   495    0.12079E+02   -0.22245E+00   -0.15364E+01    0.10708E+07    0.89083E+02
   496    0.99545E+01   -0.18396E+00   -0.12716E+01    0.10635E+07    0.88543E+02
   497    0.76755E+01   -0.14246E+00   -0.98510E+00    0.10562E+07    0.88003E+02
   498    0.52440E+01   -0.98705E-01   -0.67901E+00    0.10489E+07    0.87463E+02
   499    0.27355E+01   -0.50472E-01   -0.34946E+00    0.10415E+07    0.86924E+02
   500    0.28243E-02    0.00000E+00    0.00000E+00    0.10341E+07    0.86384E+02
