#    L    TT             EE             TE             PP             TP          
     2    0.31121E+03    0.69860E-10   -0.10749E-04    0.90525E+06    0.31254E+05
     3    0.21924E+03    0.21609E-10    0.72665E-05    0.13911E+07    0.35080E+05
     4    0.16538E+03    0.58348E-11    0.58491E-05    0.18183E+07    0.36422E+05
     5    0.13039E+03    0.19699E-11    0.29646E-05    0.21918E+07    0.36572E+05
     6    0.10599E+03    0.81595E-12    0.27695E-05    0.25180E+07    0.36093E+05
     7    0.88118E+02    0.54752E-12    0.38077E-05    0.28035E+07    0.35277E+05
     8    0.74541E+02    0.57108E-12    0.40794E-05    0.30537E+07    0.34282E+05
     9    0.63941E+02    0.46551E-12    0.31708E-05    0.32739E+07    0.33201E+05
    10    0.55470E+02    0.23939E-12    0.18857E-05    0.34676E+07    0.32082E+05
    11    0.48586E+02    0.89741E-13    0.10258E-05    0.36391E+07    0.30966E+05
    12    0.43044E+02    0.10382E-03   -0.23716E-03    0.37899E+07    0.29862E+05
    13    0.38128E+02    0.10171E-12    0.92926E-06    0.39226E+07    0.28782E+05
    14    0.34054E+02   -0.27194E-04    0.79609E-04    0.40396E+07    0.27736E+05
    15    0.30650E+02    0.11711E-12    0.11078E-05    0.41426E+07    0.26728E+05
    16    0.27650E+02   -0.22586E-04    0.32407E-03    0.42329E+07    0.25758E+05
    17    0.25104E+02    0.59934E-13    0.67269E-06    0.43119E+07    0.24828E+05
    18    0.22419E+02    0.11488E-04   -0.52564E-03    0.43809E+07    0.23938E+05
    19    0.20875E+02    0.27347E-13    0.28224E-06    0.44405E+07    0.23085E+05
    20    0.19163E+02    0.10034E-04   -0.10661E-04    0.44914E+07    0.22268E+05
    21    0.17570E+02    0.23245E-13    0.31255E-06    0.45347E+07    0.21485E+05
    22    0.16228E+02   -0.67106E-05   -0.42691E-04    0.45711E+07    0.20738E+05
    23    0.14943E+02    0.63327E-13    0.53454E-06    0.46013E+07    0.20023E+05
    24    0.13804E+02   -0.45945E-05    0.19326E-03    0.46256E+07    0.19338E+05
    25    0.12821E+02    0.10132E-12    0.63418E-06    0.46446E+07    0.18683E+05
    26    0.11856E+02    0.45677E-05    0.17380E-03    0.46589E+07    0.18057E+05
    27    0.11085E+02    0.84398E-13    0.52778E-06    0.46689E+07    0.17457E+05
    28    0.10307E+02    0.62322E-06   -0.24431E-03    0.46749E+07    0.16883E+05
    29    0.96493E+01    0.44940E-13    0.31892E-06    0.46770E+07    0.16333E+05
    30    0.90928E+01   -0.21393E-05    0.16702E-04    0.46755E+07    0.15804E+05
    31    0.84477E+01    0.25016E-13    0.13663E-06    0.46707E+07    0.15297E+05
    32    0.78885E+01    0.18985E-05    0.16031E-03    0.46632E+07    0.14811E+05
    33    0.74354E+01    0.20287E-13    0.49535E-07    0.46532E+07    0.14345E+05
    34    0.69709E+01    0.58091E-06   -0.27666E-03    0.46407E+07    0.13898E+05
    35    0.65758E+01    0.16455E-13    0.57841E-07    0.46260E+07    0.13468E+05
    36    0.62498E+01   -0.13653E-06    0.46382E-03    0.46093E+07    0.13056E+05
    37    0.58410E+01    0.15042E-13    0.11969E-06    0.45908E+07    0.12659E+05
    38    0.54884E+01    0.41830E-05   -0.55392E-03    0.45707E+07    0.12278E+05
    39    0.52335E+01    0.55145E-05   -0.64611E-03    0.45490E+07    0.11912E+05
    40    0.49259E+01    0.25971E-13    0.21200E-06    0.45258E+07    0.11560E+05
    41    0.47695E+01   -0.10177E-04    0.12921E-02    0.45013E+07    0.11220E+05
    42    0.45265E+01   -0.18179E-04    0.24752E-02    0.44756E+07    0.10894E+05
    43    0.43132E+01   -0.16190E-04    0.26483E-02    0.44488E+07    0.10579E+05
    44    0.39485E+01   -0.11250E-04    0.18018E-02    0.44210E+07    0.10276E+05
    45    0.37714E+01    0.31339E-13    0.20977E-06    0.43923E+07    0.99841E+04
    46    0.36831E+01    0.21386E-04   -0.44409E-02    0.43629E+07    0.97027E+04
    47    0.35416E+01    0.45231E-04   -0.10322E-01    0.43327E+07    0.94314E+04
    48    0.32868E+01    0.68040E-04   -0.13066E-01    0.43019E+07    0.91697E+04
    49    0.30074E+01    0.64032E-04   -0.86922E-02    0.42705E+07    0.89174E+04
    50    0.29406E+01    0.96337E-14    0.94601E-07    0.42387E+07    0.86740E+04
    51    0.28729E+01   -0.15865E-03    0.87114E-02    0.42064E+07    0.84391E+04
    52    0.30164E+01   -0.32573E-03    0.12776E-01    0.41738E+07    0.82124E+04
    53    0.29840E+01   -0.34961E-03    0.92855E-02    0.41409E+07    0.79935E+04
    54    0.26859E+01   -0.23463E-03    0.33016E-02    0.41077E+07    0.77821E+04
    55    0.23291E+01    0.40082E-14    0.24596E-07    0.40743E+07    0.75779E+04
    56    0.21257E+01    0.21343E-03   -0.17291E-02    0.40407E+07    0.73805E+04
    57    0.20095E+01    0.29820E-03   -0.18358E-02    0.40069E+07    0.71897E+04
    58    0.19938E+01    0.26287E-03   -0.12124E-02    0.39731E+07    0.70053E+04
    59    0.19429E+01    0.14575E-03   -0.77348E-03    0.39391E+07    0.68269E+04
    60    0.18700E+01    0.25784E-14    0.22610E-07    0.39051E+07    0.66543E+04
    61    0.20812E+01   -0.80085E-04    0.18113E-02    0.38710E+07    0.64873E+04
    62    0.19762E+01   -0.10301E-03    0.37228E-02    0.38369E+07    0.63256E+04
    63    0.17676E+01   -0.10297E-03    0.47585E-02    0.38029E+07    0.61691E+04
    64    0.17425E+01   -0.62183E-04    0.37191E-02    0.37689E+07    0.60176E+04
    65    0.15193E+01    0.55787E-14    0.43391E-07    0.37350E+07    0.58709E+04
    66    0.13846E+01    0.21984E-04   -0.46037E-02    0.37012E+07    0.57289E+04
    67    0.11770E+01    0.10896E-04   -0.77600E-02    0.36675E+07    0.55913E+04
    68    0.11805E+01    0.13330E-04   -0.83024E-02    0.36340E+07    0.54581E+04
    69    0.11590E+01   -0.58331E-05   -0.49903E-02    0.36007E+07    0.53289E+04
    70    0.12479E+01    0.84383E-14    0.48302E-07    0.35676E+07    0.52038E+04
    71    0.12914E+01    0.25785E-04    0.38996E-02    0.35346E+07    0.50825E+04
    72    0.13062E+01    0.53062E-04    0.55055E-02    0.35019E+07    0.49649E+04
    73    0.12409E+01    0.56304E-04    0.45079E-02    0.34693E+07    0.48508E+04
    74    0.11181E+01    0.32269E-04    0.20827E-02    0.34370E+07    0.47402E+04
    75    0.10351E+01    0.47348E-14    0.36746E-07    0.34049E+07    0.46328E+04
    76    0.93286E+00   -0.30693E-04   -0.95235E-03    0.33730E+07    0.45286E+04
    77    0.87153E+00   -0.57223E-04   -0.10189E-02    0.33413E+07    0.44274E+04
    78    0.90386E+00   -0.41664E-04   -0.21692E-02    0.33099E+07    0.43292E+04
    79    0.85974E+00   -0.27803E-04   -0.11730E-02    0.32787E+07    0.42338E+04
    80    0.86621E+00    0.20627E-14    0.23194E-07    0.32478E+07    0.41412E+04
    81    0.83200E+00    0.27379E-05    0.31531E-03    0.32171E+07    0.40512E+04
    82    0.83268E+00    0.12525E-04    0.24967E-03    0.31868E+07    0.39638E+04
    83    0.79978E+00    0.14258E-04   -0.27075E-03    0.31568E+07    0.38790E+04
    84    0.81341E+00    0.15117E-04    0.16587E-03    0.31271E+07    0.37966E+04
    85    0.73085E+00    0.15939E-14    0.15368E-07    0.30977E+07    0.37165E+04
    86    0.63147E+00   -0.80104E-05   -0.13641E-03    0.30686E+07    0.36387E+04
    87    0.74027E+00   -0.26216E-04    0.24021E-03    0.30398E+07    0.35631E+04
    88    0.61297E+00   -0.26302E-04    0.83362E-03    0.30114E+07    0.34897E+04
    89    0.62240E+00   -0.96688E-05   -0.13813E-03    0.29834E+07    0.34182E+04
    90    0.62143E+00    0.10313E-14    0.12169E-07    0.29556E+07    0.33487E+04
    91    0.53754E+00    0.88892E-05    0.16983E-03    0.29282E+07    0.32811E+04
    92    0.52256E+00    0.16379E-04    0.62229E-03    0.29011E+07    0.32153E+04
    93    0.58012E+00    0.29435E-04    0.82642E-03    0.28744E+07    0.31513E+04
    94    0.49099E+00    0.25308E-04    0.17369E-02    0.28480E+07    0.30889E+04
    95    0.48165E+00    0.18391E-04    0.20800E-02    0.28219E+07    0.30283E+04
    96    0.25859E+00    0.82198E-05    0.20674E-02    0.27962E+07    0.29693E+04
    97    0.27113E+00   -0.56680E-05    0.19112E-02    0.27707E+07    0.29119E+04
    98    0.30005E+00   -0.16308E-04    0.33087E-02    0.27456E+07    0.28560E+04
    99    0.20041E+00   -0.46450E-04    0.27578E-02    0.27208E+07    0.28016E+04
   100    0.19868E+00   -0.81699E-04    0.41844E-02    0.26963E+07    0.27487E+04
   101    0.14993E+00   -0.48236E-04    0.40862E-02    0.26721E+07    0.26972E+04
   102    0.42918E+00   -0.80235E-04    0.41607E-02    0.26483E+07    0.26471E+04
   103    0.44581E+00   -0.89020E-04    0.31342E-02    0.26247E+07    0.25983E+04
   104    0.50057E+00   -0.60196E-04    0.34469E-02    0.26015E+07    0.25507E+04
   105    0.52279E+00   -0.53656E-04    0.30823E-02    0.25785E+07    0.25044E+04
   106    0.59040E+00    0.19279E-04    0.22523E-02    0.25559E+07    0.24593E+04
   107    0.40988E+00    0.24434E-04    0.19114E-02    0.25335E+07    0.24153E+04
   108    0.43055E+00    0.50485E-04    0.78595E-03    0.25115E+07    0.23724E+04
   109    0.43320E+00    0.37543E-04   -0.16942E-03    0.24897E+07    0.23305E+04
   110    0.34716E+00    0.37504E-15    0.48537E-08    0.24683E+07    0.22897E+04
   111    0.25103E+00    0.25783E-04   -0.72092E-03    0.24471E+07    0.22498E+04
   112    0.15193E+00    0.51254E-04   -0.21128E-02    0.24262E+07    0.22108E+04
   113    0.13192E+00    0.86308E-04   -0.32119E-02    0.24056E+07    0.21728E+04
   114    0.50251E-01    0.66557E-04   -0.37972E-02    0.23852E+07    0.21357E+04
   115    0.63276E-01    0.15046E-03   -0.43908E-02    0.23652E+07    0.20994E+04
   116   -0.44054E-01    0.12507E-03   -0.47717E-02    0.23454E+07    0.20640E+04
   117    0.33194E-01    0.74553E-04   -0.47190E-02    0.23258E+07    0.20295E+04
   118    0.15425E+00    0.15738E-03   -0.54974E-02    0.23066E+07    0.19957E+04
   119    0.17834E+00    0.23488E-03   -0.54004E-02    0.22876E+07    0.19627E+04
   120    0.26184E+00    0.16838E-03   -0.49499E-02    0.22689E+07    0.19306E+04
   121    0.26398E+00    0.26490E-03   -0.46678E-02    0.22504E+07    0.18991E+04
   122    0.26683E+00    0.23721E-03   -0.43333E-02    0.22321E+07    0.18684E+04
   123    0.27819E+00    0.16949E-03   -0.44681E-02    0.22142E+07    0.18384E+04
   124    0.30587E+00    0.14592E-03   -0.26230E-02    0.21964E+07    0.18091E+04
   125    0.28338E+00    0.10210E-03   -0.15484E-02    0.21789E+07    0.17805E+04
   126    0.29280E+00    0.12222E-03   -0.10233E-02    0.21617E+07    0.17525E+04
   127    0.26764E+00    0.67608E-04   -0.82677E-03    0.21447E+07    0.17251E+04
   128    0.21570E+00    0.96719E-04   -0.73800E-03    0.21279E+07    0.16984E+04
   129    0.21907E+00    0.70884E-04   -0.53605E-03    0.21113E+07    0.16722E+04
   130    0.21125E+00    0.20627E-14    0.77144E-08    0.20950E+07    0.16466E+04
   131    0.20039E+00    0.40701E-04   -0.11275E-02    0.20789E+07    0.16216E+04
   132    0.27023E+00    0.45184E-04   -0.14194E-02    0.20630E+07    0.15971E+04
   133    0.28202E+00    0.86669E-04   -0.35664E-02    0.20474E+07    0.15731E+04
   134    0.31985E+00    0.16409E-03   -0.35737E-02    0.20319E+07    0.15496E+04
   135    0.39352E+00    0.20211E-03   -0.48750E-02    0.20166E+07    0.15266E+04
   136    0.36427E+00    0.19965E-03   -0.42183E-02    0.20016E+07    0.15041E+04
   137    0.39047E+00    0.22994E-03   -0.42943E-02    0.19868E+07    0.14820E+04
   138    0.40766E+00    0.21763E-03   -0.40796E-02    0.19721E+07    0.14605E+04
   139    0.27706E+00    0.31022E-03   -0.32936E-02    0.19577E+07    0.14394E+04
   140    0.30562E+00    0.28381E-03   -0.31413E-02    0.19434E+07    0.14187E+04
   141    0.20602E+00    0.21161E-03   -0.18566E-02    0.19293E+07    0.13984E+04
   142    0.21090E+00    0.16683E-03   -0.64437E-03    0.19154E+07    0.13786E+04
   143    0.25579E+00    0.14843E-03    0.33036E-04    0.19017E+07    0.13592E+04
   144    0.20194E+00    0.81045E-04    0.45625E-03    0.18882E+07    0.13401E+04
   145    0.13343E+00    0.11218E-03    0.90586E-03    0.18748E+07    0.13215E+04
   146    0.28291E+00    0.17933E-04    0.91965E-03    0.18616E+07    0.13032E+04
   147    0.21450E+00    0.20080E-04    0.15210E-02    0.18486E+07    0.12852E+04
   148    0.16085E+00   -0.31007E-04    0.76213E-03    0.18357E+07    0.12677E+04
   149    0.20605E+00   -0.62107E-04   -0.33364E-03    0.18230E+07    0.12504E+04
   150    0.13706E+00    0.18752E-15    0.11776E-08    0.18104E+07    0.12335E+04
   151    0.11194E+00    0.77267E-04   -0.16144E-02    0.17980E+07    0.12168E+04
   152   -0.96843E-02    0.80850E-04   -0.38724E-02    0.17857E+07    0.12005E+04
   153   -0.71333E-01    0.14206E-03   -0.46709E-02    0.17736E+07    0.11845E+04
   154   -0.13940E+00    0.24362E-03   -0.63636E-02    0.17616E+07    0.11688E+04
   155   -0.20599E+00    0.36829E-03   -0.83328E-02    0.17497E+07    0.11533E+04
   156   -0.41177E+00    0.49880E-03   -0.10704E-01    0.17380E+07    0.11382E+04
   157   -0.45173E+00    0.61790E-03   -0.12116E-01    0.17264E+07    0.11233E+04
   158   -0.54080E+00    0.78259E-03   -0.13437E-01    0.17150E+07    0.11087E+04
   159   -0.67110E+00    0.82706E-03   -0.14794E-01    0.17036E+07    0.10943E+04
   160   -0.76045E+00    0.88262E-03   -0.14824E-01    0.16925E+07    0.10802E+04
   161   -0.80095E+00    0.10063E-02   -0.15139E-01    0.16814E+07    0.10664E+04
   162   -0.85899E+00    0.10322E-02   -0.15864E-01    0.16704E+07    0.10528E+04
   163   -0.77812E+00    0.10175E-02   -0.15639E-01    0.16596E+07    0.10395E+04
   164   -0.84756E+00    0.10190E-02   -0.16075E-01    0.16489E+07    0.10264E+04
   165   -0.76230E+00    0.94538E-03   -0.15068E-01    0.16383E+07    0.10135E+04
   166   -0.66299E+00    0.92781E-03   -0.14230E-01    0.16278E+07    0.10008E+04
   167   -0.46748E+00    0.72622E-03   -0.14427E-01    0.16175E+07    0.98842E+03
   168   -0.39070E+00    0.69477E-03   -0.13558E-01    0.16072E+07    0.97621E+03
   169   -0.27620E+00    0.51905E-03   -0.11747E-01    0.15971E+07    0.96420E+03
   170   -0.11608E+00    0.40467E-03   -0.10605E-01    0.15870E+07    0.95240E+03
   171   -0.51015E-01    0.33435E-03   -0.80286E-02    0.15771E+07    0.94079E+03
   172    0.11712E-02    0.21656E-03   -0.56291E-02    0.15672E+07    0.92938E+03
   173   -0.25908E-01    0.34034E-04   -0.35315E-02    0.15575E+07    0.91815E+03
   174    0.24210E-01    0.66645E-04   -0.18610E-02    0.15478E+07    0.90711E+03
   175    0.85135E-01    0.00000E+00   -0.46594E-10    0.15383E+07    0.89624E+03
   176    0.16320E-01    0.36738E-04    0.19737E-02    0.15288E+07    0.88554E+03
   177   -0.25157E-01    0.70562E-04    0.26861E-02    0.15194E+07    0.87501E+03
   178   -0.10495E+00    0.28936E-03    0.37823E-02    0.15101E+07    0.86464E+03
   179   -0.21441E+00    0.36102E-03    0.54213E-02    0.15009E+07    0.85443E+03
   180   -0.19635E+00    0.47345E-03    0.62767E-02    0.14917E+07    0.84438E+03
   181   -0.26498E+00    0.59167E-03    0.65077E-02    0.14827E+07    0.83449E+03
   182   -0.33737E+00    0.75500E-03    0.77592E-02    0.14737E+07    0.82475E+03
   183   -0.47919E+00    0.85420E-03    0.87047E-02    0.14648E+07    0.81516E+03
   184   -0.53323E+00    0.92858E-03    0.10246E-01    0.14560E+07    0.80571E+03
   185   -0.56514E+00    0.10917E-02    0.10315E-01    0.14473E+07    0.79641E+03
   186   -0.93769E+00    0.11676E-02    0.12040E-01    0.14386E+07    0.78725E+03
   187   -0.97371E+00    0.12623E-02    0.14096E-01    0.14301E+07    0.77823E+03
   188   -0.10360E+01    0.13260E-02    0.15157E-01    0.14215E+07    0.76934E+03
   189   -0.11901E+01    0.13610E-02    0.16867E-01    0.14131E+07    0.76058E+03
   190   -0.98184E+00    0.13842E-02    0.17157E-01    0.14047E+07    0.75196E+03
   191   -0.11453E+01    0.13829E-02    0.19157E-01    0.13964E+07    0.74346E+03
   192   -0.11519E+01    0.13446E-02    0.20798E-01    0.13882E+07    0.73508E+03
   193   -0.12159E+01    0.12787E-02    0.20754E-01    0.13800E+07    0.72683E+03
   194   -0.11057E+01    0.11801E-02    0.21412E-01    0.13719E+07    0.71869E+03
   195   -0.10357E+01    0.10509E-02    0.20704E-01    0.13639E+07    0.71066E+03
   196   -0.99703E+00    0.89326E-03    0.19530E-01    0.13559E+07    0.70275E+03
   197   -0.83265E+00    0.71685E-03    0.16565E-01    0.13480E+07    0.69495E+03
   198   -0.60817E+00    0.50895E-03    0.12711E-01    0.13401E+07    0.68725E+03
   199   -0.31495E+00    0.27175E-03    0.73839E-02    0.13323E+07    0.67966E+03
   200    0.55639E-01    0.00000E+00   -0.21572E-11    0.13246E+07    0.67216E+03
   201    0.43637E+00   -0.28135E-03   -0.84539E-02    0.13169E+07    0.66477E+03
   202    0.90226E+00   -0.59737E-03   -0.18882E-01    0.13093E+07    0.65747E+03
   203    0.13782E+01   -0.92061E-03   -0.29875E-01    0.13017E+07    0.65026E+03
   204    0.17890E+01   -0.12608E-02   -0.43737E-01    0.12941E+07    0.64315E+03
   205    0.22824E+01   -0.16054E-02   -0.57575E-01    0.12867E+07    0.63613E+03
   206    0.27089E+01   -0.19491E-02   -0.71984E-01    0.12792E+07    0.62921E+03
   207    0.32164E+01   -0.23019E-02   -0.86745E-01    0.12718E+07    0.62237E+03
   208    0.35810E+01   -0.26435E-02   -0.10171E+00    0.12645E+07    0.61563E+03
   209    0.39506E+01   -0.29838E-02   -0.11658E+00    0.12572E+07    0.60897E+03
   210    0.43242E+01   -0.33028E-02   -0.13159E+00    0.12500E+07    0.60240E+03
   211    0.47010E+01   -0.36027E-02   -0.14613E+00    0.12428E+07    0.59592E+03
   212    0.49316E+01   -0.38858E-02   -0.16047E+00    0.12357E+07    0.58952E+03
   213    0.52379E+01   -0.41395E-02   -0.17389E+00    0.12286E+07    0.58321E+03
   214    0.54706E+01   -0.44033E-02   -0.18694E+00    0.12215E+07    0.57698E+03
   215    0.57031E+01   -0.45160E-02   -0.19969E+00    0.12145E+07    0.57083E+03
   216    0.58603E+01   -0.46954E-02   -0.21095E+00    0.12076E+07    0.56477E+03
   217    0.60898E+01   -0.48174E-02   -0.22206E+00    0.12007E+07    0.55878E+03
   218    0.62423E+01   -0.49140E-02   -0.23214E+00    0.11938E+07    0.55287E+03
   219    0.63911E+01   -0.50172E-02   -0.23956E+00    0.11870E+07    0.54704E+03
   220    0.65355E+01   -0.50105E-02   -0.24809E+00    0.11802E+07    0.54129E+03
   221    0.66746E+01   -0.50002E-02   -0.25486E+00    0.11735E+07    0.53562E+03
   222    0.68074E+01   -0.48696E-02   -0.26067E+00    0.11668E+07    0.53001E+03
   223    0.67847E+01   -0.47250E-02   -0.26412E+00    0.11601E+07    0.52449E+03
   224    0.69026E+01   -0.45985E-02   -0.26826E+00    0.11535E+07    0.51903E+03
   225    0.69376E+01   -0.43735E-02   -0.26945E+00    0.11469E+07    0.51365E+03
   226    0.69629E+01   -0.40820E-02   -0.27073E+00    0.11403E+07    0.50833E+03
   227    0.69035E+01   -0.37559E-02   -0.26996E+00    0.11338E+07    0.50309E+03
   228    0.69071E+01   -0.34273E-02   -0.26795E+00    0.11274E+07    0.49791E+03
   229    0.68986E+01   -0.30538E-02   -0.26553E+00    0.11209E+07    0.49281E+03
   230    0.68028E+01   -0.26675E-02   -0.26128E+00    0.11145E+07    0.48776E+03
   231    0.66188E+01   -0.22262E-02   -0.25528E+00    0.11081E+07    0.48279E+03
   232    0.64944E+01   -0.18360E-02   -0.24836E+00    0.11018E+07    0.47787E+03
   233    0.63545E+01   -0.13061E-02   -0.24132E+00    0.10955E+07    0.47302E+03
   234    0.60496E+01   -0.81706E-03   -0.23276E+00    0.10893E+07    0.46823E+03
   235    0.58017E+01   -0.32665E-03   -0.22351E+00    0.10830E+07    0.46350E+03
   236    0.54614E+01    0.13318E-03   -0.21288E+00    0.10768E+07    0.45884E+03
   237    0.51021E+01    0.60470E-03   -0.20172E+00    0.10706E+07    0.45423E+03
   238    0.47230E+01    0.11302E-02   -0.18933E+00    0.10645E+07    0.44967E+03
   239    0.43975E+01    0.15291E-02   -0.17582E+00    0.10584E+07    0.44518E+03
   240    0.39020E+01    0.18438E-02   -0.16272E+00    0.10523E+07    0.44074E+03
   241    0.35326E+01    0.21907E-02   -0.14865E+00    0.10462E+07    0.43635E+03
   242    0.31400E+01    0.23893E-02   -0.13367E+00    0.10402E+07    0.43202E+03
   243    0.27233E+01    0.25562E-02   -0.11859E+00    0.10342E+07    0.42774E+03
   244    0.22817E+01    0.25851E-02   -0.10203E+00    0.10282E+07    0.42351E+03
   245    0.18143E+01    0.25182E-02   -0.86270E-01    0.10223E+07    0.41933E+03
   246    0.13945E+01    0.23237E-02   -0.69168E-01    0.10164E+07    0.41520E+03
   247    0.10215E+01    0.18952E-02   -0.52285E-01    0.10105E+07    0.41111E+03
   248    0.62022E+00    0.15721E-02   -0.34955E-01    0.10046E+07    0.40708E+03
   249    0.33827E+00    0.80248E-03   -0.17253E-01    0.99873E+06    0.40309E+03
   250    0.26262E-01    0.00000E+00    0.72007E-13    0.99290E+06    0.39914E+03
   251   -0.16959E+00   -0.11553E-02    0.18203E-01    0.98709E+06    0.39524E+03
   252   -0.48052E+00   -0.24267E-02    0.36481E-01    0.98130E+06    0.39138E+03
   253   -0.54503E+00   -0.40141E-02    0.53948E-01    0.97554E+06    0.38756E+03
   254   -0.67014E+00   -0.55973E-02    0.71205E-01    0.96980E+06    0.38379E+03
   255   -0.79148E+00   -0.74504E-02    0.88851E-01    0.96408E+06    0.38006E+03
   256   -0.84466E+00   -0.91791E-02    0.10749E+00    0.95840E+06    0.37637E+03
   257   -0.83958E+00   -0.11206E-01    0.11954E+00    0.95274E+06    0.37272E+03
   258   -0.86043E+00   -0.13137E-01    0.13824E+00    0.94710E+06    0.36911E+03
   259   -0.84282E+00   -0.15097E-01    0.14933E+00    0.94150E+06    0.36554E+03
   260   -0.72238E+00   -0.17063E-01    0.16826E+00    0.93593E+06    0.36201E+03
   261   -0.65757E+00   -0.19087E-01    0.17336E+00    0.93039E+06    0.35853E+03
   262   -0.65829E+00   -0.20923E-01    0.18751E+00    0.92488E+06    0.35508E+03
   263   -0.36302E+00   -0.22770E-01    0.20387E+00    0.91941E+06    0.35167E+03
   264   -0.22737E+00   -0.24532E-01    0.21562E+00    0.91397E+06    0.34830E+03
   265   -0.18696E+00   -0.26259E-01    0.21593E+00    0.90856E+06    0.34497E+03
   266   -0.28835E-01   -0.27706E-01    0.22769E+00    0.90319E+06    0.34167E+03
   267    0.14254E-01   -0.29221E-01    0.22921E+00    0.89786E+06    0.33842E+03
   268    0.80972E-01   -0.30410E-01    0.23595E+00    0.89257E+06    0.33520E+03
   269    0.12851E-01   -0.31547E-01    0.24107E+00    0.88731E+06    0.33201E+03
   270    0.97123E-01   -0.32534E-01    0.24519E+00    0.88210E+06    0.32887E+03
   271    0.10104E+00   -0.33424E-01    0.24889E+00    0.87693E+06    0.32576E+03
   272    0.23754E+00   -0.33894E-01    0.24536E+00    0.87180E+06    0.32269E+03
   273    0.27389E+00   -0.34518E-01    0.25005E+00    0.86671E+06    0.31965E+03
   274    0.34874E+00   -0.34678E-01    0.24127E+00    0.86167E+06    0.31664E+03
   275    0.37791E+00   -0.34870E-01    0.24190E+00    0.85667E+06    0.31368E+03
   276    0.50006E+00   -0.34849E-01    0.23027E+00    0.85172E+06    0.31074E+03
   277    0.48245E+00   -0.34591E-01    0.22926E+00    0.84682E+06    0.30784E+03
   278    0.53803E+00   -0.34149E-01    0.21717E+00    0.84197E+06    0.30498E+03
   279    0.58261E+00   -0.33573E-01    0.20206E+00    0.83716E+06    0.30214E+03
   280    0.60628E+00   -0.32841E-01    0.19935E+00    0.83240E+06    0.29934E+03
   281    0.74772E+00   -0.31854E-01    0.18738E+00    0.82770E+06    0.29657E+03
   282    0.69989E+00   -0.30888E-01    0.17418E+00    0.82305E+06    0.29384E+03
   283    0.75002E+00   -0.29696E-01    0.16033E+00    0.81845E+06    0.29113E+03
   284    0.81393E+00   -0.28329E-01    0.14644E+00    0.81390E+06    0.28846E+03
   285    0.88172E+00   -0.26765E-01    0.13312E+00    0.80941E+06    0.28582E+03
   286    0.86920E+00   -0.25130E-01    0.11352E+00    0.80498E+06    0.28321E+03
   287    0.84075E+00   -0.23399E-01    0.10312E+00    0.80060E+06    0.28062E+03
   288    0.86076E+00   -0.21551E-01    0.87651E-01    0.79629E+06    0.27807E+03
   289    0.84504E+00   -0.19636E-01    0.75142E-01    0.79203E+06    0.27555E+03
   290    0.85798E+00   -0.17779E-01    0.66194E-01    0.78783E+06    0.27306E+03
   291    0.88967E+00   -0.15217E-01    0.46550E-01    0.78369E+06    0.27059E+03
   292    0.63308E+00   -0.13038E-01    0.39095E-01    0.77962E+06    0.26816E+03
   293    0.67257E+00   -0.11592E-01    0.22144E-01    0.77560E+06    0.26575E+03
   294    0.55255E+00   -0.93704E-02    0.18583E-01    0.77165E+06    0.26337E+03
   295    0.63452E+00   -0.78354E-02    0.67261E-02    0.76777E+06    0.26102E+03
   296    0.53718E+00   -0.54786E-02    0.20301E-02    0.76395E+06    0.25869E+03
   297    0.47347E+00   -0.45053E-02    0.50950E-02    0.76020E+06    0.25640E+03
   298    0.28492E+00   -0.26641E-02    0.16641E-02    0.75652E+06    0.25412E+03
   299    0.18448E+00   -0.67475E-03   -0.23422E-03    0.75291E+06    0.25188E+03
   300    0.13686E-01    0.00000E+00    0.00000E+00    0.74936E+06    0.24965E+03
   301   -0.16295E+00    0.87705E-03    0.10259E-01    0.74589E+06    0.24746E+03
   302   -0.28035E+00    0.12775E-02    0.30463E-01    0.74248E+06    0.24529E+03
   303   -0.42190E+00    0.20163E-02    0.45537E-01    0.73914E+06    0.24314E+03
   304   -0.59668E+00    0.31656E-02    0.55267E-01    0.73586E+06    0.24102E+03
   305   -0.73948E+00    0.33118E-02    0.74293E-01    0.73263E+06    0.23892E+03
   306   -0.93368E+00    0.32699E-02    0.94968E-01    0.72946E+06    0.23684E+03
   307   -0.11141E+01    0.31120E-02    0.10965E+00    0.72633E+06    0.23479E+03
   308   -0.12897E+01    0.43959E-02    0.14041E+00    0.72324E+06    0.23276E+03
   309   -0.13955E+01    0.42224E-02    0.15731E+00    0.72020E+06    0.23076E+03
   310   -0.15890E+01    0.34063E-02    0.18242E+00    0.71719E+06    0.22878E+03
   311   -0.17307E+01    0.42485E-02    0.20067E+00    0.71422E+06    0.22682E+03
   312   -0.18298E+01    0.38496E-02    0.22671E+00    0.71127E+06    0.22488E+03
   313   -0.19695E+01    0.37674E-02    0.24545E+00    0.70835E+06    0.22297E+03
   314   -0.20848E+01    0.40740E-02    0.27154E+00    0.70546E+06    0.22108E+03
   315   -0.21846E+01    0.33559E-02    0.28990E+00    0.70257E+06    0.21921E+03
   316   -0.22781E+01    0.31709E-02    0.30775E+00    0.69971E+06    0.21736E+03
   317   -0.23744E+01    0.21055E-02    0.32487E+00    0.69685E+06    0.21553E+03
   318   -0.24825E+01    0.24602E-02    0.34105E+00    0.69399E+06    0.21372E+03
   319   -0.25372E+01    0.20787E-02    0.35606E+00    0.69114E+06    0.21193E+03
   320   -0.25477E+01    0.17759E-02    0.37712E+00    0.68829E+06    0.21017E+03
   321   -0.25972E+01    0.23668E-02    0.38916E+00    0.68543E+06    0.20842E+03
   322   -0.26207E+01    0.16949E-02    0.39938E+00    0.68257E+06    0.20669E+03
   323   -0.26271E+01    0.13182E-02    0.40758E+00    0.67968E+06    0.20499E+03
   324   -0.26255E+01    0.20516E-02    0.40610E+00    0.67679E+06    0.20330E+03
   325   -0.25509E+01    0.25286E-03    0.41702E+00    0.67387E+06    0.20163E+03
   326   -0.25607E+01    0.45130E-03    0.41041E+00    0.67092E+06    0.19998E+03
   327   -0.25156E+01    0.49047E-03    0.40833E+00    0.66795E+06    0.19835E+03
   328   -0.24245E+01   -0.30035E-03    0.41057E+00    0.66494E+06    0.19674E+03
   329   -0.23710E+01   -0.36335E-03    0.40205E+00    0.66190E+06    0.19515E+03
   330   -0.22897E+01   -0.11121E-02    0.38999E+00    0.65882E+06    0.19357E+03
   331   -0.21155E+01   -0.17316E-02    0.38160E+00    0.65570E+06    0.19202E+03
   332   -0.20060E+01   -0.14070E-02    0.37666E+00    0.65252E+06    0.19048E+03
   333   -0.18961E+01   -0.15517E-02    0.36752E+00    0.64930E+06    0.18895E+03
   334   -0.17205E+01   -0.13509E-02    0.35398E+00    0.64602E+06    0.18745E+03
   335   -0.16368E+01   -0.22180E-02    0.33582E+00    0.64268E+06    0.18596E+03
   336   -0.15057E+01   -0.25953E-02    0.32024E+00    0.63927E+06    0.18448E+03
   337   -0.13362E+01   -0.24107E-02    0.29217E+00    0.63580E+06    0.18303E+03
   338   -0.12116E+01   -0.30777E-02    0.27369E+00    0.63226E+06    0.18159E+03
   339   -0.99245E+00   -0.22956E-02    0.24972E+00    0.62865E+06    0.18016E+03
   340   -0.83644E+00   -0.22210E-02    0.23489E+00    0.62495E+06    0.17875E+03
   341   -0.75263E+00   -0.27816E-02    0.20672E+00    0.62118E+06    0.17736E+03
   342   -0.60154E+00   -0.16768E-02    0.17983E+00    0.61732E+06    0.17598E+03
   343   -0.46655E+00   -0.18059E-02    0.15401E+00    0.61336E+06    0.17462E+03
   344   -0.28243E+00   -0.16110E-02    0.12905E+00    0.60932E+06    0.17327E+03
   345   -0.20686E+00   -0.17629E-02    0.10473E+00    0.60517E+06    0.17193E+03
   346   -0.10034E+00   -0.70383E-03    0.88264E-01    0.60093E+06    0.17061E+03
   347   -0.46251E-01   -0.59009E-03    0.64572E-01    0.59658E+06    0.16930E+03
   348    0.20619E-01   -0.60675E-03    0.40871E-01    0.59212E+06    0.16801E+03
   349    0.16896E-01    0.61127E-04    0.16943E-01    0.58754E+06    0.16673E+03
   350    0.77815E-02    0.00000E+00    0.00000E+00    0.58285E+06    0.16546E+03
   351    0.13405E+00    0.76342E-03   -0.17693E-01    0.57805E+06    0.16421E+03
   352    0.21645E-01    0.16595E-02   -0.36808E-01    0.57313E+06    0.16297E+03
   353   -0.33635E-01    0.19922E-02   -0.43252E-01    0.56812E+06    0.16174E+03
   354   -0.18170E+00    0.25510E-02   -0.60074E-01    0.56303E+06    0.16052E+03
   355   -0.27533E+00    0.33826E-02   -0.73179E-01    0.55788E+06    0.15932E+03
   356   -0.39015E+00    0.45338E-02   -0.75903E-01    0.55267E+06    0.15812E+03
   357   -0.52749E+00    0.53084E-02   -0.83866E-01    0.54742E+06    0.15694E+03
   358   -0.61443E+00    0.50104E-02   -0.82973E-01    0.54214E+06    0.15577E+03
   359   -0.80086E+00    0.51721E-02   -0.88846E-01    0.53684E+06    0.15462E+03
   360   -0.93957E+00    0.58403E-02   -0.91104E-01    0.53155E+06    0.15347E+03
   361   -0.11062E+01    0.63189E-02   -0.94968E-01    0.52627E+06    0.15234E+03
   362   -0.12277E+01    0.66545E-02   -0.98230E-01    0.52101E+06    0.15122E+03
   363   -0.13799E+01    0.76368E-02   -0.99424E-01    0.51579E+06    0.15011E+03
   364   -0.14897E+01    0.70839E-02   -0.10303E+00    0.51063E+06    0.14901E+03
   365   -0.16327E+01    0.72711E-02   -0.10386E+00    0.50553E+06    0.14792E+03
   366   -0.17361E+01    0.75022E-02   -0.10566E+00    0.50051E+06    0.14684E+03
   367   -0.18012E+01    0.63384E-02   -0.10696E+00    0.49558E+06    0.14577E+03
   368   -0.19778E+01    0.60549E-02   -0.10704E+00    0.49076E+06    0.14472E+03
   369   -0.19702E+01    0.59554E-02   -0.10888E+00    0.48605E+06    0.14367E+03
   370   -0.20026E+01    0.53441E-02   -0.10806E+00    0.48148E+06    0.14263E+03
   371   -0.20764E+01    0.42674E-02   -0.10905E+00    0.47706E+06    0.14161E+03
   372   -0.21185E+01    0.35151E-02   -0.10815E+00    0.47279E+06    0.14059E+03
   373   -0.21303E+01    0.23910E-02   -0.10911E+00    0.46870E+06    0.13959E+03
   374   -0.21132E+01    0.16846E-02   -0.10896E+00    0.46479E+06    0.13859E+03
   375   -0.21428E+01    0.69991E-03   -0.10848E+00    0.46107E+06    0.13761E+03
   376   -0.20718E+01    0.22640E-03   -0.10842E+00    0.45758E+06    0.13663E+03
   377   -0.19759E+01   -0.11748E-02   -0.10658E+00    0.45430E+06    0.13566E+03
   378   -0.19308E+01   -0.27143E-02   -0.10670E+00    0.45127E+06    0.13470E+03
   379   -0.18634E+01   -0.36023E-02   -0.10507E+00    0.44848E+06    0.13376E+03
   380   -0.17009E+01   -0.37922E-02   -0.10469E+00    0.44597E+06    0.13282E+03
   381   -0.15931E+01   -0.69515E-02   -0.10335E+00    0.44373E+06    0.13189E+03
   382   -0.15414E+01   -0.78336E-02   -0.10108E+00    0.44178E+06    0.13096E+03
   383   -0.13986E+01   -0.93631E-02   -0.10012E+00    0.44014E+06    0.13005E+03
   384   -0.11660E+01   -0.11493E-01   -0.97518E-01    0.43881E+06    0.12914E+03
   385   -0.10678E+01   -0.11949E-01   -0.95526E-01    0.43782E+06    0.12825E+03
   386   -0.88241E+00   -0.12912E-01   -0.92679E-01    0.43717E+06    0.12736E+03
   387   -0.75987E+00   -0.14335E-01   -0.89739E-01    0.43689E+06    0.12648E+03
   388   -0.62718E+00   -0.15429E-01   -0.85984E-01    0.43697E+06    0.12561E+03
   389   -0.48570E+00   -0.18376E-01   -0.82178E-01    0.43744E+06    0.12474E+03
   390   -0.33675E+00   -0.17929E-01   -0.76854E-01    0.43830E+06    0.12389E+03
   391   -0.18169E+00   -0.18499E-01   -0.72262E-01    0.43958E+06    0.12304E+03
   392   -0.96146E-01   -0.17067E-01   -0.66193E-01    0.44128E+06    0.12219E+03
   393    0.67118E-01   -0.16558E-01   -0.60155E-01    0.44343E+06    0.12136E+03
   394    0.15819E+00   -0.15439E-01   -0.52680E-01    0.44602E+06    0.12053E+03
   395    0.17572E+00   -0.14407E-01   -0.46019E-01    0.44908E+06    0.11971E+03
   396    0.26694E+00   -0.12673E-01   -0.37369E-01    0.45261E+06    0.11890E+03
   397    0.20765E+00   -0.10189E-01   -0.28831E-01    0.45664E+06    0.11809E+03
   398    0.21937E+00   -0.76510E-02   -0.19829E-01    0.46117E+06    0.11729E+03
   399    0.15218E+00   -0.42704E-02   -0.10259E-01    0.46622E+06    0.11650E+03
   400    0.47436E-02    0.00000E+00    0.00000E+00    0.47180E+06    0.11571E+03
   401   -0.14849E+00    0.44423E-02    0.10795E-01    0.47792E+06    0.11493E+03
   402   -0.30132E+00    0.89950E-02    0.22317E-01    0.48456E+06    0.11416E+03
   403   -0.52031E+00    0.15060E-01    0.34445E-01    0.49171E+06    0.11339E+03
   404   -0.79775E+00    0.21069E-01    0.48024E-01    0.49933E+06    0.11263E+03
   405   -0.10516E+01    0.26938E-01    0.61523E-01    0.50741E+06    0.11187E+03
   406   -0.14228E+01    0.34070E-01    0.76456E-01    0.51593E+06    0.11112E+03
   407   -0.17550E+01    0.40895E-01    0.90621E-01    0.52487E+06    0.11038E+03
   408   -0.21149E+01    0.48074E-01    0.10776E+00    0.53419E+06    0.10964E+03
   409   -0.24203E+01    0.56265E-01    0.12493E+00    0.54389E+06    0.10891E+03
   410   -0.28121E+01    0.63157E-01    0.14217E+00    0.55394E+06    0.10818E+03
   411   -0.31341E+01    0.70895E-01    0.16097E+00    0.56431E+06    0.10746E+03
   412   -0.35271E+01    0.78652E-01    0.17990E+00    0.57500E+06    0.10674E+03
   413   -0.39092E+01    0.86346E-01    0.19971E+00    0.58596E+06    0.10603E+03
   414   -0.43468E+01    0.93893E-01    0.21969E+00    0.59719E+06    0.10533E+03
   415   -0.46838E+01    0.10195E+00    0.24136E+00    0.60867E+06    0.10463E+03
   416   -0.50609E+01    0.10896E+00    0.26252E+00    0.62036E+06    0.10394E+03
   417   -0.54705E+01    0.11630E+00    0.28318E+00    0.63225E+06    0.10325E+03
   418   -0.58305E+01    0.12169E+00    0.30562E+00    0.64432E+06    0.10257E+03
   419   -0.61332E+01    0.12799E+00    0.32838E+00    0.65654E+06    0.10190E+03
   420   -0.64453E+01    0.13439E+00    0.35073E+00    0.66889E+06    0.10123E+03
   421   -0.66846E+01    0.14007E+00    0.37345E+00    0.68136E+06    0.10056E+03
   422   -0.69179E+01    0.14492E+00    0.39508E+00    0.69392E+06    0.99903E+02
   423   -0.72116E+01    0.14888E+00    0.41714E+00    0.70654E+06    0.99249E+02
   424   -0.74837E+01    0.15261E+00    0.43816E+00    0.71922E+06    0.98600E+02
   425   -0.76523E+01    0.15526E+00    0.45967E+00    0.73191E+06    0.97956E+02
   426   -0.77839E+01    0.15826E+00    0.48020E+00    0.74461E+06    0.97318E+02
   427   -0.79451E+01    0.16003E+00    0.49830E+00    0.75730E+06    0.96685E+02
   428   -0.80539E+01    0.16123E+00    0.51696E+00    0.76994E+06    0.96056E+02
   429   -0.81768E+01    0.16177E+00    0.53399E+00    0.78252E+06    0.95433E+02
   430   -0.81577E+01    0.16232E+00    0.54867E+00    0.79502E+06    0.94815E+02
   431   -0.81372E+01    0.16130E+00    0.56177E+00    0.80741E+06    0.94202E+02
   432   -0.81821E+01    0.15938E+00    0.57184E+00    0.81968E+06    0.93594E+02
   433   -0.80617E+01    0.15796E+00    0.58112E+00    0.83180E+06    0.92990E+02
   434   -0.79912E+01    0.15472E+00    0.58595E+00    0.84374E+06    0.92392E+02
   435   -0.78885E+01    0.15182E+00    0.58782E+00    0.85550E+06    0.91798E+02
   436   -0.76718E+01    0.14768E+00    0.58602E+00    0.86705E+06    0.91209E+02
   437   -0.74075E+01    0.14222E+00    0.58133E+00    0.87836E+06    0.90625E+02
   438   -0.71622E+01    0.13609E+00    0.57303E+00    0.88941E+06    0.90045E+02
   439   -0.67796E+01    0.12997E+00    0.55891E+00    0.90018E+06    0.89470E+02
   440   -0.64006E+01    0.12227E+00    0.54125E+00    0.91066E+06    0.88900E+02
   441   -0.59433E+01    0.11366E+00    0.51708E+00    0.92081E+06    0.88334E+02
   442   -0.55483E+01    0.10406E+00    0.48794E+00    0.93063E+06    0.87773E+02
   443   -0.49853E+01    0.94122E-01    0.45235E+00    0.94007E+06    0.87216E+02
   444   -0.43949E+01    0.83765E-01    0.41109E+00    0.94913E+06    0.86663E+02
   445   -0.37696E+01    0.70679E-01    0.36271E+00    0.95779E+06    0.86115E+02
   446   -0.31759E+01    0.58492E-01    0.30797E+00    0.96601E+06    0.85572E+02
   447   -0.24575E+01    0.45638E-01    0.24393E+00    0.97378E+06    0.85032E+02
   448   -0.17553E+01    0.30545E-01    0.17136E+00    0.98108E+06    0.84497E+02
   449   -0.91291E+00    0.15360E-01    0.91029E-01    0.98789E+06    0.83966E+02
   450    0.30152E-02    0.00000E+00    0.00000E+00    0.99417E+06    0.83439E+02
   451    0.92486E+00   -0.17093E-01   -0.99948E-01    0.99993E+06    0.82916E+02
   452    0.18550E+01   -0.34455E-01   -0.21041E+00    0.10052E+07    0.82397E+02
   453    0.29434E+01   -0.52095E-01   -0.32828E+00    0.10099E+07    0.81883E+02
   454    0.39686E+01   -0.70766E-01   -0.45412E+00    0.10141E+07    0.81372E+02
   455    0.50061E+01   -0.89735E-01   -0.58705E+00    0.10178E+07    0.80865E+02
   456    0.62059E+01   -0.10975E+00   -0.71948E+00    0.10210E+07    0.80361E+02
   457    0.72722E+01   -0.12935E+00   -0.86463E+00    0.10238E+07    0.79861E+02
   458    0.84292E+01   -0.14927E+00   -0.10030E+01    0.10261E+07    0.79365E+02
   459    0.96039E+01   -0.16878E+00   -0.11494E+01    0.10279E+07    0.78872E+02
   460    0.10798E+02   -0.18938E+00   -0.12969E+01    0.10293E+07    0.78383E+02
   461    0.11938E+02   -0.20960E+00   -0.14453E+01    0.10303E+07    0.77896E+02
   462    0.13099E+02   -0.23018E+00   -0.15879E+01    0.10308E+07    0.77414E+02
   463    0.14210E+02   -0.24965E+00   -0.17422E+01    0.10310E+07    0.76934E+02
   464    0.15271E+02   -0.26877E+00   -0.18778E+01    0.10307E+07    0.76457E+02
   465    0.16283E+02   -0.28753E+00   -0.20233E+01    0.10301E+07    0.75983E+02
   466    0.17323E+02   -0.30670E+00   -0.21557E+01    0.10291E+07    0.75512E+02
   467    0.18391E+02   -0.32480E+00   -0.22888E+01    0.10277E+07    0.75044E+02
   468    0.19340E+02   -0.34183E+00   -0.24144E+01    0.10259E+07    0.74579E+02
   469    0.20246E+02   -0.35930E+00   -0.25390E+01    0.10238E+07    0.74116E+02
   470    0.21185E+02   -0.37498E+00   -0.26542E+01    0.10214E+07    0.73656E+02
   471    0.21861E+02   -0.38889E+00   -0.27592E+01    0.10187E+07    0.73198E+02
   472    0.22646E+02   -0.40251E+00   -0.28606E+01    0.10156E+07    0.72742E+02
   473    0.23319E+02   -0.41513E+00   -0.29498E+01    0.10123E+07    0.72289E+02
   474    0.23956E+02   -0.42599E+00   -0.30336E+01    0.10086E+07    0.71838E+02
   475    0.24558E+02   -0.43661E+00   -0.31036E+01    0.10047E+07    0.71390E+02
   476    0.24977E+02   -0.44475E+00   -0.31610E+01    0.10005E+07    0.70943E+02
   477    0.25290E+02   -0.45192E+00   -0.32148E+01    0.99607E+06    0.70498E+02
   478    0.25573E+02   -0.45812E+00   -0.32453E+01    0.99137E+06    0.70055E+02
   479    0.25751E+02   -0.46188E+00   -0.32762E+01    0.98643E+06    0.69614E+02
   480    0.25826E+02   -0.46395E+00   -0.32874E+01    0.98127E+06    0.69175E+02
   481    0.25801E+02   -0.46435E+00   -0.32816E+01    0.97590E+06    0.68738E+02
   482    0.25750E+02   -0.46233E+00   -0.32638E+01    0.97032E+06    0.68302E+02
   483    0.25451E+02   -0.45865E+00   -0.32355E+01    0.96454E+06    0.67867E+02
   484    0.24982E+02   -0.45258E+00   -0.31897E+01    0.95859E+06    0.67434E+02
   485    0.24565E+02   -0.44487E+00   -0.31271E+01    0.95246E+06    0.67002E+02
   486    0.23979E+02   -0.43404E+00   -0.30489E+01    0.94617E+06    0.66571E+02
   487    0.23226E+02   -0.42085E+00   -0.29543E+01    0.93973E+06    0.66142E+02
   488    0.22307E+02   -0.40604E+00   -0.28417E+01    0.93315E+06    0.65713E+02
   489    0.21297E+02   -0.38815E+00   -0.27116E+01    0.92644E+06    0.65286E+02
   490    0.20198E+02   -0.36718E+00   -0.25625E+01    0.91961E+06    0.64859E+02
   491    0.18789E+02   -0.34389E+00   -0.23962E+01    0.91268E+06    0.64434E+02
   492    0.17368E+02   -0.31754E+00   -0.22113E+01    0.90564E+06    0.64009E+02
   493    0.15787E+02   -0.28962E+00   -0.20054E+01    0.89852E+06    0.63584E+02
   494    0.14048E+02   -0.25718E+00   -0.17812E+01    0.89133E+06    0.63161E+02
   495    0.12079E+02   -0.22245E+00   -0.15364E+01    0.88407E+06    0.62738E+02
   496    0.99536E+01   -0.18396E+00   -0.12716E+01    0.87676E+06    0.62315E+02
   497    0.76747E+01   -0.14246E+00   -0.98510E+00    0.86941E+06    0.61892E+02
   498    0.52431E+01   -0.98705E-01   -0.67901E+00    0.86202E+06    0.61470E+02
   499    0.27346E+01   -0.50472E-01   -0.34946E+00    0.85461E+06    0.61048E+02
   500    0.19608E-02    0.00000E+00    0.00000E+00    0.84719E+06    0.60626E+02
