#    L    TT             EE             TE             PP             TP          
     2    0.22837E+03    0.44626E-10   -0.58846E-05    0.70579E+06    0.23387E+05
     3    0.16537E+03    0.14231E-10    0.55736E-05    0.11035E+07    0.26901E+05
     4    0.12719E+03    0.39768E-11    0.43436E-05    0.14600E+07    0.28417E+05
     5    0.10180E+03    0.13892E-11    0.22460E-05    0.17770E+07    0.28919E+05
     6    0.83780E+02    0.59168E-12    0.21492E-05    0.20580E+07    0.28856E+05
     7    0.70381E+02    0.41107E-12    0.29610E-05    0.23075E+07    0.28468E+05
     8    0.60077E+02    0.43619E-12    0.31742E-05    0.25291E+07    0.27890E+05
     9    0.51946E+02    0.35666E-12    0.24749E-05    0.27267E+07    0.27205E+05
    10    0.45386E+02    0.18330E-12    0.14822E-05    0.29027E+07    0.26459E+05
    11    0.40011E+02    0.68904E-13    0.81900E-06    0.30604E+07    0.25688E+05
    12    0.35683E+02    0.10382E-03   -0.23731E-03    0.32010E+07    0.24904E+05
    13    0.31755E+02    0.80898E-13    0.76019E-06    0.33264E+07    0.24122E+05
    14    0.28497E+02   -0.27194E-04    0.79413E-04    0.34385E+07    0.23351E+05
    15    0.25774E+02    0.94138E-13    0.90814E-06    0.35387E+07    0.22599E+05
    16    0.23348E+02   -0.22586E-04    0.32390E-03    0.36279E+07    0.21866E+05
    17    0.21289E+02    0.48681E-13    0.55586E-06    0.37074E+07    0.21156E+05
    18    0.19021E+02    0.11488E-04   -0.52572E-03    0.37781E+07    0.20470E+05
    19    0.17835E+02    0.22400E-13    0.23614E-06    0.38405E+07    0.19807E+05
    20    0.16435E+02    0.10034E-04   -0.10701E-04    0.38953E+07    0.19167E+05
    21    0.15113E+02    0.19141E-13    0.26139E-06    0.39432E+07    0.18550E+05
    22    0.14009E+02   -0.67106E-05   -0.42761E-04    0.39850E+07    0.17957E+05
    23    0.12932E+02    0.52559E-13    0.44747E-06    0.40211E+07    0.17386E+05
    24    0.11978E+02   -0.45945E-05    0.19316E-03    0.40519E+07    0.16837E+05
    25    0.11158E+02    0.84642E-13    0.53368E-06    0.40778E+07    0.16309E+05
    26    0.10339E+02    0.45677E-05    0.17370E-03    0.40994E+07    0.15801E+05
    27    0.96977E+01    0.70949E-13    0.44720E-06    0.41169E+07    0.15313E+05
    28    0.90358E+01    0.62322E-06   -0.24437E-03    0.41307E+07    0.14844E+05
    29    0.84823E+01    0.37984E-13    0.27272E-06    0.41410E+07    0.14392E+05
    30    0.80198E+01   -0.21393E-05    0.16672E-04    0.41477E+07    0.13956E+05
    31    0.74596E+01    0.21169E-13    0.11874E-06    0.41514E+07    0.13537E+05
    32    0.69772E+01    0.18985E-05    0.16030E-03    0.41524E+07    0.13134E+05
    33    0.65936E+01    0.17175E-13    0.44517E-07    0.41509E+07    0.12746E+05
    34    0.61923E+01    0.58091E-06   -0.27666E-03    0.41471E+07    0.12372E+05
    35    0.58548E+01    0.14011E-13    0.51580E-07    0.41411E+07    0.12012E+05
    36    0.55812E+01   -0.13653E-06    0.46381E-03    0.41331E+07    0.11666E+05
    37    0.52204E+01    0.12921E-13    0.10494E-06    0.41233E+07    0.11332E+05
    38    0.49116E+01    0.41830E-05   -0.55394E-03    0.41118E+07    0.11010E+05
    39    0.46968E+01    0.55145E-05   -0.64613E-03    0.40987E+07    0.10700E+05
    40    0.44262E+01    0.22490E-13    0.18537E-06    0.40842E+07    0.10401E+05
    41    0.43037E+01   -0.10177E-04    0.12921E-02    0.40683E+07    0.10112E+05
    42    0.40920E+01   -0.18179E-04    0.24751E-02    0.40511E+07    0.98333E+04
    43    0.39074E+01   -0.16190E-04    0.26483E-02    0.40327E+07    0.95644E+04
    44    0.35692E+01   -0.11250E-04    0.18018E-02    0.40132E+07    0.93047E+04
    45    0.34167E+01    0.27366E-13    0.18452E-06    0.39928E+07    0.90540E+04
    46    0.33511E+01    0.21386E-04   -0.44409E-02    0.39715E+07    0.88118E+04
    47    0.32305E+01    0.45231E-04   -0.10322E-01    0.39494E+07    0.85779E+04
    48    0.29952E+01    0.68040E-04   -0.13066E-01    0.39266E+07    0.83519E+04
    49    0.27339E+01    0.64032E-04   -0.86922E-02    0.39031E+07    0.81335E+04
    50    0.26839E+01    0.84852E-14    0.84032E-07    0.38790E+07    0.79224E+04
    51    0.26317E+01   -0.15865E-03    0.87114E-02    0.38544E+07    0.77183E+04
    52    0.27898E+01   -0.32573E-03    0.12776E-01    0.38294E+07    0.75210E+04
    53    0.27709E+01   -0.34961E-03    0.92855E-02    0.38039E+07    0.73302E+04
    54    0.24853E+01   -0.23463E-03    0.33016E-02    0.37780E+07    0.71456E+04
    55    0.21403E+01    0.35628E-14    0.22365E-07    0.37518E+07    0.69670E+04
    56    0.19478E+01    0.21343E-03   -0.17291E-02    0.37253E+07    0.67941E+04
    57    0.18419E+01    0.29820E-03   -0.18358E-02    0.36985E+07    0.66267E+04
    58    0.18358E+01    0.26287E-03   -0.12124E-02    0.36715E+07    0.64646E+04
    59    0.17939E+01    0.14575E-03   -0.77348E-03    0.36443E+07    0.63076E+04
    60    0.17293E+01    0.23205E-14    0.20602E-07    0.36169E+07    0.61554E+04
    61    0.19484E+01   -0.80085E-04    0.18113E-02    0.35893E+07    0.60080E+04
    62    0.18507E+01   -0.10301E-03    0.37228E-02    0.35616E+07    0.58650E+04
    63    0.16491E+01   -0.10297E-03    0.47585E-02    0.35339E+07    0.57265E+04
    64    0.16304E+01   -0.62183E-04    0.37191E-02    0.35060E+07    0.55921E+04
    65    0.14133E+01    0.50161E-14    0.39290E-07    0.34782E+07    0.54619E+04
    66    0.12843E+01    0.21984E-04   -0.46037E-02    0.34503E+07    0.53356E+04
    67    0.10821E+01    0.10896E-04   -0.77600E-02    0.34225E+07    0.52132E+04
    68    0.10907E+01    0.13330E-04   -0.83024E-02    0.33947E+07    0.50944E+04
    69    0.10739E+01   -0.58331E-05   -0.49903E-02    0.33670E+07    0.49792E+04
    70    0.11673E+01    0.75945E-14    0.43881E-07    0.33394E+07    0.48674E+04
    71    0.12150E+01    0.25785E-04    0.38996E-02    0.33118E+07    0.47588E+04
    72    0.12338E+01    0.53062E-04    0.55055E-02    0.32844E+07    0.46535E+04
    73    0.11722E+01    0.56304E-04    0.45079E-02    0.32570E+07    0.45512E+04
    74    0.10530E+01    0.32269E-04    0.20827E-02    0.32298E+07    0.44519E+04
    75    0.97333E+00    0.43129E-14    0.33584E-07    0.32027E+07    0.43554E+04
    76    0.87424E+00   -0.30693E-04   -0.95235E-03    0.31757E+07    0.42616E+04
    77    0.81588E+00   -0.57223E-04   -0.10189E-02    0.31488E+07    0.41704E+04
    78    0.85102E+00   -0.41664E-04   -0.21692E-02    0.31220E+07    0.40818E+04
    79    0.80957E+00   -0.27803E-04   -0.11730E-02    0.30955E+07    0.39957E+04
    80    0.81855E+00    0.18752E-14    0.21358E-07    0.30691E+07    0.39120E+04
    81    0.78673E+00    0.27379E-05    0.31531E-03    0.30429E+07    0.38306E+04
    82    0.78966E+00    0.12525E-04    0.24967E-03    0.30169E+07    0.37514E+04
    83    0.75889E+00    0.14258E-04   -0.27075E-03    0.29911E+07    0.36745E+04
    84    0.77454E+00    0.15117E-04    0.16587E-03    0.29655E+07    0.35997E+04
    85    0.69389E+00    0.15001E-14    0.14239E-07    0.29402E+07    0.35269E+04
    86    0.59632E+00   -0.80104E-05   -0.13642E-03    0.29151E+07    0.34562E+04
    87    0.70683E+00   -0.26216E-04    0.24021E-03    0.28902E+07    0.33874E+04
    88    0.58116E+00   -0.26302E-04    0.83362E-03    0.28656E+07    0.33204E+04
    89    0.59214E+00   -0.96688E-05   -0.13813E-03    0.28413E+07    0.32552E+04
    90    0.59264E+00    0.93759E-15    0.11323E-07    0.28172E+07    0.31918E+04
    91    0.51015E+00    0.88892E-05    0.16982E-03    0.27933E+07    0.31300E+04
    92    0.49650E+00    0.16379E-04    0.62228E-03    0.27698E+07    0.30698E+04
    93    0.55533E+00    0.29435E-04    0.82642E-03    0.27464E+07    0.30111E+04
    94    0.46741E+00    0.25308E-04    0.17369E-02    0.27234E+07    0.29540E+04
    95    0.45921E+00    0.18391E-04    0.20800E-02    0.27006E+07    0.28984E+04
    96    0.23724E+00    0.82198E-05    0.20674E-02    0.26780E+07    0.28442E+04
    97    0.25081E+00   -0.56680E-05    0.19112E-02    0.26557E+07    0.27915E+04
    98    0.28072E+00   -0.16308E-04    0.33087E-02    0.26336E+07    0.27401E+04
    99    0.18201E+00   -0.46450E-04    0.27578E-02    0.26118E+07    0.26901E+04
   100    0.18116E+00   -0.81699E-04    0.41844E-02    0.25903E+07    0.26413E+04
   101    0.13324E+00   -0.48236E-04    0.40862E-02    0.25690E+07    0.25938E+04
   102    0.41329E+00   -0.80235E-04    0.41607E-02    0.25479E+07    0.25475E+04
   103    0.43067E+00   -0.89020E-04    0.31342E-02    0.25271E+07    0.25024E+04
   104    0.48614E+00   -0.60196E-04    0.34469E-02    0.25065E+07    0.24584E+04
   105    0.50904E+00   -0.53656E-04    0.30823E-02    0.24862E+07    0.24155E+04
   106    0.57729E+00    0.19279E-04    0.22523E-02    0.24661E+07    0.23737E+04
   107    0.39738E+00    0.24434E-04    0.19114E-02    0.24463E+07    0.23329E+04
   108    0.41864E+00    0.50485E-04    0.78595E-03    0.24267E+07    0.22931E+04
   109    0.42184E+00    0.37543E-04   -0.16942E-03    0.24073E+07    0.22543E+04
   110    0.33633E+00    0.37504E-15    0.45676E-08    0.23882E+07    0.22163E+04
   111    0.24072E+00    0.25783E-04   -0.72092E-03    0.23694E+07    0.21792E+04
   112    0.14210E+00    0.51254E-04   -0.21128E-02    0.23507E+07    0.21430E+04
   113    0.12257E+00    0.86308E-04   -0.32119E-02    0.23323E+07    0.21075E+04
   114    0.41345E-01    0.66557E-04   -0.37972E-02    0.23141E+07    0.20729E+04
   115    0.54800E-01    0.15046E-03   -0.43908E-02    0.22962E+07    0.20391E+04
   116   -0.52119E-01    0.12507E-03   -0.47717E-02    0.22784E+07    0.20061E+04
   117    0.25522E-01    0.74553E-04   -0.47190E-02    0.22609E+07    0.19738E+04
   118    0.14695E+00    0.15738E-03   -0.54974E-02    0.22437E+07    0.19422E+04
   119    0.17141E+00    0.23488E-03   -0.54004E-02    0.22266E+07    0.19114E+04
   120    0.25525E+00    0.16838E-03   -0.49499E-02    0.22098E+07    0.18813E+04
   121    0.25771E+00    0.26490E-03   -0.46678E-02    0.21931E+07    0.18518E+04
   122    0.26088E+00    0.23721E-03   -0.43333E-02    0.21767E+07    0.18230E+04
   123    0.27254E+00    0.16949E-03   -0.44681E-02    0.21605E+07    0.17949E+04
   124    0.30051E+00    0.14592E-03   -0.26230E-02    0.21445E+07    0.17674E+04
   125    0.27829E+00    0.10210E-03   -0.15484E-02    0.21287E+07    0.17405E+04
   126    0.28796E+00    0.12222E-03   -0.10233E-02    0.21131E+07    0.17142E+04
   127    0.26305E+00    0.67608E-04   -0.82677E-03    0.20977E+07    0.16884E+04
   128    0.21135E+00    0.96719E-04   -0.73800E-03    0.20825E+07    0.16632E+04
   129    0.21495E+00    0.70884E-04   -0.53605E-03    0.20676E+07    0.16386E+04
   130    0.20735E+00    0.20627E-14    0.72722E-08    0.20527E+07    0.16144E+04
   131    0.19670E+00    0.40701E-04   -0.11275E-02    0.20381E+07    0.15908E+04
   132    0.26674E+00    0.45184E-04   -0.14194E-02    0.20237E+07    0.15677E+04
   133    0.27872E+00    0.86669E-04   -0.35664E-02    0.20095E+07    0.15450E+04
   134    0.31673E+00    0.16409E-03   -0.35737E-02    0.19954E+07    0.15228E+04
   135    0.39057E+00    0.20211E-03   -0.48750E-02    0.19815E+07    0.15010E+04
   136    0.36149E+00    0.19965E-03   -0.42183E-02    0.19678E+07    0.14797E+04
   137    0.38786E+00    0.22994E-03   -0.42943E-02    0.19543E+07    0.14589E+04
   138    0.40520E+00    0.21763E-03   -0.40796E-02    0.19410E+07    0.14384E+04
   139    0.27475E+00    0.31022E-03   -0.32936E-02    0.19278E+07    0.14184E+04
   140    0.30345E+00    0.28381E-03   -0.31413E-02    0.19147E+07    0.13988E+04
   141    0.20398E+00    0.21161E-03   -0.18566E-02    0.19019E+07    0.13795E+04
   142    0.20899E+00    0.16683E-03   -0.64437E-03    0.18892E+07    0.13607E+04
   143    0.25401E+00    0.14843E-03    0.33036E-04    0.18766E+07    0.13422E+04
   144    0.20027E+00    0.81045E-04    0.45625E-03    0.18642E+07    0.13241E+04
   145    0.13187E+00    0.11218E-03    0.90586E-03    0.18519E+07    0.13063E+04
   146    0.28147E+00    0.17933E-04    0.91965E-03    0.18398E+07    0.12889E+04
   147    0.21316E+00    0.20080E-04    0.15210E-02    0.18279E+07    0.12718E+04
   148    0.15961E+00   -0.31007E-04    0.76213E-03    0.18160E+07    0.12550E+04
   149    0.20491E+00   -0.62107E-04   -0.33364E-03    0.18043E+07    0.12386E+04
   150    0.13601E+00    0.18752E-15    0.11245E-08    0.17928E+07    0.12224E+04
   151    0.11096E+00    0.77267E-04   -0.16144E-02    0.17813E+07    0.12065E+04
   152   -0.10571E-01    0.80850E-04   -0.38724E-02    0.17700E+07    0.11909E+04
   153   -0.72139E-01    0.14206E-03   -0.46709E-02    0.17588E+07    0.11756E+04
   154   -0.14013E+00    0.24362E-03   -0.63636E-02    0.17478E+07    0.11606E+04
   155   -0.20664E+00    0.36829E-03   -0.83328E-02    0.17368E+07    0.11458E+04
   156   -0.41236E+00    0.49880E-03   -0.10704E-01    0.17260E+07    0.11313E+04
   157   -0.45224E+00    0.61790E-03   -0.12116E-01    0.17153E+07    0.11170E+04
   158   -0.54125E+00    0.78259E-03   -0.13437E-01    0.17047E+07    0.11030E+04
   159   -0.67149E+00    0.82706E-03   -0.14794E-01    0.16942E+07    0.10892E+04
   160   -0.76077E+00    0.88262E-03   -0.14824E-01    0.16839E+07    0.10757E+04
   161   -0.80122E+00    0.10063E-02   -0.15139E-01    0.16736E+07    0.10624E+04
   162   -0.85921E+00    0.10322E-02   -0.15864E-01    0.16635E+07    0.10493E+04
   163   -0.77828E+00    0.10175E-02   -0.15639E-01    0.16534E+07    0.10365E+04
   164   -0.84767E+00    0.10190E-02   -0.16075E-01    0.16435E+07    0.10239E+04
   165   -0.76236E+00    0.94538E-03   -0.15068E-01    0.16336E+07    0.10115E+04
   166   -0.66301E+00    0.92781E-03   -0.14230E-01    0.16239E+07    0.99930E+03
   167   -0.46745E+00    0.72622E-03   -0.14427E-01    0.16142E+07    0.98732E+03
   168   -0.39063E+00    0.69477E-03   -0.13558E-01    0.16047E+07    0.97554E+03
   169   -0.27609E+00    0.51905E-03   -0.11747E-01    0.15952E+07    0.96395E+03
   170   -0.11593E+00    0.40467E-03   -0.10605E-01    0.15858E+07    0.95256E+03
   171   -0.50831E-01    0.33435E-03   -0.80286E-02    0.15766E+07    0.94135E+03
   172    0.13902E-02    0.21656E-03   -0.56291E-02    0.15674E+07    0.93032E+03
   173   -0.25655E-01    0.34034E-04   -0.35315E-02    0.15583E+07    0.91946E+03
   174    0.24494E-01    0.66645E-04   -0.18610E-02    0.15492E+07    0.90878E+03
   175    0.85450E-01    0.00000E+00   -0.44872E-10    0.15403E+07    0.89826E+03
   176    0.16665E-01    0.36738E-04    0.19737E-02    0.15314E+07    0.88790E+03
   177   -0.24785E-01    0.70562E-04    0.26861E-02    0.15226E+07    0.87770E+03
   178   -0.10455E+00    0.28936E-03    0.37823E-02    0.15139E+07    0.86765E+03
   179   -0.21398E+00    0.36102E-03    0.54213E-02    0.15053E+07    0.85775E+03
   180   -0.19590E+00    0.47345E-03    0.62767E-02    0.14967E+07    0.84800E+03
   181   -0.26450E+00    0.59167E-03    0.65077E-02    0.14882E+07    0.83840E+03
   182   -0.33688E+00    0.75500E-03    0.77592E-02    0.14798E+07    0.82894E+03
   183   -0.47868E+00    0.85420E-03    0.87047E-02    0.14714E+07    0.81962E+03
   184   -0.53269E+00    0.92858E-03    0.10246E-01    0.14632E+07    0.81044E+03
   185   -0.56458E+00    0.10917E-02    0.10315E-01    0.14549E+07    0.80140E+03
   186   -0.93711E+00    0.11676E-02    0.12040E-01    0.14468E+07    0.79249E+03
   187   -0.97311E+00    0.12623E-02    0.14096E-01    0.14387E+07    0.78371E+03
   188   -0.10354E+01    0.13260E-02    0.15157E-01    0.14307E+07    0.77505E+03
   189   -0.11895E+01    0.13610E-02    0.16867E-01    0.14227E+07    0.76652E+03
   190   -0.98120E+00    0.13842E-02    0.17157E-01    0.14148E+07    0.75811E+03
   191   -0.11447E+01    0.13829E-02    0.19157E-01    0.14070E+07    0.74983E+03
   192   -0.11513E+01    0.13446E-02    0.20798E-01    0.13992E+07    0.74166E+03
   193   -0.12152E+01    0.12787E-02    0.20754E-01    0.13915E+07    0.73360E+03
   194   -0.11050E+01    0.11801E-02    0.21412E-01    0.13838E+07    0.72565E+03
   195   -0.10350E+01    0.10509E-02    0.20704E-01    0.13762E+07    0.71782E+03
   196   -0.99631E+00    0.89326E-03    0.19530E-01    0.13687E+07    0.71008E+03
   197   -0.83192E+00    0.71685E-03    0.16565E-01    0.13612E+07    0.70246E+03
   198   -0.60743E+00    0.50895E-03    0.12711E-01    0.13537E+07    0.69493E+03
   199   -0.31421E+00    0.27175E-03    0.73839E-02    0.13463E+07    0.68750E+03
   200    0.56395E-01    0.00000E+00   -0.21092E-11    0.13390E+07    0.68017E+03
   201    0.43714E+00   -0.28135E-03   -0.84539E-02    0.13317E+07    0.67292E+03
   202    0.90304E+00   -0.59737E-03   -0.18882E-01    0.13244E+07    0.66577E+03
   203    0.13790E+01   -0.92061E-03   -0.29875E-01    0.13172E+07    0.65871E+03
   204    0.17898E+01   -0.12608E-02   -0.43737E-01    0.13100E+07    0.65174E+03
   205    0.22831E+01   -0.16054E-02   -0.57575E-01    0.13029E+07    0.64486E+03
   206    0.27097E+01   -0.19491E-02   -0.71984E-01    0.12958E+07    0.63807E+03
   207    0.32172E+01   -0.23019E-02   -0.86745E-01    0.12888E+07    0.63136E+03
   208    0.35818E+01   -0.26435E-02   -0.10171E+00    0.12818E+07    0.62474E+03
   209    0.39514E+01   -0.29838E-02   -0.11658E+00    0.12749E+07    0.61820E+03
   210    0.43250E+01   -0.33028E-02   -0.13159E+00    0.12680E+07    0.61175E+03
   211    0.47018E+01   -0.36027E-02   -0.14613E+00    0.12611E+07    0.60538E+03
   212    0.49324E+01   -0.38858E-02   -0.16047E+00    0.12543E+07    0.59909E+03
   213    0.52388E+01   -0.41395E-02   -0.17389E+00    0.12475E+07    0.59288E+03
   214    0.54715E+01   -0.44033E-02   -0.18694E+00    0.12408E+07    0.58675E+03
   215    0.57040E+01   -0.45160E-02   -0.19969E+00    0.12341E+07    0.58070E+03
   216    0.58611E+01   -0.46954E-02   -0.21095E+00    0.12274E+07    0.57472E+03
   217    0.60907E+01   -0.48174E-02   -0.22206E+00    0.12208E+07    0.56883E+03
   218    0.62431E+01   -0.49140E-02   -0.23214E+00    0.12142E+07    0.56300E+03
   219    0.63920E+01   -0.50172E-02   -0.23956E+00    0.12077E+07    0.55726E+03
   220    0.65364E+01   -0.50105E-02   -0.24809E+00    0.12012E+07    0.55158E+03
   221    0.66754E+01   -0.50002E-02   -0.25486E+00    0.11947E+07    0.54598E+03
   222    0.68083E+01   -0.48696E-02   -0.26067E+00    0.11883E+07    0.54045E+03
   223    0.67855E+01   -0.47250E-02   -0.26412E+00    0.11819E+07    0.53499E+03
   224    0.69035E+01   -0.45985E-02   -0.26826E+00    0.11755E+07    0.52960E+03
   225    0.69384E+01   -0.43735E-02   -0.26945E+00    0.11692E+07    0.52428E+03
   226    0.69638E+01   -0.40820E-02   -0.27073E+00    0.11629E+07    0.51903E+03
   227    0.69044E+01   -0.37559E-02   -0.26996E+00    0.11566E+07    0.51384E+03
   228    0.69080E+01   -0.34273E-02   -0.26795E+00    0.11504E+07    0.50872E+03
   229    0.68994E+01   -0.30538E-02   -0.26553E+00    0.11442E+07    0.50366E+03
   230    0.68036E+01   -0.26675E-02   -0.26128E+00    0.11380E+07    0.49866E+03
   231    0.66196E+01   -0.22262E-02   -0.25528E+00    0.11318E+07    0.49373E+03
   232    0.64953E+01   -0.18360E-02   -0.24836E+00    0.11257E+07    0.48886E+03
   233    0.63553E+01   -0.13061E-02   -0.24132E+00    0.11196E+07    0.48405E+03
   234    0.60504E+01   -0.81706E-03   -0.23276E+00    0.11136E+07    0.47930E+03
   235    0.58025E+01   -0.32665E-03   -0.22351E+00    0.11076E+07    0.47461E+03
   236    0.54622E+01    0.13318E-03   -0.21288E+00    0.11016E+07    0.46997E+03
   237    0.51029E+01    0.60470E-03   -0.20172E+00    0.10956E+07    0.46539E+03
   238    0.47239E+01    0.11302E-02   -0.18933E+00    0.10896E+07    0.46087E+03
   239    0.43984E+01    0.15291E-02   -0.17582E+00    0.10837E+07    0.45640E+03
   240    0.39028E+01    0.18438E-02   -0.16272E+00    0.10778E+07    0.45198E+03
   241    0.35334E+01    0.21907E-02   -0.14865E+00    0.10719E+07    0.44762E+03
   242    0.31408E+01    0.23893E-02   -0.13367E+00    0.10661E+07    0.44331E+03
   243    0.27241E+01    0.25562E-02   -0.11859E+00    0.10603E+07    0.43905E+03
   244    0.22825E+01    0.25851E-02   -0.10203E+00    0.10545E+07    0.43484E+03
   245    0.18151E+01    0.25182E-02   -0.86270E-01    0.10487E+07    0.43067E+03
   246    0.13953E+01    0.23237E-02   -0.69168E-01    0.10429E+07    0.42656E+03
   247    0.10224E+01    0.18952E-02   -0.52285E-01    0.10372E+07    0.42249E+03
   248    0.62103E+00    0.15721E-02   -0.34955E-01    0.10315E+07    0.41846E+03
   249    0.33907E+00    0.80248E-03   -0.17253E-01    0.10258E+07    0.41448E+03
   250    0.27068E-01    0.00000E+00    0.72007E-13    0.10201E+07    0.41055E+03
   251   -0.16878E+00   -0.11553E-02    0.18203E-01    0.10144E+07    0.40665E+03
   252   -0.47972E+00   -0.24267E-02    0.36481E-01    0.10088E+07    0.40280E+03
   253   -0.54423E+00   -0.40141E-02    0.53948E-01    0.10031E+07    0.39899E+03
   254   -0.66935E+00   -0.55973E-02    0.71205E-01    0.99754E+06    0.39522E+03
   255   -0.79069E+00   -0.74504E-02    0.88851E-01    0.99196E+06    0.39149E+03
   256   -0.84387E+00   -0.91791E-02    0.10749E+00    0.98640E+06    0.38780E+03
   257   -0.83880E+00   -0.11206E-01    0.11954E+00    0.98087E+06    0.38415E+03
   258   -0.85965E+00   -0.13137E-01    0.13824E+00    0.97536E+06    0.38055E+03
   259   -0.84205E+00   -0.15097E-01    0.14933E+00    0.96988E+06    0.37698E+03
   260   -0.72161E+00   -0.17063E-01    0.16826E+00    0.96443E+06    0.37345E+03
   261   -0.65680E+00   -0.19087E-01    0.17336E+00    0.95901E+06    0.36996E+03
   262   -0.65752E+00   -0.20923E-01    0.18751E+00    0.95361E+06    0.36651E+03
   263   -0.36226E+00   -0.22770E-01    0.20387E+00    0.94825E+06    0.36309E+03
   264   -0.22662E+00   -0.24532E-01    0.21562E+00    0.94292E+06    0.35972E+03
   265   -0.18621E+00   -0.26259E-01    0.21593E+00    0.93762E+06    0.35638E+03
   266   -0.28085E-01   -0.27706E-01    0.22769E+00    0.93235E+06    0.35308E+03
   267    0.15001E-01   -0.29221E-01    0.22921E+00    0.92712E+06    0.34981E+03
   268    0.81716E-01   -0.30410E-01    0.23595E+00    0.92193E+06    0.34658E+03
   269    0.13591E-01   -0.31547E-01    0.24107E+00    0.91677E+06    0.34339E+03
   270    0.97859E-01   -0.32534E-01    0.24519E+00    0.91165E+06    0.34024E+03
   271    0.10177E+00   -0.33424E-01    0.24889E+00    0.90657E+06    0.33711E+03
   272    0.23827E+00   -0.33894E-01    0.24536E+00    0.90153E+06    0.33403E+03
   273    0.27461E+00   -0.34518E-01    0.25005E+00    0.89653E+06    0.33098E+03
   274    0.34946E+00   -0.34678E-01    0.24127E+00    0.89157E+06    0.32796E+03
   275    0.37862E+00   -0.34870E-01    0.24190E+00    0.88666E+06    0.32498E+03
   276    0.50078E+00   -0.34849E-01    0.23027E+00    0.88179E+06    0.32203E+03
   277    0.48316E+00   -0.34591E-01    0.22926E+00    0.87696E+06    0.31911E+03
   278    0.53874E+00   -0.34149E-01    0.21717E+00    0.87219E+06    0.31623E+03
   279    0.58331E+00   -0.33573E-01    0.20206E+00    0.86745E+06    0.31337E+03
   280    0.60698E+00   -0.32841E-01    0.19935E+00    0.86277E+06    0.31056E+03
   281    0.74842E+00   -0.31854E-01    0.18738E+00    0.85814E+06    0.30777E+03
   282    0.70058E+00   -0.30888E-01    0.17418E+00    0.85355E+06    0.30501E+03
   283    0.75071E+00   -0.29696E-01    0.16033E+00    0.84902E+06    0.30229E+03
   284    0.81462E+00   -0.28329E-01    0.14644E+00    0.84454E+06    0.29959E+03
   285    0.88240E+00   -0.26765E-01    0.13312E+00    0.84011E+06    0.29693E+03
   286    0.86987E+00   -0.25130E-01    0.11352E+00    0.83574E+06    0.29430E+03
   287    0.84142E+00   -0.23399E-01    0.10312E+00    0.83142E+06    0.29169E+03
   288    0.86143E+00   -0.21551E-01    0.87651E-01    0.82716E+06    0.28912E+03
   289    0.84570E+00   -0.19636E-01    0.75142E-01    0.82296E+06    0.28657E+03
   290    0.85864E+00   -0.17779E-01    0.66194E-01    0.81881E+06    0.28406E+03
   291    0.89032E+00   -0.15217E-01    0.46550E-01    0.81473E+06    0.28157E+03
   292    0.63373E+00   -0.13038E-01    0.39095E-01    0.81070E+06    0.27911E+03
   293    0.67322E+00   -0.11592E-01    0.22144E-01    0.80674E+06    0.27668E+03
   294    0.55319E+00   -0.93704E-02    0.18583E-01    0.80284E+06    0.27427E+03
   295    0.63516E+00   -0.78354E-02    0.67261E-02    0.79900E+06    0.27189E+03
   296    0.53782E+00   -0.54786E-02    0.20301E-02    0.79523E+06    0.26954E+03
   297    0.47410E+00   -0.45053E-02    0.50950E-02    0.79153E+06    0.26721E+03
   298    0.28555E+00   -0.26641E-02    0.16641E-02    0.78789E+06    0.26491E+03
   299    0.18511E+00   -0.67475E-03   -0.23422E-03    0.78431E+06    0.26264E+03
   300    0.14307E-01    0.00000E+00    0.00000E+00    0.78081E+06    0.26039E+03
   301   -0.16233E+00    0.87705E-03    0.10259E-01    0.77738E+06    0.25817E+03
   302   -0.27974E+00    0.12775E-02    0.30463E-01    0.77401E+06    0.25597E+03
   303   -0.42129E+00    0.20163E-02    0.45537E-01    0.77070E+06    0.25379E+03
   304   -0.59607E+00    0.31656E-02    0.55267E-01    0.76746E+06    0.25164E+03
   305   -0.73888E+00    0.33118E-02    0.74293E-01    0.76426E+06    0.24951E+03
   306   -0.93308E+00    0.32699E-02    0.94968E-01    0.76112E+06    0.24741E+03
   307   -0.11135E+01    0.31120E-02    0.10965E+00    0.75802E+06    0.24533E+03
   308   -0.12891E+01    0.43959E-02    0.14041E+00    0.75497E+06    0.24327E+03
   309   -0.13949E+01    0.42224E-02    0.15731E+00    0.75196E+06    0.24123E+03
   310   -0.15884E+01    0.34063E-02    0.18242E+00    0.74898E+06    0.23922E+03
   311   -0.17301E+01    0.42485E-02    0.20067E+00    0.74603E+06    0.23723E+03
   312   -0.18292E+01    0.38496E-02    0.22671E+00    0.74311E+06    0.23526E+03
   313   -0.19689E+01    0.37674E-02    0.24545E+00    0.74022E+06    0.23332E+03
   314   -0.20842E+01    0.40740E-02    0.27154E+00    0.73734E+06    0.23139E+03
   315   -0.21841E+01    0.33559E-02    0.28990E+00    0.73448E+06    0.22949E+03
   316   -0.22776E+01    0.31709E-02    0.30775E+00    0.73163E+06    0.22761E+03
   317   -0.23738E+01    0.21055E-02    0.32487E+00    0.72880E+06    0.22575E+03
   318   -0.24819E+01    0.24602E-02    0.34105E+00    0.72596E+06    0.22391E+03
   319   -0.25367E+01    0.20787E-02    0.35606E+00    0.72313E+06    0.22209E+03
   320   -0.25471E+01    0.17759E-02    0.37712E+00    0.72029E+06    0.22029E+03
   321   -0.25967E+01    0.23668E-02    0.38916E+00    0.71744E+06    0.21852E+03
   322   -0.26201E+01    0.16949E-02    0.39938E+00    0.71459E+06    0.21676E+03
   323   -0.26265E+01    0.13182E-02    0.40758E+00    0.71172E+06    0.21502E+03
   324   -0.26250E+01    0.20516E-02    0.40610E+00    0.70883E+06    0.21330E+03
   325   -0.25503E+01    0.25286E-03    0.41702E+00    0.70592E+06    0.21160E+03
   326   -0.25602E+01    0.45130E-03    0.41041E+00    0.70298E+06    0.20991E+03
   327   -0.25150E+01    0.49047E-03    0.40833E+00    0.70002E+06    0.20825E+03
   328   -0.24240E+01   -0.30035E-03    0.41057E+00    0.69701E+06    0.20661E+03
   329   -0.23705E+01   -0.36335E-03    0.40205E+00    0.69398E+06    0.20498E+03
   330   -0.22892E+01   -0.11121E-02    0.38999E+00    0.69089E+06    0.20337E+03
   331   -0.21150E+01   -0.17316E-02    0.38160E+00    0.68777E+06    0.20178E+03
   332   -0.20055E+01   -0.14070E-02    0.37666E+00    0.68459E+06    0.20020E+03
   333   -0.18956E+01   -0.15517E-02    0.36752E+00    0.68136E+06    0.19865E+03
   334   -0.17200E+01   -0.13509E-02    0.35398E+00    0.67808E+06    0.19711E+03
   335   -0.16363E+01   -0.22180E-02    0.33582E+00    0.67473E+06    0.19558E+03
   336   -0.15052E+01   -0.25953E-02    0.32024E+00    0.67132E+06    0.19408E+03
   337   -0.13357E+01   -0.24107E-02    0.29217E+00    0.66784E+06    0.19259E+03
   338   -0.12111E+01   -0.30777E-02    0.27369E+00    0.66429E+06    0.19111E+03
   339   -0.99196E+00   -0.22956E-02    0.24972E+00    0.66066E+06    0.18965E+03
   340   -0.83596E+00   -0.22210E-02    0.23489E+00    0.65695E+06    0.18821E+03
   341   -0.75216E+00   -0.27816E-02    0.20672E+00    0.65316E+06    0.18678E+03
   342   -0.60107E+00   -0.16768E-02    0.17983E+00    0.64928E+06    0.18537E+03
   343   -0.46608E+00   -0.18059E-02    0.15401E+00    0.64531E+06    0.18397E+03
   344   -0.28197E+00   -0.16110E-02    0.12905E+00    0.64124E+06    0.18259E+03
   345   -0.20640E+00   -0.17629E-02    0.10473E+00    0.63708E+06    0.18122E+03
   346   -0.99884E-01   -0.70383E-03    0.88264E-01    0.63281E+06    0.17986E+03
   347   -0.45794E-01   -0.59009E-03    0.64572E-01    0.62843E+06    0.17852E+03
   348    0.21072E-01   -0.60675E-03    0.40871E-01    0.62394E+06    0.17720E+03
   349    0.17347E-01    0.61127E-04    0.16943E-01    0.61934E+06    0.17588E+03
   350    0.82291E-02    0.00000E+00    0.00000E+00    0.61462E+06    0.17458E+03
   351    0.13449E+00    0.76342E-03   -0.17693E-01    0.60978E+06    0.17329E+03
   352    0.22087E-01    0.16595E-02   -0.36808E-01    0.60483E+06    0.17202E+03
   353   -0.33196E-01    0.19922E-02   -0.43252E-01    0.59979E+06    0.17075E+03
   354   -0.18127E+00    0.25510E-02   -0.60074E-01    0.59466E+06    0.16950E+03
   355   -0.27490E+00    0.33826E-02   -0.73179E-01    0.58947E+06    0.16826E+03
   356   -0.38972E+00    0.45338E-02   -0.75903E-01    0.58422E+06    0.16704E+03
   357   -0.52707E+00    0.53084E-02   -0.83866E-01    0.57892E+06    0.16582E+03
   358   -0.61400E+00    0.50104E-02   -0.82973E-01    0.57360E+06    0.16462E+03
   359   -0.80044E+00    0.51721E-02   -0.88846E-01    0.56827E+06    0.16343E+03
   360   -0.93915E+00    0.58403E-02   -0.91104E-01    0.56293E+06    0.16225E+03
   361   -0.11058E+01    0.63189E-02   -0.94968E-01    0.55761E+06    0.16109E+03
   362   -0.12273E+01    0.66545E-02   -0.98230E-01    0.55231E+06    0.15993E+03
   363   -0.13795E+01    0.76368E-02   -0.99424E-01    0.54704E+06    0.15879E+03
   364   -0.14893E+01    0.70839E-02   -0.10303E+00    0.54184E+06    0.15766E+03
   365   -0.16323E+01    0.72711E-02   -0.10386E+00    0.53669E+06    0.15653E+03
   366   -0.17357E+01    0.75022E-02   -0.10566E+00    0.53163E+06    0.15542E+03
   367   -0.18008E+01    0.63384E-02   -0.10696E+00    0.52666E+06    0.15432E+03
   368   -0.19774E+01    0.60549E-02   -0.10704E+00    0.52179E+06    0.15323E+03
   369   -0.19698E+01    0.59554E-02   -0.10888E+00    0.51705E+06    0.15216E+03
   370   -0.20022E+01    0.53441E-02   -0.10806E+00    0.51243E+06    0.15109E+03
   371   -0.20760E+01    0.42674E-02   -0.10905E+00    0.50796E+06    0.15003E+03
   372   -0.21181E+01    0.35151E-02   -0.10815E+00    0.50366E+06    0.14898E+03
   373   -0.21299E+01    0.23910E-02   -0.10911E+00    0.49952E+06    0.14794E+03
   374   -0.21128E+01    0.16846E-02   -0.10896E+00    0.49557E+06    0.14692E+03
   375   -0.21424E+01    0.69991E-03   -0.10848E+00    0.49183E+06    0.14590E+03
   376   -0.20714E+01    0.22640E-03   -0.10842E+00    0.48829E+06    0.14489E+03
   377   -0.19756E+01   -0.11748E-02   -0.10658E+00    0.48498E+06    0.14389E+03
   378   -0.19304E+01   -0.27143E-02   -0.10670E+00    0.48191E+06    0.14290E+03
   379   -0.18631E+01   -0.36023E-02   -0.10507E+00    0.47910E+06    0.14192E+03
   380   -0.17006E+01   -0.37922E-02   -0.10469E+00    0.47655E+06    0.14095E+03
   381   -0.15928E+01   -0.69515E-02   -0.10335E+00    0.47428E+06    0.13998E+03
   382   -0.15411E+01   -0.78336E-02   -0.10108E+00    0.47231E+06    0.13903E+03
   383   -0.13983E+01   -0.93631E-02   -0.10012E+00    0.47064E+06    0.13808E+03
   384   -0.11656E+01   -0.11493E-01   -0.97518E-01    0.46930E+06    0.13715E+03
   385   -0.10674E+01   -0.11949E-01   -0.95526E-01    0.46829E+06    0.13622E+03
   386   -0.88206E+00   -0.12912E-01   -0.92679E-01    0.46762E+06    0.13530E+03
   387   -0.75952E+00   -0.14335E-01   -0.89739E-01    0.46732E+06    0.13439E+03
   388   -0.62684E+00   -0.15429E-01   -0.85984E-01    0.46739E+06    0.13348E+03
   389   -0.48535E+00   -0.18376E-01   -0.82178E-01    0.46785E+06    0.13259E+03
   390   -0.33641E+00   -0.17929E-01   -0.76854E-01    0.46871E+06    0.13170E+03
   391   -0.18135E+00   -0.18499E-01   -0.72262E-01    0.46999E+06    0.13082E+03
   392   -0.95809E-01   -0.17067E-01   -0.66193E-01    0.47169E+06    0.12995E+03
   393    0.67453E-01   -0.16558E-01   -0.60155E-01    0.47384E+06    0.12908E+03
   394    0.15852E+00   -0.15439E-01   -0.52680E-01    0.47644E+06    0.12822E+03
   395    0.17605E+00   -0.14407E-01   -0.46019E-01    0.47951E+06    0.12737E+03
   396    0.26727E+00   -0.12673E-01   -0.37369E-01    0.48306E+06    0.12653E+03
   397    0.20798E+00   -0.10189E-01   -0.28831E-01    0.48710E+06    0.12569E+03
   398    0.21969E+00   -0.76510E-02   -0.19829E-01    0.49166E+06    0.12486E+03
   399    0.15250E+00   -0.42704E-02   -0.10259E-01    0.49673E+06    0.12404E+03
   400    0.50631E-02    0.00000E+00    0.00000E+00    0.50235E+06    0.12322E+03
   401   -0.14817E+00    0.44423E-02    0.10795E-01    0.50850E+06    0.12241E+03
   402   -0.30100E+00    0.89950E-02    0.22317E-01    0.51518E+06    0.12160E+03
   403   -0.52000E+00    0.15060E-01    0.34445E-01    0.52237E+06    0.12080E+03
   404   -0.79744E+00    0.21069E-01    0.48024E-01    0.53004E+06    0.12001E+03
   405   -0.10513E+01    0.26938E-01    0.61523E-01    0.53818E+06    0.11923E+03
   406   -0.14225E+01    0.34070E-01    0.76456E-01    0.54675E+06    0.11845E+03
   407   -0.17547E+01    0.40895E-01    0.90621E-01    0.55574E+06    0.11767E+03
   408   -0.21145E+01    0.48074E-01    0.10776E+00    0.56513E+06    0.11690E+03
   409   -0.24200E+01    0.56265E-01    0.12493E+00    0.57489E+06    0.11614E+03
   410   -0.28118E+01    0.63157E-01    0.14217E+00    0.58501E+06    0.11538E+03
   411   -0.31338E+01    0.70895E-01    0.16097E+00    0.59545E+06    0.11463E+03
   412   -0.35269E+01    0.78652E-01    0.17990E+00    0.60621E+06    0.11389E+03
   413   -0.39089E+01    0.86346E-01    0.19971E+00    0.61725E+06    0.11315E+03
   414   -0.43466E+01    0.93893E-01    0.21969E+00    0.62856E+06    0.11242E+03
   415   -0.46835E+01    0.10195E+00    0.24136E+00    0.64011E+06    0.11169E+03
   416   -0.50606E+01    0.10896E+00    0.26252E+00    0.65189E+06    0.11097E+03
   417   -0.54702E+01    0.11630E+00    0.28318E+00    0.66386E+06    0.11025E+03
   418   -0.58302E+01    0.12169E+00    0.30562E+00    0.67602E+06    0.10954E+03
   419   -0.61330E+01    0.12799E+00    0.32838E+00    0.68833E+06    0.10884E+03
   420   -0.64450E+01    0.13439E+00    0.35073E+00    0.70077E+06    0.10814E+03
   421   -0.66844E+01    0.14007E+00    0.37345E+00    0.71333E+06    0.10745E+03
   422   -0.69176E+01    0.14492E+00    0.39508E+00    0.72598E+06    0.10676E+03
   423   -0.72113E+01    0.14888E+00    0.41714E+00    0.73870E+06    0.10608E+03
   424   -0.74834E+01    0.15261E+00    0.43816E+00    0.75147E+06    0.10540E+03
   425   -0.76520E+01    0.15526E+00    0.45967E+00    0.76426E+06    0.10473E+03
   426   -0.77836E+01    0.15826E+00    0.48020E+00    0.77706E+06    0.10406E+03
   427   -0.79448E+01    0.16003E+00    0.49830E+00    0.78984E+06    0.10340E+03
   428   -0.80536E+01    0.16123E+00    0.51696E+00    0.80258E+06    0.10274E+03
   429   -0.81766E+01    0.16177E+00    0.53399E+00    0.81526E+06    0.10209E+03
   430   -0.81574E+01    0.16232E+00    0.54867E+00    0.82786E+06    0.10145E+03
   431   -0.81370E+01    0.16130E+00    0.56177E+00    0.84035E+06    0.10081E+03
   432   -0.81818E+01    0.15938E+00    0.57184E+00    0.85272E+06    0.10017E+03
   433   -0.80615E+01    0.15796E+00    0.58112E+00    0.86494E+06    0.99538E+02
   434   -0.79909E+01    0.15472E+00    0.58595E+00    0.87698E+06    0.98912E+02
   435   -0.78883E+01    0.15182E+00    0.58782E+00    0.88884E+06    0.98291E+02
   436   -0.76715E+01    0.14768E+00    0.58602E+00    0.90048E+06    0.97675E+02
   437   -0.74072E+01    0.14222E+00    0.58133E+00    0.91189E+06    0.97063E+02
   438   -0.71619E+01    0.13609E+00    0.57303E+00    0.92304E+06    0.96457E+02
   439   -0.67794E+01    0.12997E+00    0.55891E+00    0.93391E+06    0.95855E+02
   440   -0.64004E+01    0.12227E+00    0.54125E+00    0.94448E+06    0.95257E+02
   441   -0.59430E+01    0.11366E+00    0.51708E+00    0.95472E+06    0.94665E+02
   442   -0.55481E+01    0.10406E+00    0.48794E+00    0.96463E+06    0.94076E+02
   443   -0.49850E+01    0.94122E-01    0.45235E+00    0.97416E+06    0.93493E+02
   444   -0.43947E+01    0.83765E-01    0.41109E+00    0.98331E+06    0.92914E+02
   445   -0.37694E+01    0.70679E-01    0.36271E+00    0.99205E+06    0.92339E+02
   446   -0.31757E+01    0.58492E-01    0.30797E+00    0.10004E+07    0.91769E+02
   447   -0.24573E+01    0.45638E-01    0.24393E+00    0.10082E+07    0.91203E+02
   448   -0.17550E+01    0.30545E-01    0.17136E+00    0.10156E+07    0.90642E+02
   449   -0.91268E+00    0.15360E-01    0.91029E-01    0.10225E+07    0.90085E+02
   450    0.32434E-02    0.00000E+00    0.00000E+00    0.10288E+07    0.89532E+02
   451    0.92508E+00   -0.17093E-01   -0.99948E-01    0.10347E+07    0.88983E+02
   452    0.18553E+01   -0.34455E-01   -0.21041E+00    0.10400E+07    0.88439E+02
   453    0.29437E+01   -0.52095E-01   -0.32828E+00    0.10447E+07    0.87898E+02
   454    0.39688E+01   -0.70766E-01   -0.45412E+00    0.10490E+07    0.87362E+02
   455    0.50063E+01   -0.89735E-01   -0.58705E+00    0.10528E+07    0.86829E+02
   456    0.62061E+01   -0.10975E+00   -0.71948E+00    0.10561E+07    0.86301E+02
   457    0.72724E+01   -0.12935E+00   -0.86463E+00    0.10589E+07    0.85775E+02
   458    0.84294E+01   -0.14927E+00   -0.10030E+01    0.10612E+07    0.85254E+02
   459    0.96041E+01   -0.16878E+00   -0.11494E+01    0.10631E+07    0.84736E+02
   460    0.10798E+02   -0.18938E+00   -0.12969E+01    0.10646E+07    0.84221E+02
   461    0.11938E+02   -0.20960E+00   -0.14453E+01    0.10656E+07    0.83710E+02
   462    0.13100E+02   -0.23018E+00   -0.15879E+01    0.10662E+07    0.83203E+02
   463    0.14210E+02   -0.24965E+00   -0.17422E+01    0.10664E+07    0.82698E+02
   464    0.15271E+02   -0.26877E+00   -0.18778E+01    0.10662E+07    0.82196E+02
   465    0.16283E+02   -0.28753E+00   -0.20233E+01    0.10656E+07    0.81698E+02
   466    0.17323E+02   -0.30670E+00   -0.21557E+01    0.10646E+07    0.81202E+02
   467    0.18391E+02   -0.32480E+00   -0.22888E+01    0.10632E+07    0.80710E+02
   468    0.19340E+02   -0.34183E+00   -0.24144E+01    0.10615E+07    0.80220E+02
   469    0.20247E+02   -0.35930E+00   -0.25390E+01    0.10595E+07    0.79733E+02
   470    0.21186E+02   -0.37498E+00   -0.26542E+01    0.10571E+07    0.79248E+02
   471    0.21861E+02   -0.38889E+00   -0.27592E+01    0.10544E+07    0.78766E+02
   472    0.22646E+02   -0.40251E+00   -0.28606E+01    0.10514E+07    0.78287E+02
   473    0.23319E+02   -0.41513E+00   -0.29498E+01    0.10480E+07    0.77809E+02
   474    0.23956E+02   -0.42599E+00   -0.30336E+01    0.10444E+07    0.77334E+02
   475    0.24558E+02   -0.43661E+00   -0.31036E+01    0.10405E+07    0.76862E+02
   476    0.24978E+02   -0.44475E+00   -0.31610E+01    0.10364E+07    0.76391E+02
   477    0.25291E+02   -0.45192E+00   -0.32148E+01    0.10319E+07    0.75922E+02
   478    0.25573E+02   -0.45812E+00   -0.32453E+01    0.10272E+07    0.75456E+02
   479    0.25751E+02   -0.46188E+00   -0.32762E+01    0.10223E+07    0.74991E+02
   480    0.25827E+02   -0.46395E+00   -0.32874E+01    0.10172E+07    0.74528E+02
   481    0.25801E+02   -0.46435E+00   -0.32816E+01    0.10118E+07    0.74066E+02
   482    0.25750E+02   -0.46233E+00   -0.32638E+01    0.10063E+07    0.73607E+02
   483    0.25452E+02   -0.45865E+00   -0.32355E+01    0.10005E+07    0.73148E+02
   484    0.24982E+02   -0.45258E+00   -0.31897E+01    0.99456E+06    0.72691E+02
   485    0.24565E+02   -0.44487E+00   -0.31271E+01    0.98845E+06    0.72236E+02
   486    0.23979E+02   -0.43404E+00   -0.30489E+01    0.98217E+06    0.71782E+02
   487    0.23226E+02   -0.42085E+00   -0.29543E+01    0.97574E+06    0.71329E+02
   488    0.22307E+02   -0.40604E+00   -0.28417E+01    0.96917E+06    0.70877E+02
   489    0.21297E+02   -0.38815E+00   -0.27116E+01    0.96247E+06    0.70426E+02
   490    0.20199E+02   -0.36718E+00   -0.25625E+01    0.95565E+06    0.69976E+02
   491    0.18789E+02   -0.34389E+00   -0.23962E+01    0.94873E+06    0.69527E+02
   492    0.17368E+02   -0.31754E+00   -0.22113E+01    0.94170E+06    0.69078E+02
   493    0.15787E+02   -0.28962E+00   -0.20054E+01    0.93459E+06    0.68631E+02
   494    0.14048E+02   -0.25718E+00   -0.17812E+01    0.92741E+06    0.68184E+02
   495    0.12079E+02   -0.22245E+00   -0.15364E+01    0.92016E+06    0.67737E+02
   496    0.99537E+01   -0.18396E+00   -0.12716E+01    0.91285E+06    0.67291E+02
   497    0.76748E+01   -0.14246E+00   -0.98510E+00    0.90551E+06    0.66845E+02
   498    0.52433E+01   -0.98705E-01   -0.67901E+00    0.89813E+06    0.66399E+02
   499    0.27348E+01   -0.50472E-01   -0.34946E+00    0.89072E+06    0.65954E+02
   500    0.21238E-02    0.00000E+00    0.00000E+00    0.88331E+06    0.65508E+02
