#    L    TT             EE             TE             PP             TP          
     2    0.32877E+03    0.74601E-10   -0.11765E-04    0.94528E+06    0.32903E+05
     3    0.23047E+03    0.22958E-10    0.74980E-05    0.14476E+07    0.36764E+05
     4    0.17324E+03    0.61532E-11    0.59860E-05    0.18874E+07    0.38048E+05
     5    0.13621E+03    0.20448E-11    0.30964E-05    0.22708E+07    0.38107E+05
     6    0.11047E+03    0.84574E-12    0.30746E-05    0.26043E+07    0.37529E+05
     7    0.91664E+02    0.59359E-12    0.41495E-05    0.28953E+07    0.36613E+05
     8    0.77407E+02    0.60467E-12    0.42470E-05    0.31496E+07    0.35523E+05
     9    0.66297E+02    0.45946E-12    0.31340E-05    0.33726E+07    0.34353E+05
    10    0.57433E+02    0.22063E-12    0.17720E-05    0.35682E+07    0.33152E+05
    11    0.50241E+02    0.89051E-13    0.96446E-06    0.37407E+07    0.31959E+05
    12    0.44452E+02    0.10382E-03   -0.23714E-03    0.38920E+07    0.30784E+05
    13    0.39335E+02    0.12169E-12    0.10079E-05    0.40245E+07    0.29638E+05
    14    0.35096E+02   -0.27194E-04    0.79676E-04    0.41409E+07    0.28532E+05
    15    0.31554E+02    0.11723E-12    0.11236E-05    0.42429E+07    0.27469E+05
    16    0.28440E+02   -0.22586E-04    0.32404E-03    0.43318E+07    0.26448E+05
    17    0.25796E+02    0.52651E-13    0.61402E-06    0.44093E+07    0.25470E+05
    18    0.23028E+02    0.11488E-04   -0.52570E-03    0.44764E+07    0.24536E+05
    19    0.21412E+02    0.23164E-13    0.26107E-06    0.45340E+07    0.23642E+05
    20    0.19639E+02    0.10034E-04   -0.10645E-04    0.45827E+07    0.22787E+05
    21    0.17992E+02    0.26345E-13    0.35769E-06    0.46236E+07    0.21969E+05
    22    0.16604E+02   -0.67106E-05   -0.42633E-04    0.46576E+07    0.21188E+05
    23    0.15278E+02    0.71815E-13    0.59044E-06    0.46852E+07    0.20442E+05
    24    0.14103E+02   -0.45945E-05    0.19330E-03    0.47069E+07    0.19729E+05
    25    0.13089E+02    0.10073E-12    0.64991E-06    0.47232E+07    0.19047E+05
    26    0.12096E+02    0.45677E-05    0.17379E-03    0.47348E+07    0.18395E+05
    27    0.11300E+02    0.74155E-13    0.50047E-06    0.47420E+07    0.17772E+05
    28    0.10500E+02    0.62322E-06   -0.24435E-03    0.47452E+07    0.17176E+05
    29    0.98224E+01    0.36613E-13    0.27639E-06    0.47445E+07    0.16605E+05
    30    0.92482E+01   -0.21393E-05    0.16663E-04    0.47401E+07    0.16057E+05
    31    0.85873E+01    0.21699E-13    0.10733E-06    0.47325E+07    0.15532E+05
    32    0.80138E+01    0.18985E-05    0.16029E-03    0.47221E+07    0.15028E+05
    33    0.75479E+01    0.18371E-13    0.46986E-07    0.47092E+07    0.14546E+05
    34    0.70718E+01    0.58091E-06   -0.27665E-03    0.46939E+07    0.14083E+05
    35    0.66663E+01    0.15300E-13    0.78400E-07    0.46764E+07    0.13640E+05
    36    0.63308E+01   -0.13653E-06    0.46385E-03    0.46569E+07    0.13213E+05
    37    0.59135E+01    0.16472E-13    0.14990E-06    0.46357E+07    0.12804E+05
    38    0.55532E+01    0.41830E-05   -0.55389E-03    0.46127E+07    0.12411E+05
    39    0.52912E+01    0.55145E-05   -0.64608E-03    0.45883E+07    0.12034E+05
    40    0.49773E+01    0.29323E-13    0.23355E-06    0.45625E+07    0.11671E+05
    41    0.48151E+01   -0.10177E-04    0.12921E-02    0.45353E+07    0.11321E+05
    42    0.45668E+01   -0.18179E-04    0.24752E-02    0.45070E+07    0.10985E+05
    43    0.43487E+01   -0.16190E-04    0.26483E-02    0.44776E+07    0.10661E+05
    44    0.39796E+01   -0.11250E-04    0.18018E-02    0.44472E+07    0.10350E+05
    45    0.37986E+01    0.28889E-13    0.20266E-06    0.44159E+07    0.10050E+05
    46    0.37066E+01    0.21386E-04   -0.44409E-02    0.43840E+07    0.97606E+04
    47    0.35618E+01    0.45231E-04   -0.10322E-01    0.43513E+07    0.94821E+04
    48    0.33040E+01    0.68040E-04   -0.13066E-01    0.43181E+07    0.92137E+04
    49    0.30218E+01    0.64032E-04   -0.86922E-02    0.42844E+07    0.89549E+04
    50    0.29525E+01    0.86493E-14    0.83460E-07    0.42502E+07    0.87054E+04
    51    0.28825E+01   -0.15865E-03    0.87114E-02    0.42157E+07    0.84648E+04
    52    0.30239E+01   -0.32573E-03    0.12776E-01    0.41808E+07    0.82326E+04
    53    0.29896E+01   -0.34961E-03    0.92855E-02    0.41457E+07    0.80085E+04
    54    0.26897E+01   -0.23463E-03    0.33016E-02    0.41103E+07    0.77923E+04
    55    0.23313E+01    0.42192E-14    0.24437E-07    0.40748E+07    0.75835E+04
    56    0.21264E+01    0.21343E-03   -0.17291E-02    0.40391E+07    0.73818E+04
    57    0.20090E+01    0.29820E-03   -0.18358E-02    0.40033E+07    0.71869E+04
    58    0.19920E+01    0.26287E-03   -0.12124E-02    0.39674E+07    0.69986E+04
    59    0.19401E+01    0.14575E-03   -0.77348E-03    0.39315E+07    0.68166E+04
    60    0.18661E+01    0.24377E-14    0.28710E-07    0.38955E+07    0.66405E+04
    61    0.20765E+01   -0.80085E-04    0.18113E-02    0.38596E+07    0.64702E+04
    62    0.19706E+01   -0.10301E-03    0.37228E-02    0.38237E+07    0.63055E+04
    63    0.17613E+01   -0.10297E-03    0.47585E-02    0.37878E+07    0.61461E+04
    64    0.17355E+01   -0.62183E-04    0.37191E-02    0.37520E+07    0.59918E+04
    65    0.15117E+01    0.64225E-14    0.47803E-07    0.37164E+07    0.58425E+04
    66    0.13764E+01    0.21984E-04   -0.46037E-02    0.36809E+07    0.56981E+04
    67    0.11683E+01    0.10896E-04   -0.77600E-02    0.36456E+07    0.55582E+04
    68    0.11714E+01    0.13330E-04   -0.83024E-02    0.36105E+07    0.54228E+04
    69    0.11495E+01   -0.58331E-05   -0.49903E-02    0.35756E+07    0.52916E+04
    70    0.12381E+01    0.76414E-14    0.48043E-07    0.35409E+07    0.51646E+04
    71    0.12812E+01    0.25785E-04    0.38996E-02    0.35065E+07    0.50415E+04
    72    0.12958E+01    0.53062E-04    0.55055E-02    0.34723E+07    0.49222E+04
    73    0.12302E+01    0.56304E-04    0.45079E-02    0.34383E+07    0.48066E+04
    74    0.11073E+01    0.32269E-04    0.20827E-02    0.34046E+07    0.46945E+04
    75    0.10241E+01    0.37035E-14    0.35344E-07    0.33711E+07    0.45857E+04
    76    0.92168E+00   -0.30693E-04   -0.95235E-03    0.33379E+07    0.44802E+04
    77    0.86023E+00   -0.57223E-04   -0.10189E-02    0.33049E+07    0.43778E+04
    78    0.89245E+00   -0.41664E-04   -0.21692E-02    0.32722E+07    0.42785E+04
    79    0.84826E+00   -0.27803E-04   -0.11730E-02    0.32398E+07    0.41821E+04
    80    0.85467E+00    0.21565E-14    0.22957E-07    0.32078E+07    0.40885E+04
    81    0.82042E+00    0.27379E-05    0.31531E-03    0.31760E+07    0.39977E+04
    82    0.82107E+00    0.12525E-04    0.24967E-03    0.31445E+07    0.39095E+04
    83    0.78815E+00    0.14258E-04   -0.27075E-03    0.31134E+07    0.38239E+04
    84    0.80179E+00    0.15117E-04    0.16588E-03    0.30827E+07    0.37408E+04
    85    0.71925E+00    0.17814E-14    0.16463E-07    0.30523E+07    0.36601E+04
    86    0.61989E+00   -0.80104E-05   -0.13641E-03    0.30222E+07    0.35818E+04
    87    0.72873E+00   -0.26216E-04    0.24022E-03    0.29925E+07    0.35057E+04
    88    0.60148E+00   -0.26302E-04    0.83363E-03    0.29632E+07    0.34318E+04
    89    0.61097E+00   -0.96688E-05   -0.13813E-03    0.29342E+07    0.33599E+04
    90    0.61006E+00    0.10313E-14    0.13331E-07    0.29056E+07    0.32901E+04
    91    0.52624E+00    0.88892E-05    0.16983E-03    0.28774E+07    0.32221E+04
    92    0.51133E+00    0.16379E-04    0.62229E-03    0.28495E+07    0.31560E+04
    93    0.56898E+00    0.29435E-04    0.82642E-03    0.28220E+07    0.30918E+04
    94    0.47993E+00    0.25308E-04    0.17369E-02    0.27948E+07    0.30292E+04
    95    0.47068E+00    0.18391E-04    0.20800E-02    0.27680E+07    0.29684E+04
    96    0.24772E+00    0.82198E-05    0.20674E-02    0.27415E+07    0.29093E+04
    97    0.26036E+00   -0.56680E-05    0.19112E-02    0.27154E+07    0.28518E+04
    98    0.28939E+00   -0.16308E-04    0.33088E-02    0.26897E+07    0.27958E+04
    99    0.18985E+00   -0.46450E-04    0.27578E-02    0.26642E+07    0.27414E+04
   100    0.18824E+00   -0.81699E-04    0.41844E-02    0.26391E+07    0.26885E+04
   101    0.13959E+00   -0.48236E-04    0.40862E-02    0.26144E+07    0.26370E+04
   102    0.41896E+00   -0.80235E-04    0.41607E-02    0.25900E+07    0.25869E+04
   103    0.43571E+00   -0.89020E-04    0.31342E-02    0.25659E+07    0.25381E+04
   104    0.49058E+00   -0.60196E-04    0.34469E-02    0.25421E+07    0.24907E+04
   105    0.51293E+00   -0.53656E-04    0.30823E-02    0.25187E+07    0.24444E+04
   106    0.58066E+00    0.19279E-04    0.22523E-02    0.24955E+07    0.23994E+04
   107    0.40026E+00    0.24434E-04    0.19114E-02    0.24727E+07    0.23556E+04
   108    0.42106E+00    0.50485E-04    0.78595E-03    0.24503E+07    0.23129E+04
   109    0.42383E+00    0.37543E-04   -0.16941E-03    0.24281E+07    0.22712E+04
   110    0.33791E+00    0.75007E-15    0.56756E-08    0.24062E+07    0.22305E+04
   111    0.24191E+00    0.25783E-04   -0.72092E-03    0.23847E+07    0.21909E+04
   112    0.14293E+00    0.51254E-04   -0.21128E-02    0.23634E+07    0.21521E+04
   113    0.12305E+00    0.86308E-04   -0.32119E-02    0.23425E+07    0.21144E+04
   114    0.41500E-01    0.66557E-04   -0.37972E-02    0.23218E+07    0.20775E+04
   115    0.54647E-01    0.15046E-03   -0.43908E-02    0.23014E+07    0.20415E+04
   116   -0.52562E-01    0.12507E-03   -0.47717E-02    0.22814E+07    0.20064E+04
   117    0.24805E-01    0.74553E-04   -0.47190E-02    0.22616E+07    0.19721E+04
   118    0.14598E+00    0.15738E-03   -0.54974E-02    0.22421E+07    0.19386E+04
   119    0.17019E+00    0.23488E-03   -0.54004E-02    0.22228E+07    0.19060E+04
   120    0.25381E+00    0.16838E-03   -0.49499E-02    0.22039E+07    0.18741E+04
   121    0.25606E+00    0.26490E-03   -0.46678E-02    0.21852E+07    0.18430E+04
   122    0.25903E+00    0.23721E-03   -0.43333E-02    0.21668E+07    0.18126E+04
   123    0.27051E+00    0.16949E-03   -0.44681E-02    0.21486E+07    0.17829E+04
   124    0.29830E+00    0.14592E-03   -0.26230E-02    0.21307E+07    0.17540E+04
   125    0.27592E+00    0.10210E-03   -0.15484E-02    0.21131E+07    0.17257E+04
   126    0.28545E+00    0.12222E-03   -0.10233E-02    0.20957E+07    0.16981E+04
   127    0.26040E+00    0.67608E-04   -0.82677E-03    0.20786E+07    0.16711E+04
   128    0.20857E+00    0.96719E-04   -0.73800E-03    0.20617E+07    0.16447E+04
   129    0.21205E+00    0.70884E-04   -0.53605E-03    0.20450E+07    0.16189E+04
   130    0.20434E+00    0.16877E-14    0.73746E-08    0.20286E+07    0.15937E+04
   131    0.19358E+00    0.40701E-04   -0.11275E-02    0.20124E+07    0.15690E+04
   132    0.26353E+00    0.45184E-04   -0.14194E-02    0.19965E+07    0.15448E+04
   133    0.27542E+00    0.86669E-04   -0.35664E-02    0.19808E+07    0.15212E+04
   134    0.31335E+00    0.16409E-03   -0.35737E-02    0.19653E+07    0.14981E+04
   135    0.38711E+00    0.20211E-03   -0.48750E-02    0.19500E+07    0.14755E+04
   136    0.35796E+00    0.19965E-03   -0.42183E-02    0.19350E+07    0.14534E+04
   137    0.38427E+00    0.22994E-03   -0.42943E-02    0.19201E+07    0.14318E+04
   138    0.40155E+00    0.21763E-03   -0.40796E-02    0.19055E+07    0.14106E+04
   139    0.27104E+00    0.31022E-03   -0.32936E-02    0.18910E+07    0.13899E+04
   140    0.29970E+00    0.28381E-03   -0.31413E-02    0.18768E+07    0.13696E+04
   141    0.20019E+00    0.21161E-03   -0.18566E-02    0.18627E+07    0.13497E+04
   142    0.20516E+00    0.16683E-03   -0.64437E-03    0.18489E+07    0.13303E+04
   143    0.25014E+00    0.14843E-03    0.33035E-04    0.18352E+07    0.13112E+04
   144    0.19638E+00    0.81045E-04    0.45625E-03    0.18217E+07    0.12926E+04
   145    0.12795E+00    0.11218E-03    0.90586E-03    0.18084E+07    0.12743E+04
   146    0.27752E+00    0.17933E-04    0.91965E-03    0.17953E+07    0.12564E+04
   147    0.20920E+00    0.20080E-04    0.15210E-02    0.17823E+07    0.12389E+04
   148    0.15563E+00   -0.31007E-04    0.76213E-03    0.17695E+07    0.12217E+04
   149    0.20091E+00   -0.62107E-04   -0.33364E-03    0.17569E+07    0.12048E+04
   150    0.13200E+00    0.00000E+00    0.84927E-09    0.17444E+07    0.11883E+04
   151    0.10695E+00    0.77267E-04   -0.16144E-02    0.17321E+07    0.11720E+04
   152   -0.14588E-01    0.80850E-04   -0.38724E-02    0.17200E+07    0.11561E+04
   153   -0.76161E-01    0.14206E-03   -0.46709E-02    0.17079E+07    0.11405E+04
   154   -0.14415E+00    0.24362E-03   -0.63636E-02    0.16961E+07    0.11251E+04
   155   -0.21067E+00    0.36829E-03   -0.83328E-02    0.16844E+07    0.11101E+04
   156   -0.41638E+00    0.49880E-03   -0.10704E-01    0.16728E+07    0.10953E+04
   157   -0.45626E+00    0.61790E-03   -0.12116E-01    0.16613E+07    0.10808E+04
   158   -0.54526E+00    0.78259E-03   -0.13437E-01    0.16500E+07    0.10666E+04
   159   -0.67549E+00    0.82706E-03   -0.14794E-01    0.16389E+07    0.10526E+04
   160   -0.76477E+00    0.88262E-03   -0.14824E-01    0.16278E+07    0.10389E+04
   161   -0.80521E+00    0.10063E-02   -0.15139E-01    0.16169E+07    0.10254E+04
   162   -0.86319E+00    0.10322E-02   -0.15864E-01    0.16062E+07    0.10122E+04
   163   -0.78225E+00    0.10175E-02   -0.15639E-01    0.15955E+07    0.99924E+03
   164   -0.85163E+00    0.10190E-02   -0.16075E-01    0.15850E+07    0.98650E+03
   165   -0.76630E+00    0.94538E-03   -0.15068E-01    0.15746E+07    0.97399E+03
   166   -0.66694E+00    0.92781E-03   -0.14230E-01    0.15643E+07    0.96170E+03
   167   -0.47136E+00    0.72622E-03   -0.14427E-01    0.15541E+07    0.94963E+03
   168   -0.39452E+00    0.69477E-03   -0.13558E-01    0.15440E+07    0.93777E+03
   169   -0.27996E+00    0.51905E-03   -0.11747E-01    0.15341E+07    0.92612E+03
   170   -0.11978E+00    0.40467E-03   -0.10605E-01    0.15242E+07    0.91467E+03
   171   -0.54665E-01    0.33435E-03   -0.80286E-02    0.15145E+07    0.90342E+03
   172   -0.24231E-02    0.21656E-03   -0.56291E-02    0.15048E+07    0.89235E+03
   173   -0.29448E-01    0.34034E-04   -0.35315E-02    0.14953E+07    0.88147E+03
   174    0.20724E-01    0.66645E-04   -0.18610E-02    0.14858E+07    0.87077E+03
   175    0.81702E-01    0.00000E+00   -0.37096E-10    0.14765E+07    0.86024E+03
   176    0.12938E-01    0.36738E-04    0.19737E-02    0.14672E+07    0.84987E+03
   177   -0.28488E-01    0.70562E-04    0.26861E-02    0.14580E+07    0.83967E+03
   178   -0.10823E+00    0.28936E-03    0.37823E-02    0.14490E+07    0.82963E+03
   179   -0.21764E+00    0.36102E-03    0.54213E-02    0.14400E+07    0.81975E+03
   180   -0.19953E+00    0.47345E-03    0.62767E-02    0.14311E+07    0.81003E+03
   181   -0.26811E+00    0.59167E-03    0.65077E-02    0.14222E+07    0.80045E+03
   182   -0.34046E+00    0.75500E-03    0.77592E-02    0.14135E+07    0.79103E+03
   183   -0.48224E+00    0.85420E-03    0.87047E-02    0.14048E+07    0.78175E+03
   184   -0.53623E+00    0.92858E-03    0.10246E-01    0.13962E+07    0.77262E+03
   185   -0.56809E+00    0.10917E-02    0.10315E-01    0.13877E+07    0.76363E+03
   186   -0.94060E+00    0.11676E-02    0.12040E-01    0.13793E+07    0.75477E+03
   187   -0.97658E+00    0.12623E-02    0.14096E-01    0.13710E+07    0.74605E+03
   188   -0.10388E+01    0.13260E-02    0.15157E-01    0.13627E+07    0.73746E+03
   189   -0.11929E+01    0.13610E-02    0.16867E-01    0.13545E+07    0.72900E+03
   190   -0.98459E+00    0.13842E-02    0.17157E-01    0.13463E+07    0.72067E+03
   191   -0.11480E+01    0.13829E-02    0.19157E-01    0.13383E+07    0.71246E+03
   192   -0.11546E+01    0.13446E-02    0.20798E-01    0.13303E+07    0.70437E+03
   193   -0.12185E+01    0.12787E-02    0.20754E-01    0.13224E+07    0.69640E+03
   194   -0.11083E+01    0.11801E-02    0.21412E-01    0.13145E+07    0.68855E+03
   195   -0.10382E+01    0.10509E-02    0.20704E-01    0.13067E+07    0.68080E+03
   196   -0.99955E+00    0.89326E-03    0.19530E-01    0.12989E+07    0.67316E+03
   197   -0.83513E+00    0.71685E-03    0.16565E-01    0.12913E+07    0.66564E+03
   198   -0.61062E+00    0.50895E-03    0.12711E-01    0.12836E+07    0.65821E+03
   199   -0.31736E+00    0.27175E-03    0.73839E-02    0.12761E+07    0.65088E+03
   200    0.53262E-01    0.00000E+00   -0.69067E-11    0.12685E+07    0.64365E+03
   201    0.43403E+00   -0.28135E-03   -0.84539E-02    0.12611E+07    0.63652E+03
   202    0.89995E+00   -0.59737E-03   -0.18882E-01    0.12537E+07    0.62948E+03
   203    0.13759E+01   -0.92061E-03   -0.29875E-01    0.12463E+07    0.62253E+03
   204    0.17867E+01   -0.12608E-02   -0.43737E-01    0.12390E+07    0.61567E+03
   205    0.22801E+01   -0.16054E-02   -0.57575E-01    0.12318E+07    0.60890E+03
   206    0.27067E+01   -0.19491E-02   -0.71984E-01    0.12246E+07    0.60222E+03
   207    0.32142E+01   -0.23019E-02   -0.86745E-01    0.12174E+07    0.59563E+03
   208    0.35789E+01   -0.26435E-02   -0.10171E+00    0.12103E+07    0.58913E+03
   209    0.39485E+01   -0.29838E-02   -0.11658E+00    0.12033E+07    0.58271E+03
   210    0.43221E+01   -0.33028E-02   -0.13159E+00    0.11963E+07    0.57638E+03
   211    0.46989E+01   -0.36027E-02   -0.14613E+00    0.11893E+07    0.57013E+03
   212    0.49295E+01   -0.38858E-02   -0.16047E+00    0.11824E+07    0.56397E+03
   213    0.52359E+01   -0.41395E-02   -0.17389E+00    0.11755E+07    0.55788E+03
   214    0.54687E+01   -0.44033E-02   -0.18694E+00    0.11687E+07    0.55188E+03
   215    0.57012E+01   -0.45160E-02   -0.19969E+00    0.11620E+07    0.54596E+03
   216    0.58584E+01   -0.46954E-02   -0.21095E+00    0.11552E+07    0.54011E+03
   217    0.60879E+01   -0.48174E-02   -0.22206E+00    0.11485E+07    0.53434E+03
   218    0.62404E+01   -0.49140E-02   -0.23214E+00    0.11419E+07    0.52865E+03
   219    0.63893E+01   -0.50172E-02   -0.23956E+00    0.11353E+07    0.52304E+03
   220    0.65337E+01   -0.50105E-02   -0.24809E+00    0.11287E+07    0.51749E+03
   221    0.66728E+01   -0.50002E-02   -0.25486E+00    0.11222E+07    0.51203E+03
   222    0.68057E+01   -0.48696E-02   -0.26067E+00    0.11157E+07    0.50663E+03
   223    0.67830E+01   -0.47250E-02   -0.26412E+00    0.11093E+07    0.50131E+03
   224    0.69009E+01   -0.45985E-02   -0.26826E+00    0.11029E+07    0.49605E+03
   225    0.69359E+01   -0.43735E-02   -0.26945E+00    0.10965E+07    0.49087E+03
   226    0.69612E+01   -0.40820E-02   -0.27073E+00    0.10902E+07    0.48575E+03
   227    0.69019E+01   -0.37559E-02   -0.26996E+00    0.10839E+07    0.48070E+03
   228    0.69055E+01   -0.34273E-02   -0.26795E+00    0.10776E+07    0.47572E+03
   229    0.68970E+01   -0.30538E-02   -0.26553E+00    0.10714E+07    0.47080E+03
   230    0.68012E+01   -0.26675E-02   -0.26128E+00    0.10652E+07    0.46594E+03
   231    0.66172E+01   -0.22262E-02   -0.25528E+00    0.10590E+07    0.46115E+03
   232    0.64929E+01   -0.18360E-02   -0.24836E+00    0.10529E+07    0.45642E+03
   233    0.63529E+01   -0.13061E-02   -0.24132E+00    0.10468E+07    0.45175E+03
   234    0.60480E+01   -0.81706E-03   -0.23276E+00    0.10408E+07    0.44714E+03
   235    0.58002E+01   -0.32665E-03   -0.22351E+00    0.10347E+07    0.44259E+03
   236    0.54599E+01    0.13318E-03   -0.21288E+00    0.10287E+07    0.43809E+03
   237    0.51006E+01    0.60470E-03   -0.20172E+00    0.10228E+07    0.43366E+03
   238    0.47216E+01    0.11302E-02   -0.18933E+00    0.10168E+07    0.42927E+03
   239    0.43961E+01    0.15291E-02   -0.17582E+00    0.10109E+07    0.42495E+03
   240    0.39006E+01    0.18438E-02   -0.16272E+00    0.10050E+07    0.42067E+03
   241    0.35312E+01    0.21907E-02   -0.14865E+00    0.99918E+06    0.41645E+03
   242    0.31386E+01    0.23893E-02   -0.13367E+00    0.99335E+06    0.41228E+03
   243    0.27220E+01    0.25562E-02   -0.11859E+00    0.98754E+06    0.40816E+03
   244    0.22804E+01    0.25851E-02   -0.10203E+00    0.98176E+06    0.40408E+03
   245    0.18130E+01    0.25182E-02   -0.86270E-01    0.97600E+06    0.40006E+03
   246    0.13932E+01    0.23237E-02   -0.69168E-01    0.97027E+06    0.39608E+03
   247    0.10203E+01    0.18952E-02   -0.52285E-01    0.96456E+06    0.39215E+03
   248    0.61895E+00    0.15721E-02   -0.34955E-01    0.95887E+06    0.38827E+03
   249    0.33701E+00    0.80248E-03   -0.17253E-01    0.95320E+06    0.38442E+03
   250    0.25018E-01    0.00000E+00    0.10801E-12    0.94755E+06    0.38063E+03
   251   -0.17082E+00   -0.11553E-02    0.18203E-01    0.94192E+06    0.37687E+03
   252   -0.48174E+00   -0.24267E-02    0.36481E-01    0.93632E+06    0.37315E+03
   253   -0.54623E+00   -0.40141E-02    0.53948E-01    0.93073E+06    0.36948E+03
   254   -0.67133E+00   -0.55973E-02    0.71205E-01    0.92517E+06    0.36584E+03
   255   -0.79265E+00   -0.74504E-02    0.88851E-01    0.91963E+06    0.36225E+03
   256   -0.84582E+00   -0.91791E-02    0.10749E+00    0.91412E+06    0.35869E+03
   257   -0.84073E+00   -0.11206E-01    0.11954E+00    0.90863E+06    0.35518E+03
   258   -0.86156E+00   -0.13137E-01    0.13824E+00    0.90317E+06    0.35170E+03
   259   -0.84395E+00   -0.15097E-01    0.14933E+00    0.89774E+06    0.34827E+03
   260   -0.72349E+00   -0.17063E-01    0.16826E+00    0.89234E+06    0.34487E+03
   261   -0.65867E+00   -0.19087E-01    0.17336E+00    0.88696E+06    0.34151E+03
   262   -0.65937E+00   -0.20923E-01    0.18751E+00    0.88162E+06    0.33819E+03
   263   -0.36409E+00   -0.22770E-01    0.20387E+00    0.87631E+06    0.33491E+03
   264   -0.22844E+00   -0.24532E-01    0.21562E+00    0.87103E+06    0.33166E+03
   265   -0.18801E+00   -0.26259E-01    0.21593E+00    0.86579E+06    0.32845E+03
   266   -0.29872E-01   -0.27706E-01    0.22769E+00    0.86057E+06    0.32528E+03
   267    0.13229E-01   -0.29221E-01    0.22921E+00    0.85540E+06    0.32214E+03
   268    0.79958E-01   -0.30410E-01    0.23595E+00    0.85026E+06    0.31904E+03
   269    0.11848E-01   -0.31547E-01    0.24107E+00    0.84516E+06    0.31597E+03
   270    0.96130E-01   -0.32534E-01    0.24519E+00    0.84010E+06    0.31294E+03
   271    0.10005E+00   -0.33424E-01    0.24889E+00    0.83507E+06    0.30995E+03
   272    0.23657E+00   -0.33894E-01    0.24536E+00    0.83009E+06    0.30699E+03
   273    0.27292E+00   -0.34518E-01    0.25005E+00    0.82515E+06    0.30406E+03
   274    0.34778E+00   -0.34678E-01    0.24127E+00    0.82025E+06    0.30117E+03
   275    0.37697E+00   -0.34870E-01    0.24190E+00    0.81539E+06    0.29831E+03
   276    0.49913E+00   -0.34849E-01    0.23027E+00    0.81058E+06    0.29548E+03
   277    0.48153E+00   -0.34591E-01    0.22926E+00    0.80582E+06    0.29268E+03
   278    0.53712E+00   -0.34149E-01    0.21717E+00    0.80110E+06    0.28992E+03
   279    0.58171E+00   -0.33573E-01    0.20206E+00    0.79642E+06    0.28719E+03
   280    0.60539E+00   -0.32841E-01    0.19935E+00    0.79180E+06    0.28449E+03
   281    0.74684E+00   -0.31854E-01    0.18738E+00    0.78722E+06    0.28183E+03
   282    0.69902E+00   -0.30888E-01    0.17418E+00    0.78270E+06    0.27919E+03
   283    0.74916E+00   -0.29696E-01    0.16033E+00    0.77822E+06    0.27659E+03
   284    0.81308E+00   -0.28329E-01    0.14644E+00    0.77380E+06    0.27401E+03
   285    0.88087E+00   -0.26765E-01    0.13312E+00    0.76943E+06    0.27147E+03
   286    0.86836E+00   -0.25130E-01    0.11352E+00    0.76512E+06    0.26895E+03
   287    0.83992E+00   -0.23399E-01    0.10312E+00    0.76086E+06    0.26646E+03
   288    0.85994E+00   -0.21551E-01    0.87651E-01    0.75665E+06    0.26401E+03
   289    0.84423E+00   -0.19636E-01    0.75142E-01    0.75251E+06    0.26158E+03
   290    0.85717E+00   -0.17779E-01    0.66194E-01    0.74842E+06    0.25918E+03
   291    0.88887E+00   -0.15217E-01    0.46550E-01    0.74439E+06    0.25680E+03
   292    0.63229E+00   -0.13038E-01    0.39095E-01    0.74042E+06    0.25446E+03
   293    0.67179E+00   -0.11592E-01    0.22144E-01    0.73651E+06    0.25214E+03
   294    0.55177E+00   -0.93704E-02    0.18583E-01    0.73266E+06    0.24985E+03
   295    0.63376E+00   -0.78354E-02    0.67261E-02    0.72888E+06    0.24758E+03
   296    0.53642E+00   -0.54786E-02    0.20301E-02    0.72515E+06    0.24534E+03
   297    0.47272E+00   -0.45053E-02    0.50950E-02    0.72150E+06    0.24313E+03
   298    0.28418E+00   -0.26641E-02    0.16641E-02    0.71791E+06    0.24094E+03
   299    0.18375E+00   -0.67475E-03   -0.23422E-03    0.71438E+06    0.23878E+03
   300    0.12958E-01    0.00000E+00    0.00000E+00    0.71093E+06    0.23664E+03
   301   -0.16367E+00    0.87705E-03    0.10259E-01    0.70754E+06    0.23453E+03
   302   -0.28107E+00    0.12775E-02    0.30463E-01    0.70421E+06    0.23244E+03
   303   -0.42261E+00    0.20163E-02    0.45537E-01    0.70095E+06    0.23037E+03
   304   -0.59738E+00    0.31656E-02    0.55267E-01    0.69775E+06    0.22833E+03
   305   -0.74017E+00    0.33118E-02    0.74293E-01    0.69460E+06    0.22631E+03
   306   -0.93436E+00    0.32699E-02    0.94968E-01    0.69149E+06    0.22432E+03
   307   -0.11148E+01    0.31120E-02    0.10965E+00    0.68844E+06    0.22234E+03
   308   -0.12904E+01    0.43959E-02    0.14041E+00    0.68543E+06    0.22039E+03
   309   -0.13962E+01    0.42224E-02    0.15731E+00    0.68246E+06    0.21847E+03
   310   -0.15896E+01    0.34063E-02    0.18242E+00    0.67952E+06    0.21656E+03
   311   -0.17314E+01    0.42485E-02    0.20067E+00    0.67662E+06    0.21468E+03
   312   -0.18304E+01    0.38496E-02    0.22671E+00    0.67374E+06    0.21282E+03
   313   -0.19702E+01    0.37674E-02    0.24545E+00    0.67089E+06    0.21098E+03
   314   -0.20854E+01    0.40740E-02    0.27154E+00    0.66806E+06    0.20916E+03
   315   -0.21853E+01    0.33559E-02    0.28990E+00    0.66525E+06    0.20736E+03
   316   -0.22788E+01    0.31709E-02    0.30775E+00    0.66245E+06    0.20559E+03
   317   -0.23750E+01    0.21055E-02    0.32487E+00    0.65966E+06    0.20383E+03
   318   -0.24831E+01    0.24602E-02    0.34105E+00    0.65688E+06    0.20209E+03
   319   -0.25378E+01    0.20787E-02    0.35606E+00    0.65409E+06    0.20038E+03
   320   -0.25483E+01    0.17759E-02    0.37712E+00    0.65131E+06    0.19868E+03
   321   -0.25978E+01    0.23668E-02    0.38916E+00    0.64853E+06    0.19701E+03
   322   -0.26213E+01    0.16949E-02    0.39938E+00    0.64573E+06    0.19535E+03
   323   -0.26277E+01    0.13182E-02    0.40758E+00    0.64293E+06    0.19371E+03
   324   -0.26261E+01    0.20516E-02    0.40610E+00    0.64010E+06    0.19209E+03
   325   -0.25514E+01    0.25286E-03    0.41702E+00    0.63726E+06    0.19049E+03
   326   -0.25613E+01    0.45130E-03    0.41041E+00    0.63440E+06    0.18891E+03
   327   -0.25161E+01    0.49047E-03    0.40833E+00    0.63151E+06    0.18735E+03
   328   -0.24251E+01   -0.30035E-03    0.41057E+00    0.62858E+06    0.18581E+03
   329   -0.23715E+01   -0.36335E-03    0.40205E+00    0.62563E+06    0.18428E+03
   330   -0.22902E+01   -0.11121E-02    0.38999E+00    0.62264E+06    0.18277E+03
   331   -0.21160E+01   -0.17316E-02    0.38160E+00    0.61960E+06    0.18127E+03
   332   -0.20066E+01   -0.14070E-02    0.37666E+00    0.61652E+06    0.17980E+03
   333   -0.18966E+01   -0.15517E-02    0.36752E+00    0.61339E+06    0.17834E+03
   334   -0.17210E+01   -0.13509E-02    0.35398E+00    0.61021E+06    0.17690E+03
   335   -0.16374E+01   -0.22180E-02    0.33582E+00    0.60697E+06    0.17547E+03
   336   -0.15062E+01   -0.25953E-02    0.32024E+00    0.60368E+06    0.17406E+03
   337   -0.13367E+01   -0.24107E-02    0.29217E+00    0.60032E+06    0.17267E+03
   338   -0.12121E+01   -0.30777E-02    0.27369E+00    0.59689E+06    0.17129E+03
   339   -0.99295E+00   -0.22956E-02    0.24972E+00    0.59339E+06    0.16993E+03
   340   -0.83694E+00   -0.22210E-02    0.23489E+00    0.58982E+06    0.16858E+03
   341   -0.75313E+00   -0.27816E-02    0.20672E+00    0.58617E+06    0.16725E+03
   342   -0.60203E+00   -0.16768E-02    0.17983E+00    0.58244E+06    0.16593E+03
   343   -0.46703E+00   -0.18059E-02    0.15401E+00    0.57862E+06    0.16462E+03
   344   -0.28291E+00   -0.16110E-02    0.12905E+00    0.57472E+06    0.16333E+03
   345   -0.20734E+00   -0.17629E-02    0.10473E+00    0.57072E+06    0.16206E+03
   346   -0.10082E+00   -0.70383E-03    0.88264E-01    0.56663E+06    0.16079E+03
   347   -0.46718E-01   -0.59009E-03    0.64572E-01    0.56243E+06    0.15955E+03
   348    0.20155E-01   -0.60675E-03    0.40871E-01    0.55813E+06    0.15831E+03
   349    0.16437E-01    0.61127E-04    0.16943E-01    0.55373E+06    0.15709E+03
   350    0.73263E-02    0.00000E+00    0.00000E+00    0.54921E+06    0.15588E+03
   351    0.13360E+00    0.76342E-03   -0.17693E-01    0.54458E+06    0.15468E+03
   352    0.21198E-01    0.16595E-02   -0.36808E-01    0.53985E+06    0.15350E+03
   353   -0.34078E-01    0.19922E-02   -0.43252E-01    0.53503E+06    0.15232E+03
   354   -0.18214E+00    0.25510E-02   -0.60074E-01    0.53014E+06    0.15116E+03
   355   -0.27577E+00    0.33826E-02   -0.73179E-01    0.52518E+06    0.15002E+03
   356   -0.39058E+00    0.45338E-02   -0.75903E-01    0.52017E+06    0.14888E+03
   357   -0.52792E+00    0.53084E-02   -0.83866E-01    0.51512E+06    0.14776E+03
   358   -0.61485E+00    0.50104E-02   -0.82973E-01    0.51004E+06    0.14664E+03
   359   -0.80128E+00    0.51721E-02   -0.88846E-01    0.50496E+06    0.14554E+03
   360   -0.93998E+00    0.58403E-02   -0.91104E-01    0.49987E+06    0.14445E+03
   361   -0.11066E+01    0.63189E-02   -0.94968E-01    0.49480E+06    0.14337E+03
   362   -0.12281E+01    0.66545E-02   -0.98230E-01    0.48975E+06    0.14230E+03
   363   -0.13803E+01    0.76368E-02   -0.99424E-01    0.48474E+06    0.14125E+03
   364   -0.14901E+01    0.70839E-02   -0.10303E+00    0.47978E+06    0.14020E+03
   365   -0.16331E+01    0.72711E-02   -0.10386E+00    0.47489E+06    0.13917E+03
   366   -0.17365E+01    0.75022E-02   -0.10566E+00    0.47007E+06    0.13814E+03
   367   -0.18016E+01    0.63384E-02   -0.10696E+00    0.46534E+06    0.13713E+03
   368   -0.19782E+01    0.60549E-02   -0.10704E+00    0.46071E+06    0.13612E+03
   369   -0.19706E+01    0.59554E-02   -0.10888E+00    0.45620E+06    0.13513E+03
   370   -0.20030E+01    0.53441E-02   -0.10806E+00    0.45182E+06    0.13415E+03
   371   -0.20767E+01    0.42674E-02   -0.10905E+00    0.44758E+06    0.13317E+03
   372   -0.21188E+01    0.35151E-02   -0.10815E+00    0.44349E+06    0.13221E+03
   373   -0.21307E+01    0.23910E-02   -0.10911E+00    0.43956E+06    0.13125E+03
   374   -0.21135E+01    0.16846E-02   -0.10896E+00    0.43582E+06    0.13031E+03
   375   -0.21431E+01    0.69991E-03   -0.10848E+00    0.43226E+06    0.12937E+03
   376   -0.20722E+01    0.22640E-03   -0.10842E+00    0.42891E+06    0.12845E+03
   377   -0.19763E+01   -0.11748E-02   -0.10658E+00    0.42578E+06    0.12753E+03
   378   -0.19312E+01   -0.27143E-02   -0.10670E+00    0.42288E+06    0.12662E+03
   379   -0.18638E+01   -0.36023E-02   -0.10507E+00    0.42022E+06    0.12572E+03
   380   -0.17013E+01   -0.37922E-02   -0.10469E+00    0.41781E+06    0.12483E+03
   381   -0.15935E+01   -0.69515E-02   -0.10335E+00    0.41567E+06    0.12395E+03
   382   -0.15418E+01   -0.78336E-02   -0.10108E+00    0.41382E+06    0.12308E+03
   383   -0.13989E+01   -0.93631E-02   -0.10012E+00    0.41225E+06    0.12221E+03
   384   -0.11663E+01   -0.11493E-01   -0.97518E-01    0.41100E+06    0.12136E+03
   385   -0.10681E+01   -0.11949E-01   -0.95526E-01    0.41006E+06    0.12051E+03
   386   -0.88274E+00   -0.12912E-01   -0.92679E-01    0.40945E+06    0.11967E+03
   387   -0.76019E+00   -0.14335E-01   -0.89739E-01    0.40919E+06    0.11883E+03
   388   -0.62750E+00   -0.15429E-01   -0.85984E-01    0.40929E+06    0.11801E+03
   389   -0.48602E+00   -0.18376E-01   -0.82178E-01    0.40975E+06    0.11719E+03
   390   -0.33707E+00   -0.17929E-01   -0.76854E-01    0.41060E+06    0.11638E+03
   391   -0.18201E+00   -0.18499E-01   -0.72262E-01    0.41184E+06    0.11558E+03
   392   -0.96458E-01   -0.17067E-01   -0.66193E-01    0.41350E+06    0.11478E+03
   393    0.66809E-01   -0.16558E-01   -0.60155E-01    0.41557E+06    0.11400E+03
   394    0.15788E+00   -0.15439E-01   -0.52680E-01    0.41808E+06    0.11321E+03
   395    0.17541E+00   -0.14407E-01   -0.46019E-01    0.42103E+06    0.11244E+03
   396    0.26664E+00   -0.12673E-01   -0.37369E-01    0.42444E+06    0.11167E+03
   397    0.20735E+00   -0.10189E-01   -0.28831E-01    0.42833E+06    0.11091E+03
   398    0.21907E+00   -0.76510E-02   -0.19829E-01    0.43270E+06    0.11016E+03
   399    0.15189E+00   -0.42704E-02   -0.10259E-01    0.43757E+06    0.10941E+03
   400    0.44533E-02    0.00000E+00    0.00000E+00    0.44294E+06    0.10866E+03
   401   -0.14878E+00    0.44423E-02    0.10795E-01    0.44884E+06    0.10793E+03
   402   -0.30160E+00    0.89950E-02    0.22317E-01    0.45524E+06    0.10720E+03
   403   -0.52059E+00    0.15060E-01    0.34445E-01    0.46211E+06    0.10647E+03
   404   -0.79803E+00    0.21069E-01    0.48024E-01    0.46945E+06    0.10575E+03
   405   -0.10519E+01    0.26938E-01    0.61523E-01    0.47723E+06    0.10504E+03
   406   -0.14231E+01    0.34070E-01    0.76456E-01    0.48543E+06    0.10433E+03
   407   -0.17553E+01    0.40895E-01    0.90621E-01    0.49403E+06    0.10363E+03
   408   -0.21151E+01    0.48074E-01    0.10776E+00    0.50300E+06    0.10294E+03
   409   -0.24205E+01    0.56265E-01    0.12493E+00    0.51233E+06    0.10225E+03
   410   -0.28124E+01    0.63157E-01    0.14217E+00    0.52200E+06    0.10156E+03
   411   -0.31344E+01    0.70895E-01    0.16097E+00    0.53198E+06    0.10088E+03
   412   -0.35274E+01    0.78652E-01    0.17990E+00    0.54225E+06    0.10021E+03
   413   -0.39095E+01    0.86346E-01    0.19971E+00    0.55280E+06    0.99544E+02
   414   -0.43471E+01    0.93893E-01    0.21969E+00    0.56361E+06    0.98881E+02
   415   -0.46840E+01    0.10195E+00    0.24136E+00    0.57464E+06    0.98225E+02
   416   -0.50612E+01    0.10896E+00    0.26252E+00    0.58588E+06    0.97573E+02
   417   -0.54707E+01    0.11630E+00    0.28318E+00    0.59732E+06    0.96927E+02
   418   -0.58307E+01    0.12169E+00    0.30562E+00    0.60892E+06    0.96286E+02
   419   -0.61335E+01    0.12799E+00    0.32838E+00    0.62067E+06    0.95651E+02
   420   -0.64455E+01    0.13439E+00    0.35073E+00    0.63255E+06    0.95020E+02
   421   -0.66849E+01    0.14007E+00    0.37345E+00    0.64454E+06    0.94395E+02
   422   -0.69181E+01    0.14492E+00    0.39508E+00    0.65661E+06    0.93775E+02
   423   -0.72118E+01    0.14888E+00    0.41714E+00    0.66875E+06    0.93159E+02
   424   -0.74839E+01    0.15261E+00    0.43816E+00    0.68094E+06    0.92549E+02
   425   -0.76525E+01    0.15526E+00    0.45967E+00    0.69314E+06    0.91944E+02
   426   -0.77841E+01    0.15826E+00    0.48020E+00    0.70535E+06    0.91344E+02
   427   -0.79453E+01    0.16003E+00    0.49830E+00    0.71754E+06    0.90749E+02
   428   -0.80541E+01    0.16123E+00    0.51696E+00    0.72970E+06    0.90158E+02
   429   -0.81771E+01    0.16177E+00    0.53399E+00    0.74179E+06    0.89572E+02
   430   -0.81579E+01    0.16232E+00    0.54867E+00    0.75381E+06    0.88991E+02
   431   -0.81375E+01    0.16130E+00    0.56177E+00    0.76572E+06    0.88415E+02
   432   -0.81823E+01    0.15938E+00    0.57184E+00    0.77751E+06    0.87844E+02
   433   -0.80619E+01    0.15796E+00    0.58112E+00    0.78916E+06    0.87277E+02
   434   -0.79914E+01    0.15472E+00    0.58595E+00    0.80064E+06    0.86714E+02
   435   -0.78888E+01    0.15182E+00    0.58782E+00    0.81194E+06    0.86156E+02
   436   -0.76720E+01    0.14768E+00    0.58602E+00    0.82304E+06    0.85603E+02
   437   -0.74077E+01    0.14222E+00    0.58133E+00    0.83390E+06    0.85054E+02
   438   -0.71624E+01    0.13609E+00    0.57303E+00    0.84453E+06    0.84509E+02
   439   -0.67798E+01    0.12997E+00    0.55891E+00    0.85488E+06    0.83969E+02
   440   -0.64008E+01    0.12227E+00    0.54125E+00    0.86495E+06    0.83433E+02
   441   -0.59435E+01    0.11366E+00    0.51708E+00    0.87471E+06    0.82902E+02
   442   -0.55485E+01    0.10406E+00    0.48794E+00    0.88413E+06    0.82374E+02
   443   -0.49855E+01    0.94122E-01    0.45235E+00    0.89321E+06    0.81851E+02
   444   -0.43951E+01    0.83765E-01    0.41109E+00    0.90191E+06    0.81332E+02
   445   -0.37698E+01    0.70679E-01    0.36271E+00    0.91023E+06    0.80817E+02
   446   -0.31761E+01    0.58492E-01    0.30797E+00    0.91813E+06    0.80306E+02
   447   -0.24577E+01    0.45638E-01    0.24393E+00    0.92559E+06    0.79799E+02
   448   -0.17555E+01    0.30545E-01    0.17136E+00    0.93260E+06    0.79297E+02
   449   -0.91309E+00    0.15360E-01    0.91029E-01    0.93914E+06    0.78798E+02
   450    0.28278E-02    0.00000E+00    0.00000E+00    0.94518E+06    0.78302E+02
   451    0.92467E+00   -0.17093E-01   -0.99948E-01    0.95070E+06    0.77811E+02
   452    0.18548E+01   -0.34455E-01   -0.21041E+00    0.95572E+06    0.77324E+02
   453    0.29433E+01   -0.52095E-01   -0.32828E+00    0.96025E+06    0.76840E+02
   454    0.39684E+01   -0.70766E-01   -0.45412E+00    0.96428E+06    0.76359E+02
   455    0.50059E+01   -0.89735E-01   -0.58705E+00    0.96784E+06    0.75883E+02
   456    0.62057E+01   -0.10975E+00   -0.71948E+00    0.97094E+06    0.75409E+02
   457    0.72720E+01   -0.12935E+00   -0.86463E+00    0.97358E+06    0.74939E+02
   458    0.84290E+01   -0.14927E+00   -0.10030E+01    0.97578E+06    0.74473E+02
   459    0.96037E+01   -0.16878E+00   -0.11494E+01    0.97754E+06    0.74009E+02
   460    0.10798E+02   -0.18938E+00   -0.12969E+01    0.97888E+06    0.73549E+02
   461    0.11938E+02   -0.20960E+00   -0.14453E+01    0.97980E+06    0.73092E+02
   462    0.13099E+02   -0.23018E+00   -0.15879E+01    0.98032E+06    0.72638E+02
   463    0.14210E+02   -0.24965E+00   -0.17422E+01    0.98045E+06    0.72186E+02
   464    0.15271E+02   -0.26877E+00   -0.18778E+01    0.98019E+06    0.71738E+02
   465    0.16283E+02   -0.28753E+00   -0.20233E+01    0.97956E+06    0.71292E+02
   466    0.17323E+02   -0.30670E+00   -0.21557E+01    0.97857E+06    0.70849E+02
   467    0.18391E+02   -0.32480E+00   -0.22888E+01    0.97723E+06    0.70409E+02
   468    0.19340E+02   -0.34183E+00   -0.24144E+01    0.97555E+06    0.69971E+02
   469    0.20246E+02   -0.35930E+00   -0.25390E+01    0.97354E+06    0.69535E+02
   470    0.21185E+02   -0.37498E+00   -0.26542E+01    0.97120E+06    0.69102E+02
   471    0.21861E+02   -0.38889E+00   -0.27592E+01    0.96856E+06    0.68671E+02
   472    0.22646E+02   -0.40251E+00   -0.28606E+01    0.96561E+06    0.68243E+02
   473    0.23319E+02   -0.41513E+00   -0.29498E+01    0.96238E+06    0.67816E+02
   474    0.23956E+02   -0.42599E+00   -0.30336E+01    0.95886E+06    0.67392E+02
   475    0.24558E+02   -0.43661E+00   -0.31036E+01    0.95508E+06    0.66970E+02
   476    0.24977E+02   -0.44475E+00   -0.31610E+01    0.95104E+06    0.66549E+02
   477    0.25290E+02   -0.45192E+00   -0.32148E+01    0.94675E+06    0.66131E+02
   478    0.25572E+02   -0.45812E+00   -0.32453E+01    0.94222E+06    0.65714E+02
   479    0.25751E+02   -0.46188E+00   -0.32762E+01    0.93747E+06    0.65299E+02
   480    0.25826E+02   -0.46395E+00   -0.32874E+01    0.93249E+06    0.64885E+02
   481    0.25801E+02   -0.46435E+00   -0.32816E+01    0.92732E+06    0.64473E+02
   482    0.25749E+02   -0.46233E+00   -0.32638E+01    0.92194E+06    0.64063E+02
   483    0.25451E+02   -0.45865E+00   -0.32355E+01    0.91638E+06    0.63654E+02
   484    0.24981E+02   -0.45258E+00   -0.31897E+01    0.91064E+06    0.63246E+02
   485    0.24565E+02   -0.44487E+00   -0.31271E+01    0.90474E+06    0.62839E+02
   486    0.23979E+02   -0.43404E+00   -0.30489E+01    0.89868E+06    0.62434E+02
   487    0.23226E+02   -0.42085E+00   -0.29543E+01    0.89247E+06    0.62029E+02
   488    0.22307E+02   -0.40604E+00   -0.28417E+01    0.88614E+06    0.61626E+02
   489    0.21297E+02   -0.38815E+00   -0.27116E+01    0.87968E+06    0.61223E+02
   490    0.20198E+02   -0.36718E+00   -0.25625E+01    0.87310E+06    0.60822E+02
   491    0.18789E+02   -0.34389E+00   -0.23962E+01    0.86642E+06    0.60421E+02
   492    0.17368E+02   -0.31754E+00   -0.22113E+01    0.85965E+06    0.60021E+02
   493    0.15787E+02   -0.28962E+00   -0.20054E+01    0.85279E+06    0.59621E+02
   494    0.14048E+02   -0.25718E+00   -0.17812E+01    0.84587E+06    0.59222E+02
   495    0.12078E+02   -0.22245E+00   -0.15364E+01    0.83888E+06    0.58823E+02
   496    0.99534E+01   -0.18396E+00   -0.12716E+01    0.83184E+06    0.58425E+02
   497    0.76745E+01   -0.14246E+00   -0.98510E+00    0.82475E+06    0.58027E+02
   498    0.52430E+01   -0.98705E-01   -0.67901E+00    0.81764E+06    0.57630E+02
   499    0.27345E+01   -0.50472E-01   -0.34946E+00    0.81051E+06    0.57232E+02
   500    0.18364E-02    0.00000E+00    0.00000E+00    0.80336E+06    0.56835E+02
