#    L    TT             EE             TE             PP             TP          
     2    0.47550E+03    0.12836E-09   -0.22952E-04    0.12840E+07    0.46625E+05
     3    0.32249E+03    0.38096E-10    0.10295E-04    0.19239E+07    0.50568E+05
     4    0.23687E+03    0.98252E-11    0.87703E-05    0.24705E+07    0.51258E+05
     5    0.18294E+03    0.31667E-11    0.43337E-05    0.29368E+07    0.50520E+05
     6    0.14623E+03    0.12631E-11    0.39123E-05    0.33349E+07    0.49106E+05
     7    0.11985E+03    0.80855E-12    0.53593E-05    0.36759E+07    0.47380E+05
     8    0.10014E+03    0.82307E-12    0.57366E-05    0.39688E+07    0.45530E+05
     9    0.84966E+02    0.66793E-12    0.44409E-05    0.42215E+07    0.43660E+05
    10    0.72994E+02    0.34379E-12    0.26170E-05    0.44392E+07    0.41816E+05
    11    0.63376E+02    0.12847E-12    0.13944E-05    0.46281E+07    0.40038E+05
    12    0.55651E+02    0.10382E-03   -0.23691E-03    0.47908E+07    0.38327E+05
    13    0.48973E+02    0.13876E-12    0.12204E-05    0.49306E+07    0.36691E+05
    14    0.43454E+02   -0.27194E-04    0.79947E-04    0.50510E+07    0.35136E+05
    15    0.38853E+02    0.15745E-12    0.14508E-05    0.51541E+07    0.33661E+05
    16    0.34851E+02   -0.22586E-04    0.32436E-03    0.52418E+07    0.32262E+05
    17    0.31459E+02    0.79459E-13    0.87188E-06    0.53160E+07    0.30937E+05
    18    0.28054E+02    0.11488E-04   -0.52552E-03    0.53783E+07    0.29683E+05
    19    0.25893E+02    0.35850E-13    0.35991E-06    0.54297E+07    0.28494E+05
    20    0.23649E+02    0.10034E-04   -0.10592E-04    0.54709E+07    0.27365E+05
    21    0.21594E+02    0.30252E-13    0.39870E-06    0.55032E+07    0.26293E+05
    22    0.19850E+02   -0.67106E-05   -0.42575E-04    0.55279E+07    0.25276E+05
    23    0.18213E+02    0.81510E-13    0.68057E-06    0.55455E+07    0.24312E+05
    24    0.16764E+02   -0.45945E-05    0.19343E-03    0.55566E+07    0.23395E+05
    25    0.15508E+02    0.12927E-12    0.80156E-06    0.55618E+07    0.22523E+05
    26    0.14300E+02    0.45677E-05    0.17395E-03    0.55619E+07    0.21694E+05
    27    0.13314E+02    0.10676E-12    0.66085E-06    0.55574E+07    0.20905E+05
    28    0.12343E+02    0.62322E-06   -0.24420E-03    0.55486E+07    0.20153E+05
    29    0.11513E+02    0.56437E-13    0.39438E-06    0.55357E+07    0.19437E+05
    30    0.10802E+02   -0.21393E-05    0.16751E-04    0.55190E+07    0.18752E+05
    31    0.10018E+02    0.31368E-13    0.16527E-06    0.54989E+07    0.18098E+05
    32    0.93331E+01    0.18985E-05    0.16033E-03    0.54760E+07    0.17474E+05
    33    0.87665E+01    0.25415E-13    0.57131E-07    0.54505E+07    0.16878E+05
    34    0.81992E+01    0.58091E-06   -0.27665E-03    0.54227E+07    0.16309E+05
    35    0.77108E+01    0.20469E-13    0.67528E-07    0.53928E+07    0.15764E+05
    36    0.72999E+01   -0.13653E-06    0.46384E-03    0.53609E+07    0.15243E+05
    37    0.68138E+01    0.18488E-13    0.14312E-06    0.53273E+07    0.14744E+05
    38    0.63907E+01    0.41830E-05   -0.55389E-03    0.52921E+07    0.14266E+05
    39    0.60712E+01    0.55145E-05   -0.64607E-03    0.52555E+07    0.13808E+05
    40    0.57045E+01    0.31550E-13    0.25442E-06    0.52177E+07    0.13369E+05
    41    0.54939E+01   -0.10177E-04    0.12921E-02    0.51786E+07    0.12948E+05
    42    0.52011E+01   -0.18179E-04    0.24752E-02    0.51386E+07    0.12544E+05
    43    0.49419E+01   -0.16190E-04    0.26484E-02    0.50975E+07    0.12155E+05
    44    0.45351E+01   -0.11250E-04    0.18019E-02    0.50557E+07    0.11782E+05
    45    0.43192E+01    0.37679E-13    0.24966E-06    0.50132E+07    0.11424E+05
    46    0.41950E+01    0.21386E-04   -0.44408E-02    0.49701E+07    0.11080E+05
    47    0.40203E+01    0.45231E-04   -0.10322E-01    0.49265E+07    0.10748E+05
    48    0.37348E+01    0.68040E-04   -0.13066E-01    0.48824E+07    0.10430E+05
    49    0.34271E+01    0.64032E-04   -0.86922E-02    0.48381E+07    0.10124E+05
    50    0.33340E+01    0.11462E-13    0.11112E-06    0.47935E+07    0.98287E+04
    51    0.32418E+01   -0.15865E-03    0.87114E-02    0.47487E+07    0.95449E+04
    52    0.33626E+01   -0.32573E-03    0.12776E-01    0.47037E+07    0.92715E+04
    53    0.33091E+01   -0.34961E-03    0.92855E-02    0.46587E+07    0.90082E+04
    54    0.29913E+01   -0.23463E-03    0.33016E-02    0.46136E+07    0.87545E+04
    55    0.26163E+01    0.46879E-14    0.28003E-07    0.45685E+07    0.85100E+04
    56    0.23958E+01    0.21343E-03   -0.17291E-02    0.45235E+07    0.82742E+04
    57    0.22638E+01    0.29820E-03   -0.18358E-02    0.44785E+07    0.80467E+04
    58    0.22332E+01    0.26287E-03   -0.12124E-02    0.44336E+07    0.78272E+04
    59    0.21685E+01    0.14575E-03   -0.77348E-03    0.43889E+07    0.76154E+04
    60    0.20826E+01    0.30003E-14    0.25667E-07    0.43442E+07    0.74109E+04
    61    0.22818E+01   -0.80085E-04    0.18113E-02    0.42998E+07    0.72134E+04
    62    0.21654E+01   -0.10301E-03    0.37228E-02    0.42555E+07    0.70225E+04
    63    0.19462E+01   -0.10297E-03    0.47585E-02    0.42114E+07    0.68381E+04
    64    0.19111E+01   -0.62183E-04    0.37191E-02    0.41677E+07    0.66600E+04
    65    0.16786E+01    0.64694E-14    0.49652E-07    0.41242E+07    0.64878E+04
    66    0.15351E+01    0.21984E-04   -0.46037E-02    0.40810E+07    0.63213E+04
    67    0.13193E+01    0.10896E-04   -0.77600E-02    0.40382E+07    0.61604E+04
    68    0.13151E+01    0.13330E-04   -0.83024E-02    0.39957E+07    0.60048E+04
    69    0.12863E+01   -0.58331E-05   -0.49903E-02    0.39535E+07    0.58542E+04
    70    0.13684E+01    0.96572E-14    0.55019E-07    0.39118E+07    0.57086E+04
    71    0.14054E+01    0.25785E-04    0.38996E-02    0.38704E+07    0.55677E+04
    72    0.14142E+01    0.53062E-04    0.55055E-02    0.38294E+07    0.54312E+04
    73    0.13432E+01    0.56304E-04    0.45079E-02    0.37887E+07    0.52991E+04
    74    0.12151E+01    0.32269E-04    0.20827E-02    0.37485E+07    0.51712E+04
    75    0.11270E+01    0.53911E-14    0.41514E-07    0.37086E+07    0.50472E+04
    76    0.10200E+01   -0.30693E-04   -0.95234E-03    0.36691E+07    0.49271E+04
    77    0.95417E+00   -0.57223E-04   -0.10189E-02    0.36300E+07    0.48106E+04
    78    0.98225E+00   -0.41664E-04   -0.21692E-02    0.35913E+07    0.46977E+04
    79    0.93413E+00   -0.27803E-04   -0.11730E-02    0.35531E+07    0.45882E+04
    80    0.93681E+00    0.23440E-14    0.25940E-07    0.35152E+07    0.44821E+04
    81    0.89902E+00    0.27379E-05    0.31531E-03    0.34778E+07    0.43792E+04
    82    0.89631E+00    0.12525E-04    0.24967E-03    0.34408E+07    0.42793E+04
    83    0.86021E+00    0.14258E-04   -0.27075E-03    0.34043E+07    0.41825E+04
    84    0.87082E+00    0.15117E-04    0.16588E-03    0.33682E+07    0.40886E+04
    85    0.78540E+00    0.17814E-14    0.17044E-07    0.33326E+07    0.39975E+04
    86    0.68330E+00   -0.80104E-05   -0.13641E-03    0.32974E+07    0.39091E+04
    87    0.78954E+00   -0.26216E-04    0.24022E-03    0.32628E+07    0.38234E+04
    88    0.65981E+00   -0.26302E-04    0.83363E-03    0.32286E+07    0.37401E+04
    89    0.66694E+00   -0.96688E-05   -0.13813E-03    0.31948E+07    0.36593E+04
    90    0.66378E+00    0.11251E-14    0.13416E-07    0.31615E+07    0.35807E+04
    91    0.57780E+00    0.88892E-05    0.16983E-03    0.31287E+07    0.35043E+04
    92    0.56084E+00    0.16379E-04    0.62229E-03    0.30964E+07    0.34301E+04
    93    0.61652E+00    0.29435E-04    0.82642E-03    0.30645E+07    0.33580E+04
    94    0.52560E+00    0.25308E-04    0.17369E-02    0.30330E+07    0.32879E+04
    95    0.51456E+00    0.18391E-04    0.20800E-02    0.30020E+07    0.32197E+04
    96    0.28988E+00    0.82198E-05    0.20674E-02    0.29714E+07    0.31535E+04
    97    0.30090E+00   -0.56680E-05    0.19112E-02    0.29413E+07    0.30891E+04
    98    0.32837E+00   -0.16308E-04    0.33087E-02    0.29116E+07    0.30266E+04
    99    0.22735E+00   -0.46450E-04    0.27578E-02    0.28823E+07    0.29658E+04
   100    0.22432E+00   -0.81699E-04    0.41844E-02    0.28534E+07    0.29067E+04
   101    0.17433E+00   -0.48236E-04    0.40862E-02    0.28250E+07    0.28493E+04
   102    0.45242E+00   -0.80235E-04    0.41607E-02    0.27969E+07    0.27934E+04
   103    0.46794E+00   -0.89020E-04    0.31342E-02    0.27693E+07    0.27391E+04
   104    0.52165E+00   -0.60196E-04    0.34469E-02    0.27420E+07    0.26863E+04
   105    0.54288E+00   -0.53656E-04    0.30823E-02    0.27152E+07    0.26349E+04
   106    0.60955E+00    0.19279E-04    0.22523E-02    0.26887E+07    0.25848E+04
   107    0.42813E+00    0.24434E-04    0.19114E-02    0.26626E+07    0.25361E+04
   108    0.44795E+00    0.50485E-04    0.78595E-03    0.26369E+07    0.24887E+04
   109    0.44978E+00    0.37543E-04   -0.16942E-03    0.26116E+07    0.24424E+04
   110    0.36296E+00    0.37504E-15    0.52709E-08    0.25867E+07    0.23973E+04
   111    0.26609E+00    0.25783E-04   -0.72092E-03    0.25621E+07    0.23534E+04
   112    0.16627E+00    0.51254E-04   -0.21128E-02    0.25378E+07    0.23104E+04
   113    0.14558E+00    0.86308E-04   -0.32119E-02    0.25140E+07    0.22686E+04
   114    0.63252E-01    0.66557E-04   -0.37972E-02    0.24904E+07    0.22278E+04
   115    0.75651E-01    0.15046E-03   -0.43908E-02    0.24673E+07    0.21879E+04
   116   -0.32278E-01    0.12507E-03   -0.47717E-02    0.24444E+07    0.21491E+04
   117    0.44397E-01    0.74553E-04   -0.47190E-02    0.24219E+07    0.21112E+04
   118    0.16491E+00    0.15738E-03   -0.54974E-02    0.23998E+07    0.20742E+04
   119    0.18848E+00    0.23488E-03   -0.54004E-02    0.23780E+07    0.20381E+04
   120    0.27148E+00    0.16838E-03   -0.49499E-02    0.23564E+07    0.20030E+04
   121    0.27314E+00    0.26490E-03   -0.46678E-02    0.23352E+07    0.19686E+04
   122    0.27553E+00    0.23721E-03   -0.43333E-02    0.23144E+07    0.19351E+04
   123    0.28647E+00    0.16949E-03   -0.44681E-02    0.22938E+07    0.19024E+04
   124    0.31373E+00    0.14592E-03   -0.26230E-02    0.22735E+07    0.18705E+04
   125    0.29084E+00    0.10210E-03   -0.15484E-02    0.22536E+07    0.18394E+04
   126    0.29988E+00    0.12222E-03   -0.10232E-02    0.22339E+07    0.18090E+04
   127    0.27436E+00    0.67608E-04   -0.82677E-03    0.22145E+07    0.17793E+04
   128    0.22208E+00    0.96719E-04   -0.73800E-03    0.21954E+07    0.17503E+04
   129    0.22512E+00    0.70884E-04   -0.53605E-03    0.21766E+07    0.17219E+04
   130    0.21699E+00    0.22502E-14    0.83560E-08    0.21581E+07    0.16942E+04
   131    0.20583E+00    0.40701E-04   -0.11275E-02    0.21398E+07    0.16671E+04
   132    0.27538E+00    0.45184E-04   -0.14194E-02    0.21218E+07    0.16406E+04
   133    0.28689E+00    0.86669E-04   -0.35664E-02    0.21041E+07    0.16147E+04
   134    0.32445E+00    0.16409E-03   -0.35737E-02    0.20866E+07    0.15893E+04
   135    0.39787E+00    0.20211E-03   -0.48750E-02    0.20694E+07    0.15645E+04
   136    0.36837E+00    0.19965E-03   -0.42183E-02    0.20524E+07    0.15403E+04
   137    0.39435E+00    0.22994E-03   -0.42943E-02    0.20356E+07    0.15166E+04
   138    0.41131E+00    0.21763E-03   -0.40796E-02    0.20191E+07    0.14934E+04
   139    0.28050E+00    0.31022E-03   -0.32936E-02    0.20029E+07    0.14707E+04
   140    0.30886E+00    0.28381E-03   -0.31413E-02    0.19868E+07    0.14485E+04
   141    0.20906E+00    0.21161E-03   -0.18566E-02    0.19710E+07    0.14268E+04
   142    0.21376E+00    0.16683E-03   -0.64437E-03    0.19554E+07    0.14056E+04
   143    0.25848E+00    0.14843E-03    0.33036E-04    0.19401E+07    0.13848E+04
   144    0.20446E+00    0.81045E-04    0.45625E-03    0.19249E+07    0.13644E+04
   145    0.13578E+00    0.11218E-03    0.90586E-03    0.19099E+07    0.13445E+04
   146    0.28512E+00    0.17933E-04    0.91965E-03    0.18952E+07    0.13249E+04
   147    0.21656E+00    0.20080E-04    0.15210E-02    0.18806E+07    0.13058E+04
   148    0.16277E+00   -0.31007E-04    0.76213E-03    0.18663E+07    0.12870E+04
   149    0.20783E+00   -0.62107E-04   -0.33364E-03    0.18521E+07    0.12687E+04
   150    0.13871E+00    0.18752E-15    0.12535E-08    0.18381E+07    0.12506E+04
   151    0.11346E+00    0.77267E-04   -0.16144E-02    0.18243E+07    0.12330E+04
   152   -0.82784E-02    0.80850E-04   -0.38724E-02    0.18106E+07    0.12156E+04
   153   -0.70042E-01    0.14206E-03   -0.46709E-02    0.17971E+07    0.11986E+04
   154   -0.13822E+00    0.24362E-03   -0.63636E-02    0.17838E+07    0.11819E+04
   155   -0.20492E+00    0.36829E-03   -0.83328E-02    0.17707E+07    0.11655E+04
   156   -0.41080E+00    0.49880E-03   -0.10704E-01    0.17577E+07    0.11495E+04
   157   -0.45085E+00    0.61790E-03   -0.12116E-01    0.17449E+07    0.11337E+04
   158   -0.54002E+00    0.78259E-03   -0.13437E-01    0.17322E+07    0.11182E+04
   159   -0.67041E+00    0.82706E-03   -0.14794E-01    0.17197E+07    0.11031E+04
   160   -0.75984E+00    0.88262E-03   -0.14824E-01    0.17073E+07    0.10882E+04
   161   -0.80043E+00    0.10063E-02   -0.15139E-01    0.16951E+07    0.10736E+04
   162   -0.85855E+00    0.10322E-02   -0.15864E-01    0.16831E+07    0.10593E+04
   163   -0.77775E+00    0.10175E-02   -0.15639E-01    0.16712E+07    0.10452E+04
   164   -0.84726E+00    0.10190E-02   -0.16075E-01    0.16594E+07    0.10314E+04
   165   -0.76207E+00    0.94538E-03   -0.15068E-01    0.16477E+07    0.10178E+04
   166   -0.66283E+00    0.92781E-03   -0.14230E-01    0.16362E+07    0.10045E+04
   167   -0.46737E+00    0.72622E-03   -0.14427E-01    0.16249E+07    0.99147E+03
   168   -0.39065E+00    0.69477E-03   -0.13558E-01    0.16136E+07    0.97864E+03
   169   -0.27621E+00    0.51905E-03   -0.11747E-01    0.16025E+07    0.96604E+03
   170   -0.11615E+00    0.40467E-03   -0.10605E-01    0.15915E+07    0.95367E+03
   171   -0.51134E-01    0.33435E-03   -0.80286E-02    0.15806E+07    0.94150E+03
   172    0.10027E-02    0.21656E-03   -0.56291E-02    0.15699E+07    0.92955E+03
   173   -0.26124E-01    0.34034E-04   -0.35315E-02    0.15592E+07    0.91781E+03
   174    0.23948E-01    0.66645E-04   -0.18610E-02    0.15487E+07    0.90625E+03
   175    0.84831E-01    0.00000E+00   -0.49025E-10    0.15383E+07    0.89489E+03
   176    0.15974E-01    0.36738E-04    0.19737E-02    0.15279E+07    0.88372E+03
   177   -0.25543E-01    0.70562E-04    0.26861E-02    0.15177E+07    0.87272E+03
   178   -0.10537E+00    0.28936E-03    0.37823E-02    0.15076E+07    0.86191E+03
   179   -0.21487E+00    0.36102E-03    0.54213E-02    0.14976E+07    0.85127E+03
   180   -0.19684E+00    0.47345E-03    0.62767E-02    0.14877E+07    0.84080E+03
   181   -0.26551E+00    0.59167E-03    0.65077E-02    0.14779E+07    0.83049E+03
   182   -0.33794E+00    0.75500E-03    0.77592E-02    0.14681E+07    0.82036E+03
   183   -0.47979E+00    0.85420E-03    0.87047E-02    0.14585E+07    0.81038E+03
   184   -0.53385E+00    0.92858E-03    0.10246E-01    0.14490E+07    0.80056E+03
   185   -0.56579E+00    0.10917E-02    0.10315E-01    0.14395E+07    0.79090E+03
   186   -0.93837E+00    0.11676E-02    0.12040E-01    0.14302E+07    0.78139E+03
   187   -0.97441E+00    0.12623E-02    0.14096E-01    0.14209E+07    0.77203E+03
   188   -0.10367E+01    0.13260E-02    0.15157E-01    0.14117E+07    0.76282E+03
   189   -0.11909E+01    0.13610E-02    0.16867E-01    0.14026E+07    0.75375E+03
   190   -0.98261E+00    0.13842E-02    0.17157E-01    0.13936E+07    0.74482E+03
   191   -0.11461E+01    0.13829E-02    0.19157E-01    0.13847E+07    0.73602E+03
   192   -0.11527E+01    0.13446E-02    0.20798E-01    0.13758E+07    0.72736E+03
   193   -0.12167E+01    0.12787E-02    0.20754E-01    0.13670E+07    0.71882E+03
   194   -0.11066E+01    0.11801E-02    0.21412E-01    0.13583E+07    0.71041E+03
   195   -0.10365E+01    0.10509E-02    0.20704E-01    0.13497E+07    0.70213E+03
   196   -0.99791E+00    0.89326E-03    0.19530E-01    0.13411E+07    0.69397E+03
   197   -0.83355E+00    0.71685E-03    0.16565E-01    0.13327E+07    0.68592E+03
   198   -0.60908E+00    0.50895E-03    0.12711E-01    0.13242E+07    0.67799E+03
   199   -0.31587E+00    0.27175E-03    0.73839E-02    0.13159E+07    0.67016E+03
   200    0.54706E-01    0.00000E+00   -0.22232E-11    0.13076E+07    0.66245E+03
   201    0.43543E+00   -0.28135E-03   -0.84539E-02    0.12994E+07    0.65483E+03
   202    0.90131E+00   -0.59737E-03   -0.18882E-01    0.12912E+07    0.64733E+03
   203    0.13772E+01   -0.92061E-03   -0.29875E-01    0.12831E+07    0.63992E+03
   204    0.17880E+01   -0.12608E-02   -0.43737E-01    0.12751E+07    0.63261E+03
   205    0.22814E+01   -0.16054E-02   -0.57575E-01    0.12671E+07    0.62540E+03
   206    0.27079E+01   -0.19491E-02   -0.71984E-01    0.12592E+07    0.61829E+03
   207    0.32154E+01   -0.23019E-02   -0.86745E-01    0.12513E+07    0.61128E+03
   208    0.35800E+01   -0.26435E-02   -0.10171E+00    0.12435E+07    0.60437E+03
   209    0.39496E+01   -0.29838E-02   -0.11658E+00    0.12358E+07    0.59754E+03
   210    0.43231E+01   -0.33028E-02   -0.13159E+00    0.12281E+07    0.59081E+03
   211    0.46999E+01   -0.36027E-02   -0.14613E+00    0.12205E+07    0.58418E+03
   212    0.49305E+01   -0.38858E-02   -0.16047E+00    0.12129E+07    0.57763E+03
   213    0.52369E+01   -0.41395E-02   -0.17389E+00    0.12054E+07    0.57118E+03
   214    0.54696E+01   -0.44033E-02   -0.18694E+00    0.11979E+07    0.56481E+03
   215    0.57021E+01   -0.45160E-02   -0.19969E+00    0.11905E+07    0.55853E+03
   216    0.58592E+01   -0.46954E-02   -0.21095E+00    0.11832E+07    0.55234E+03
   217    0.60887E+01   -0.48174E-02   -0.22206E+00    0.11759E+07    0.54623E+03
   218    0.62412E+01   -0.49140E-02   -0.23214E+00    0.11686E+07    0.54020E+03
   219    0.63901E+01   -0.50172E-02   -0.23956E+00    0.11614E+07    0.53426E+03
   220    0.65344E+01   -0.50105E-02   -0.24809E+00    0.11542E+07    0.52840E+03
   221    0.66735E+01   -0.50002E-02   -0.25486E+00    0.11471E+07    0.52262E+03
   222    0.68063E+01   -0.48696E-02   -0.26067E+00    0.11401E+07    0.51692E+03
   223    0.67836E+01   -0.47250E-02   -0.26412E+00    0.11331E+07    0.51130E+03
   224    0.69016E+01   -0.45985E-02   -0.26826E+00    0.11261E+07    0.50576E+03
   225    0.69365E+01   -0.43735E-02   -0.26945E+00    0.11192E+07    0.50029E+03
   226    0.69618E+01   -0.40820E-02   -0.27073E+00    0.11123E+07    0.49489E+03
   227    0.69024E+01   -0.37559E-02   -0.26996E+00    0.11055E+07    0.48957E+03
   228    0.69060E+01   -0.34273E-02   -0.26795E+00    0.10987E+07    0.48432E+03
   229    0.68975E+01   -0.30538E-02   -0.26553E+00    0.10919E+07    0.47914E+03
   230    0.68017E+01   -0.26675E-02   -0.26128E+00    0.10852E+07    0.47403E+03
   231    0.66177E+01   -0.22262E-02   -0.25528E+00    0.10786E+07    0.46899E+03
   232    0.64933E+01   -0.18360E-02   -0.24836E+00    0.10719E+07    0.46402E+03
   233    0.63534E+01   -0.13061E-02   -0.24132E+00    0.10654E+07    0.45912E+03
   234    0.60485E+01   -0.81706E-03   -0.23276E+00    0.10588E+07    0.45428E+03
   235    0.58006E+01   -0.32665E-03   -0.22351E+00    0.10523E+07    0.44950E+03
   236    0.54603E+01    0.13318E-03   -0.21288E+00    0.10458E+07    0.44478E+03
   237    0.51010E+01    0.60470E-03   -0.20172E+00    0.10394E+07    0.44013E+03
   238    0.47220E+01    0.11302E-02   -0.18933E+00    0.10330E+07    0.43554E+03
   239    0.43965E+01    0.15291E-02   -0.17582E+00    0.10266E+07    0.43101E+03
   240    0.39009E+01    0.18438E-02   -0.16272E+00    0.10203E+07    0.42653E+03
   241    0.35316E+01    0.21907E-02   -0.14865E+00    0.10140E+07    0.42211E+03
   242    0.31390E+01    0.23893E-02   -0.13367E+00    0.10078E+07    0.41775E+03
   243    0.27223E+01    0.25562E-02   -0.11859E+00    0.10015E+07    0.41344E+03
   244    0.22807E+01    0.25851E-02   -0.10203E+00    0.99533E+06    0.40919E+03
   245    0.18132E+01    0.25182E-02   -0.86270E-01    0.98916E+06    0.40499E+03
   246    0.13935E+01    0.23237E-02   -0.69168E-01    0.98302E+06    0.40084E+03
   247    0.10205E+01    0.18952E-02   -0.52285E-01    0.97691E+06    0.39673E+03
   248    0.61919E+00    0.15721E-02   -0.34955E-01    0.97083E+06    0.39268E+03
   249    0.33724E+00    0.80248E-03   -0.17253E-01    0.96478E+06    0.38868E+03
   250    0.25240E-01    0.00000E+00    0.72007E-13    0.95875E+06    0.38472E+03
   251   -0.17060E+00   -0.11553E-02    0.18203E-01    0.95275E+06    0.38080E+03
   252   -0.48153E+00   -0.24267E-02    0.36481E-01    0.94677E+06    0.37693E+03
   253   -0.54604E+00   -0.40141E-02    0.53948E-01    0.94082E+06    0.37311E+03
   254   -0.67115E+00   -0.55973E-02    0.71205E-01    0.93491E+06    0.36933E+03
   255   -0.79248E+00   -0.74504E-02    0.88851E-01    0.92902E+06    0.36559E+03
   256   -0.84565E+00   -0.91791E-02    0.10749E+00    0.92316E+06    0.36190E+03
   257   -0.84057E+00   -0.11206E-01    0.11954E+00    0.91733E+06    0.35825E+03
   258   -0.86142E+00   -0.13137E-01    0.13824E+00    0.91154E+06    0.35464E+03
   259   -0.84381E+00   -0.15097E-01    0.14933E+00    0.90578E+06    0.35107E+03
   260   -0.72336E+00   -0.17063E-01    0.16826E+00    0.90005E+06    0.34754E+03
   261   -0.65854E+00   -0.19087E-01    0.17336E+00    0.89436E+06    0.34406E+03
   262   -0.65926E+00   -0.20923E-01    0.18751E+00    0.88870E+06    0.34062E+03
   263   -0.36399E+00   -0.22770E-01    0.20387E+00    0.88309E+06    0.33721E+03
   264   -0.22833E+00   -0.24532E-01    0.21562E+00    0.87750E+06    0.33385E+03
   265   -0.18792E+00   -0.26259E-01    0.21593E+00    0.87196E+06    0.33053E+03
   266   -0.29785E-01   -0.27706E-01    0.22769E+00    0.86646E+06    0.32724E+03
   267    0.13309E-01   -0.29221E-01    0.22921E+00    0.86100E+06    0.32400E+03
   268    0.80032E-01   -0.30410E-01    0.23595E+00    0.85558E+06    0.32079E+03
   269    0.11915E-01   -0.31547E-01    0.24107E+00    0.85021E+06    0.31762E+03
   270    0.96192E-01   -0.32534E-01    0.24519E+00    0.84487E+06    0.31449E+03
   271    0.10011E+00   -0.33424E-01    0.24889E+00    0.83959E+06    0.31140E+03
   272    0.23662E+00   -0.33894E-01    0.24536E+00    0.83434E+06    0.30834E+03
   273    0.27297E+00   -0.34518E-01    0.25005E+00    0.82915E+06    0.30532E+03
   274    0.34782E+00   -0.34678E-01    0.24127E+00    0.82400E+06    0.30233E+03
   275    0.37700E+00   -0.34870E-01    0.24190E+00    0.81890E+06    0.29938E+03
   276    0.49916E+00   -0.34849E-01    0.23027E+00    0.81385E+06    0.29647E+03
   277    0.48156E+00   -0.34591E-01    0.22926E+00    0.80884E+06    0.29359E+03
   278    0.53714E+00   -0.34149E-01    0.21717E+00    0.80389E+06    0.29075E+03
   279    0.58172E+00   -0.33573E-01    0.20206E+00    0.79900E+06    0.28794E+03
   280    0.60540E+00   -0.32841E-01    0.19935E+00    0.79415E+06    0.28516E+03
   281    0.74685E+00   -0.31854E-01    0.18738E+00    0.78936E+06    0.28242E+03
   282    0.69902E+00   -0.30888E-01    0.17418E+00    0.78462E+06    0.27971E+03
   283    0.74916E+00   -0.29696E-01    0.16033E+00    0.77994E+06    0.27703E+03
   284    0.81307E+00   -0.28329E-01    0.14644E+00    0.77532E+06    0.27438E+03
   285    0.88086E+00   -0.26765E-01    0.13312E+00    0.77075E+06    0.27177E+03
   286    0.86834E+00   -0.25130E-01    0.11352E+00    0.76624E+06    0.26919E+03
   287    0.83990E+00   -0.23399E-01    0.10312E+00    0.76179E+06    0.26664E+03
   288    0.85992E+00   -0.21551E-01    0.87651E-01    0.75741E+06    0.26411E+03
   289    0.84420E+00   -0.19636E-01    0.75142E-01    0.75308E+06    0.26162E+03
   290    0.85715E+00   -0.17779E-01    0.66194E-01    0.74881E+06    0.25916E+03
   291    0.88884E+00   -0.15217E-01    0.46550E-01    0.74461E+06    0.25673E+03
   292    0.63225E+00   -0.13038E-01    0.39095E-01    0.74048E+06    0.25433E+03
   293    0.67175E+00   -0.11592E-01    0.22144E-01    0.73640E+06    0.25195E+03
   294    0.55173E+00   -0.93704E-02    0.18583E-01    0.73240E+06    0.24961E+03
   295    0.63372E+00   -0.78354E-02    0.67261E-02    0.72846E+06    0.24729E+03
   296    0.53638E+00   -0.54786E-02    0.20301E-02    0.72459E+06    0.24500E+03
   297    0.47267E+00   -0.45053E-02    0.50950E-02    0.72078E+06    0.24274E+03
   298    0.28413E+00   -0.26641E-02    0.16641E-02    0.71705E+06    0.24050E+03
   299    0.18369E+00   -0.67475E-03   -0.23422E-03    0.71339E+06    0.23829E+03
   300    0.12903E-01    0.00000E+00    0.00000E+00    0.70980E+06    0.23610E+03
   301   -0.16372E+00    0.87705E-03    0.10259E-01    0.70628E+06    0.23394E+03
   302   -0.28113E+00    0.12775E-02    0.30463E-01    0.70283E+06    0.23181E+03
   303   -0.42267E+00    0.20163E-02    0.45537E-01    0.69944E+06    0.22970E+03
   304   -0.59744E+00    0.31656E-02    0.55267E-01    0.69612E+06    0.22762E+03
   305   -0.74024E+00    0.33118E-02    0.74293E-01    0.69285E+06    0.22556E+03
   306   -0.93443E+00    0.32699E-02    0.94968E-01    0.68964E+06    0.22352E+03
   307   -0.11148E+01    0.31120E-02    0.10965E+00    0.68647E+06    0.22151E+03
   308   -0.12905E+01    0.43959E-02    0.14041E+00    0.68335E+06    0.21952E+03
   309   -0.13962E+01    0.42224E-02    0.15731E+00    0.68028E+06    0.21756E+03
   310   -0.15897E+01    0.34063E-02    0.18242E+00    0.67724E+06    0.21561E+03
   311   -0.17314E+01    0.42485E-02    0.20067E+00    0.67424E+06    0.21370E+03
   312   -0.18305E+01    0.38496E-02    0.22671E+00    0.67126E+06    0.21180E+03
   313   -0.19702E+01    0.37674E-02    0.24545E+00    0.66832E+06    0.20993E+03
   314   -0.20855E+01    0.40740E-02    0.27154E+00    0.66539E+06    0.20808E+03
   315   -0.21853E+01    0.33559E-02    0.28990E+00    0.66249E+06    0.20625E+03
   316   -0.22788E+01    0.31709E-02    0.30775E+00    0.65960E+06    0.20444E+03
   317   -0.23751E+01    0.21055E-02    0.32487E+00    0.65672E+06    0.20265E+03
   318   -0.24832E+01    0.24602E-02    0.34105E+00    0.65385E+06    0.20089E+03
   319   -0.25379E+01    0.20787E-02    0.35606E+00    0.65098E+06    0.19914E+03
   320   -0.25484E+01    0.17759E-02    0.37712E+00    0.64811E+06    0.19742E+03
   321   -0.25979E+01    0.23668E-02    0.38916E+00    0.64524E+06    0.19571E+03
   322   -0.26214E+01    0.16949E-02    0.39938E+00    0.64237E+06    0.19403E+03
   323   -0.26278E+01    0.13182E-02    0.40758E+00    0.63948E+06    0.19237E+03
   324   -0.26262E+01    0.20516E-02    0.40610E+00    0.63657E+06    0.19072E+03
   325   -0.25515E+01    0.25286E-03    0.41702E+00    0.63365E+06    0.18910E+03
   326   -0.25614E+01    0.45130E-03    0.41041E+00    0.63070E+06    0.18749E+03
   327   -0.25162E+01    0.49047E-03    0.40833E+00    0.62772E+06    0.18591E+03
   328   -0.24252E+01   -0.30035E-03    0.41057E+00    0.62472E+06    0.18434E+03
   329   -0.23716E+01   -0.36335E-03    0.40205E+00    0.62168E+06    0.18279E+03
   330   -0.22903E+01   -0.11121E-02    0.38999E+00    0.61860E+06    0.18126E+03
   331   -0.21161E+01   -0.17316E-02    0.38160E+00    0.61548E+06    0.17974E+03
   332   -0.20067E+01   -0.14070E-02    0.37666E+00    0.61232E+06    0.17825E+03
   333   -0.18967E+01   -0.15517E-02    0.36752E+00    0.60910E+06    0.17677E+03
   334   -0.17211E+01   -0.13509E-02    0.35398E+00    0.60583E+06    0.17531E+03
   335   -0.16375E+01   -0.22180E-02    0.33582E+00    0.60251E+06    0.17386E+03
   336   -0.15063E+01   -0.25953E-02    0.32024E+00    0.59912E+06    0.17243E+03
   337   -0.13368E+01   -0.24107E-02    0.29217E+00    0.59567E+06    0.17102E+03
   338   -0.12122E+01   -0.30777E-02    0.27369E+00    0.59215E+06    0.16963E+03
   339   -0.99305E+00   -0.22956E-02    0.24972E+00    0.58855E+06    0.16825E+03
   340   -0.83704E+00   -0.22210E-02    0.23489E+00    0.58488E+06    0.16688E+03
   341   -0.75323E+00   -0.27816E-02    0.20672E+00    0.58113E+06    0.16553E+03
   342   -0.60214E+00   -0.16768E-02    0.17983E+00    0.57730E+06    0.16420E+03
   343   -0.46713E+00   -0.18059E-02    0.15401E+00    0.57338E+06    0.16288E+03
   344   -0.28302E+00   -0.16110E-02    0.12905E+00    0.56936E+06    0.16157E+03
   345   -0.20744E+00   -0.17629E-02    0.10473E+00    0.56525E+06    0.16028E+03
   346   -0.10092E+00   -0.70383E-03    0.88264E-01    0.56104E+06    0.15901E+03
   347   -0.46822E-01   -0.59009E-03    0.64572E-01    0.55673E+06    0.15774E+03
   348    0.20051E-01   -0.60675E-03    0.40871E-01    0.55231E+06    0.15649E+03
   349    0.16332E-01    0.61127E-04    0.16943E-01    0.54778E+06    0.15526E+03
   350    0.72214E-02    0.00000E+00    0.00000E+00    0.54314E+06    0.15403E+03
   351    0.13349E+00    0.76342E-03   -0.17693E-01    0.53838E+06    0.15282E+03
   352    0.21093E-01    0.16595E-02   -0.36808E-01    0.53351E+06    0.15163E+03
   353   -0.34184E-01    0.19922E-02   -0.43252E-01    0.52855E+06    0.15044E+03
   354   -0.18225E+00    0.25510E-02   -0.60074E-01    0.52352E+06    0.14927E+03
   355   -0.27587E+00    0.33826E-02   -0.73179E-01    0.51842E+06    0.14811E+03
   356   -0.39068E+00    0.45338E-02   -0.75903E-01    0.51326E+06    0.14696E+03
   357   -0.52803E+00    0.53084E-02   -0.83866E-01    0.50807E+06    0.14582E+03
   358   -0.61496E+00    0.50104E-02   -0.82973E-01    0.50284E+06    0.14470E+03
   359   -0.80139E+00    0.51721E-02   -0.88846E-01    0.49761E+06    0.14358E+03
   360   -0.94009E+00    0.58403E-02   -0.91104E-01    0.49238E+06    0.14248E+03
   361   -0.11067E+01    0.63189E-02   -0.94968E-01    0.48715E+06    0.14139E+03
   362   -0.12283E+01    0.66545E-02   -0.98230E-01    0.48196E+06    0.14031E+03
   363   -0.13804E+01    0.76368E-02   -0.99424E-01    0.47680E+06    0.13924E+03
   364   -0.14902E+01    0.70839E-02   -0.10303E+00    0.47170E+06    0.13819E+03
   365   -0.16332E+01    0.72711E-02   -0.10386E+00    0.46666E+06    0.13714E+03
   366   -0.17366E+01    0.75022E-02   -0.10566E+00    0.46170E+06    0.13611E+03
   367   -0.18017E+01    0.63384E-02   -0.10696E+00    0.45684E+06    0.13508E+03
   368   -0.19783E+01    0.60549E-02   -0.10704E+00    0.45207E+06    0.13407E+03
   369   -0.19707E+01    0.59554E-02   -0.10888E+00    0.44743E+06    0.13306E+03
   370   -0.20031E+01    0.53441E-02   -0.10806E+00    0.44292E+06    0.13207E+03
   371   -0.20768E+01    0.42674E-02   -0.10905E+00    0.43855E+06    0.13109E+03
   372   -0.21189E+01    0.35151E-02   -0.10815E+00    0.43434E+06    0.13011E+03
   373   -0.21308E+01    0.23910E-02   -0.10911E+00    0.43030E+06    0.12915E+03
   374   -0.21136E+01    0.16846E-02   -0.10896E+00    0.42645E+06    0.12820E+03
   375   -0.21432E+01    0.69991E-03   -0.10848E+00    0.42279E+06    0.12725E+03
   376   -0.20723E+01    0.22640E-03   -0.10842E+00    0.41934E+06    0.12632E+03
   377   -0.19764E+01   -0.11748E-02   -0.10658E+00    0.41612E+06    0.12539E+03
   378   -0.19313E+01   -0.27143E-02   -0.10670E+00    0.41313E+06    0.12448E+03
   379   -0.18639E+01   -0.36023E-02   -0.10507E+00    0.41039E+06    0.12357E+03
   380   -0.17014E+01   -0.37922E-02   -0.10469E+00    0.40791E+06    0.12267E+03
   381   -0.15936E+01   -0.69515E-02   -0.10335E+00    0.40572E+06    0.12178E+03
   382   -0.15419E+01   -0.78336E-02   -0.10108E+00    0.40381E+06    0.12090E+03
   383   -0.13991E+01   -0.93631E-02   -0.10012E+00    0.40220E+06    0.12003E+03
   384   -0.11664E+01   -0.11493E-01   -0.97518E-01    0.40091E+06    0.11916E+03
   385   -0.10682E+01   -0.11949E-01   -0.95526E-01    0.39994E+06    0.11831E+03
   386   -0.88285E+00   -0.12912E-01   -0.92679E-01    0.39932E+06    0.11746E+03
   387   -0.76030E+00   -0.14335E-01   -0.89739E-01    0.39906E+06    0.11662E+03
   388   -0.62761E+00   -0.15429E-01   -0.85984E-01    0.39916E+06    0.11579E+03
   389   -0.48612E+00   -0.18376E-01   -0.82178E-01    0.39964E+06    0.11496E+03
   390   -0.33718E+00   -0.17929E-01   -0.76854E-01    0.40052E+06    0.11415E+03
   391   -0.18212E+00   -0.18499E-01   -0.72262E-01    0.40180E+06    0.11334E+03
   392   -0.96565E-01   -0.17067E-01   -0.66193E-01    0.40351E+06    0.11254E+03
   393    0.66701E-01   -0.16558E-01   -0.60155E-01    0.40565E+06    0.11174E+03
   394    0.15777E+00   -0.15439E-01   -0.52680E-01    0.40824E+06    0.11095E+03
   395    0.17531E+00   -0.14407E-01   -0.46019E-01    0.41128E+06    0.11017E+03
   396    0.26653E+00   -0.12673E-01   -0.37369E-01    0.41480E+06    0.10940E+03
   397    0.20725E+00   -0.10189E-01   -0.28831E-01    0.41881E+06    0.10863E+03
   398    0.21897E+00   -0.76510E-02   -0.19829E-01    0.42332E+06    0.10787E+03
   399    0.15178E+00   -0.42704E-02   -0.10259E-01    0.42834E+06    0.10712E+03
   400    0.43469E-02    0.00000E+00    0.00000E+00    0.43388E+06    0.10637E+03
   401   -0.14889E+00    0.44423E-02    0.10795E-01    0.43996E+06    0.10563E+03
   402   -0.30171E+00    0.89950E-02    0.22317E-01    0.44656E+06    0.10489E+03
   403   -0.52070E+00    0.15060E-01    0.34445E-01    0.45365E+06    0.10416E+03
   404   -0.79813E+00    0.21069E-01    0.48024E-01    0.46122E+06    0.10344E+03
   405   -0.10520E+01    0.26938E-01    0.61523E-01    0.46924E+06    0.10272E+03
   406   -0.14232E+01    0.34070E-01    0.76456E-01    0.47769E+06    0.10201E+03
   407   -0.17554E+01    0.40895E-01    0.90621E-01    0.48655E+06    0.10131E+03
   408   -0.21152E+01    0.48074E-01    0.10776E+00    0.49580E+06    0.10061E+03
   409   -0.24206E+01    0.56265E-01    0.12493E+00    0.50542E+06    0.99912E+02
   410   -0.28125E+01    0.63157E-01    0.14217E+00    0.51539E+06    0.99223E+02
   411   -0.31345E+01    0.70895E-01    0.16097E+00    0.52567E+06    0.98541E+02
   412   -0.35275E+01    0.78652E-01    0.17990E+00    0.53627E+06    0.97864E+02
   413   -0.39096E+01    0.86346E-01    0.19971E+00    0.54714E+06    0.97192E+02
   414   -0.43472E+01    0.93893E-01    0.21969E+00    0.55827E+06    0.96526E+02
   415   -0.46842E+01    0.10195E+00    0.24136E+00    0.56964E+06    0.95866E+02
   416   -0.50613E+01    0.10896E+00    0.26252E+00    0.58123E+06    0.95211E+02
   417   -0.54708E+01    0.11630E+00    0.28318E+00    0.59302E+06    0.94562E+02
   418   -0.58308E+01    0.12169E+00    0.30562E+00    0.60497E+06    0.93918E+02
   419   -0.61336E+01    0.12799E+00    0.32838E+00    0.61708E+06    0.93279E+02
   420   -0.64456E+01    0.13439E+00    0.35073E+00    0.62933E+06    0.92646E+02
   421   -0.66850E+01    0.14007E+00    0.37345E+00    0.64168E+06    0.92018E+02
   422   -0.69182E+01    0.14492E+00    0.39508E+00    0.65412E+06    0.91395E+02
   423   -0.72119E+01    0.14888E+00    0.41714E+00    0.66662E+06    0.90778E+02
   424   -0.74840E+01    0.15261E+00    0.43816E+00    0.67918E+06    0.90165E+02
   425   -0.76526E+01    0.15526E+00    0.45967E+00    0.69175E+06    0.89558E+02
   426   -0.77842E+01    0.15826E+00    0.48020E+00    0.70433E+06    0.88956E+02
   427   -0.79454E+01    0.16003E+00    0.49830E+00    0.71689E+06    0.88359E+02
   428   -0.80542E+01    0.16123E+00    0.51696E+00    0.72941E+06    0.87766E+02
   429   -0.81772E+01    0.16177E+00    0.53399E+00    0.74186E+06    0.87179E+02
   430   -0.81580E+01    0.16232E+00    0.54867E+00    0.75424E+06    0.86597E+02
   431   -0.81376E+01    0.16130E+00    0.56177E+00    0.76651E+06    0.86019E+02
   432   -0.81824E+01    0.15938E+00    0.57184E+00    0.77865E+06    0.85446E+02
   433   -0.80620E+01    0.15796E+00    0.58112E+00    0.79064E+06    0.84878E+02
   434   -0.79915E+01    0.15472E+00    0.58595E+00    0.80246E+06    0.84315E+02
   435   -0.78889E+01    0.15182E+00    0.58782E+00    0.81410E+06    0.83756E+02
   436   -0.76721E+01    0.14768E+00    0.58602E+00    0.82552E+06    0.83202E+02
   437   -0.74078E+01    0.14222E+00    0.58133E+00    0.83670E+06    0.82653E+02
   438   -0.71625E+01    0.13609E+00    0.57303E+00    0.84764E+06    0.82108E+02
   439   -0.67799E+01    0.12997E+00    0.55891E+00    0.85829E+06    0.81567E+02
   440   -0.64009E+01    0.12227E+00    0.54125E+00    0.86865E+06    0.81031E+02
   441   -0.59436E+01    0.11366E+00    0.51708E+00    0.87868E+06    0.80500E+02
   442   -0.55486E+01    0.10406E+00    0.48794E+00    0.88838E+06    0.79972E+02
   443   -0.49856E+01    0.94122E-01    0.45235E+00    0.89771E+06    0.79449E+02
   444   -0.43952E+01    0.83765E-01    0.41109E+00    0.90666E+06    0.78931E+02
   445   -0.37699E+01    0.70679E-01    0.36271E+00    0.91521E+06    0.78416E+02
   446   -0.31762E+01    0.58492E-01    0.30797E+00    0.92332E+06    0.77906E+02
   447   -0.24578E+01    0.45638E-01    0.24393E+00    0.93099E+06    0.77400E+02
   448   -0.17556E+01    0.30545E-01    0.17136E+00    0.93819E+06    0.76898E+02
   449   -0.91319E+00    0.15360E-01    0.91029E-01    0.94489E+06    0.76401E+02
   450    0.27339E-02    0.00000E+00    0.00000E+00    0.95109E+06    0.75907E+02
   451    0.92458E+00   -0.17093E-01   -0.99948E-01    0.95675E+06    0.75417E+02
   452    0.18547E+01   -0.34455E-01   -0.21041E+00    0.96189E+06    0.74931E+02
   453    0.29432E+01   -0.52095E-01   -0.32828E+00    0.96652E+06    0.74449E+02
   454    0.39683E+01   -0.70766E-01   -0.45412E+00    0.97064E+06    0.73970E+02
   455    0.50058E+01   -0.89735E-01   -0.58705E+00    0.97428E+06    0.73496E+02
   456    0.62056E+01   -0.10975E+00   -0.71948E+00    0.97743E+06    0.73024E+02
   457    0.72719E+01   -0.12935E+00   -0.86463E+00    0.98011E+06    0.72557E+02
   458    0.84289E+01   -0.14927E+00   -0.10030E+01    0.98234E+06    0.72092E+02
   459    0.96036E+01   -0.16878E+00   -0.11494E+01    0.98411E+06    0.71632E+02
   460    0.10797E+02   -0.18938E+00   -0.12969E+01    0.98544E+06    0.71174E+02
   461    0.11937E+02   -0.20960E+00   -0.14453E+01    0.98635E+06    0.70719E+02
   462    0.13099E+02   -0.23018E+00   -0.15879E+01    0.98684E+06    0.70268E+02
   463    0.14210E+02   -0.24965E+00   -0.17422E+01    0.98693E+06    0.69820E+02
   464    0.15271E+02   -0.26877E+00   -0.18778E+01    0.98662E+06    0.69374E+02
   465    0.16283E+02   -0.28753E+00   -0.20233E+01    0.98592E+06    0.68932E+02
   466    0.17323E+02   -0.30670E+00   -0.21557E+01    0.98485E+06    0.68492E+02
   467    0.18391E+02   -0.32480E+00   -0.22888E+01    0.98342E+06    0.68055E+02
   468    0.19340E+02   -0.34183E+00   -0.24144E+01    0.98164E+06    0.67621E+02
   469    0.20246E+02   -0.35930E+00   -0.25390E+01    0.97951E+06    0.67189E+02
   470    0.21185E+02   -0.37498E+00   -0.26542E+01    0.97705E+06    0.66759E+02
   471    0.21861E+02   -0.38889E+00   -0.27592E+01    0.97427E+06    0.66332E+02
   472    0.22646E+02   -0.40251E+00   -0.28606E+01    0.97118E+06    0.65908E+02
   473    0.23319E+02   -0.41513E+00   -0.29498E+01    0.96779E+06    0.65485E+02
   474    0.23956E+02   -0.42599E+00   -0.30336E+01    0.96412E+06    0.65065E+02
   475    0.24558E+02   -0.43661E+00   -0.31036E+01    0.96016E+06    0.64646E+02
   476    0.24977E+02   -0.44475E+00   -0.31610E+01    0.95594E+06    0.64230E+02
   477    0.25290E+02   -0.45192E+00   -0.32148E+01    0.95146E+06    0.63816E+02
   478    0.25572E+02   -0.45812E+00   -0.32453E+01    0.94674E+06    0.63403E+02
   479    0.25750E+02   -0.46188E+00   -0.32762E+01    0.94178E+06    0.62992E+02
   480    0.25826E+02   -0.46395E+00   -0.32874E+01    0.93659E+06    0.62583E+02
   481    0.25801E+02   -0.46435E+00   -0.32816E+01    0.93119E+06    0.62176E+02
   482    0.25749E+02   -0.46233E+00   -0.32638E+01    0.92559E+06    0.61770E+02
   483    0.25451E+02   -0.45865E+00   -0.32355E+01    0.91980E+06    0.61365E+02
   484    0.24981E+02   -0.45258E+00   -0.31897E+01    0.91382E+06    0.60962E+02
   485    0.24564E+02   -0.44487E+00   -0.31271E+01    0.90768E+06    0.60560E+02
   486    0.23979E+02   -0.43404E+00   -0.30489E+01    0.90137E+06    0.60159E+02
   487    0.23226E+02   -0.42085E+00   -0.29543E+01    0.89492E+06    0.59759E+02
   488    0.22306E+02   -0.40604E+00   -0.28417E+01    0.88832E+06    0.59361E+02
   489    0.21297E+02   -0.38815E+00   -0.27116E+01    0.88160E+06    0.58963E+02
   490    0.20198E+02   -0.36718E+00   -0.25625E+01    0.87476E+06    0.58566E+02
   491    0.18789E+02   -0.34389E+00   -0.23962E+01    0.86781E+06    0.58170E+02
   492    0.17367E+02   -0.31754E+00   -0.22113E+01    0.86076E+06    0.57775E+02
   493    0.15787E+02   -0.28962E+00   -0.20054E+01    0.85364E+06    0.57380E+02
   494    0.14048E+02   -0.25718E+00   -0.17812E+01    0.84643E+06    0.56986E+02
   495    0.12078E+02   -0.22245E+00   -0.15364E+01    0.83916E+06    0.56593E+02
   496    0.99534E+01   -0.18396E+00   -0.12716E+01    0.83184E+06    0.56200E+02
   497    0.76745E+01   -0.14246E+00   -0.98510E+00    0.82448E+06    0.55807E+02
   498    0.52429E+01   -0.98705E-01   -0.67901E+00    0.81708E+06    0.55414E+02
   499    0.27344E+01   -0.50472E-01   -0.34946E+00    0.80966E+06    0.55021E+02
   500    0.17611E-02    0.00000E+00    0.00000E+00    0.80223E+06    0.54629E+02
