#           k/h    P           
    0.73812E-04    0.34122E+03
    0.10301E-03    0.47090E+03
    0.14377E-03    0.64978E+03
    0.20064E-03    0.89639E+03
    0.28002E-03    0.12361E+04
    0.39079E-03    0.17030E+04
    0.54540E-03    0.23430E+04
    0.76116E-03    0.32153E+04
    0.10623E-02    0.43948E+04
    0.14825E-02    0.59702E+04
    0.20691E-02    0.80350E+04
    0.28876E-02    0.10667E+05
    0.40300E-02    0.13885E+05
    0.41666E-02    0.14237E+05
    0.43078E-02    0.14594E+05
    0.44538E-02    0.14955E+05
    0.46048E-02    0.15320E+05
    0.47609E-02    0.15690E+05
    0.49222E-02    0.16063E+05
    0.50891E-02    0.16440E+05
    0.52616E-02    0.16820E+05
    0.54399E-02    0.17203E+05
    0.56243E-02    0.17588E+05
    0.58149E-02    0.17975E+05
    0.60120E-02    0.18364E+05
    0.62158E-02    0.18754E+05
    0.64265E-02    0.19144E+05
    0.66443E-02    0.19533E+05
    0.68695E-02    0.19923E+05
    0.71024E-02    0.20310E+05
    0.73431E-02    0.20696E+05
    0.75920E-02    0.21079E+05
    0.78493E-02    0.21458E+05
    0.81154E-02    0.21833E+05
    0.83905E-02    0.22202E+05
    0.86748E-02    0.22566E+05
    0.89689E-02    0.22922E+05
    0.92729E-02    0.23270E+05
    0.95872E-02    0.23610E+05
    0.99121E-02    0.23939E+05
    0.10248E-01    0.24257E+05
    0.10595E-01    0.24562E+05
    0.10955E-01    0.24854E+05
    0.11326E-01    0.25131E+05
    0.11710E-01    0.25392E+05
    0.12107E-01    0.25635E+05
    0.12517E-01    0.25860E+05
    0.12941E-01    0.26064E+05
    0.13380E-01    0.26247E+05
    0.13834E-01    0.26408E+05
    0.14302E-01    0.26544E+05
    0.14787E-01    0.26654E+05
    0.15288E-01    0.26738E+05
    0.15807E-01    0.26793E+05
    0.16342E-01    0.26819E+05
    0.16896E-01    0.26814E+05
    0.17469E-01    0.26777E+05
    0.18061E-01    0.26707E+05
    0.18673E-01    0.26603E+05
    0.19306E-01    0.26465E+05
    0.19961E-01    0.26291E+05
    0.20637E-01    0.26082E+05
    0.21337E-01    0.25837E+05
    0.22060E-01    0.25555E+05
    0.22808E-01    0.25239E+05
    0.23581E-01    0.24887E+05
    0.24380E-01    0.24502E+05
    0.25206E-01    0.24084E+05
    0.26061E-01    0.23634E+05
    0.26944E-01    0.23156E+05
    0.27857E-01    0.22650E+05
    0.28802E-01    0.22121E+05
    0.29778E-01    0.21571E+05
    0.30787E-01    0.21004E+05
    0.31831E-01    0.20423E+05
    0.32909E-01    0.19833E+05
    0.34025E-01    0.19238E+05
    0.35178E-01    0.18642E+05
    0.36371E-01    0.18051E+05
    0.37603E-01    0.17465E+05
    0.38878E-01    0.16887E+05
    0.40196E-01    0.16327E+05
    0.41558E-01    0.15789E+05
    0.42967E-01    0.15278E+05
    0.44423E-01    0.14797E+05
    0.45929E-01    0.14347E+05
    0.47486E-01    0.13929E+05
    0.49095E-01    0.13542E+05
    0.50759E-01    0.13183E+05
    0.52480E-01    0.12851E+05
    0.54259E-01    0.12541E+05
    0.56098E-01    0.12250E+05
    0.57999E-01    0.11978E+05
    0.60733E-01    0.11638E+05
    0.63467E-01    0.11296E+05
    0.66200E-01    0.10950E+05
    0.68934E-01    0.10587E+05
    0.71668E-01    0.10199E+05
    0.74402E-01    0.97820E+04
    0.77135E-01    0.93409E+04
    0.79869E-01    0.88830E+04
    0.82603E-01    0.84183E+04
    0.85337E-01    0.79575E+04
    0.88071E-01    0.75108E+04
    0.90804E-01    0.70870E+04
    0.93538E-01    0.66940E+04
    0.96272E-01    0.63374E+04
    0.99006E-01    0.60213E+04
    0.10174E+00    0.57469E+04
    0.10447E+00    0.55134E+04
    0.10721E+00    0.53174E+04
    0.10994E+00    0.51542E+04
    0.11267E+00    0.50181E+04
    0.11541E+00    0.49028E+04
    0.11814E+00    0.48022E+04
    0.12088E+00    0.47101E+04
    0.12361E+00    0.46206E+04
    0.12634E+00    0.45281E+04
    0.12908E+00    0.44283E+04
    0.13181E+00    0.43182E+04
    0.13454E+00    0.41964E+04
    0.13728E+00    0.40639E+04
    0.14001E+00    0.39229E+04
    0.14275E+00    0.37764E+04
    0.14548E+00    0.36280E+04
    0.14821E+00    0.34807E+04
    0.15095E+00    0.33375E+04
    0.15368E+00    0.32008E+04
    0.15641E+00    0.30728E+04
    0.15915E+00    0.29554E+04
    0.16188E+00    0.28500E+04
    0.16462E+00    0.27572E+04
    0.16735E+00    0.26770E+04
    0.17008E+00    0.26084E+04
    0.17282E+00    0.25499E+04
    0.17555E+00    0.24995E+04
    0.17828E+00    0.24550E+04
    0.18102E+00    0.24145E+04
    0.18375E+00    0.23759E+04
    0.18649E+00    0.23378E+04
    0.18922E+00    0.22987E+04
    0.19195E+00    0.22574E+04
    0.19469E+00    0.22132E+04
    0.19742E+00    0.21656E+04
    0.20015E+00    0.21146E+04
    0.20289E+00    0.20607E+04
    0.20562E+00    0.20045E+04
    0.20836E+00    0.19470E+04
    0.21109E+00    0.18892E+04
    0.21382E+00    0.18323E+04
    0.21656E+00    0.17771E+04
    0.22522E+00    0.16223E+04
    0.23423E+00    0.15030E+04
    0.24359E+00    0.14161E+04
    0.25334E+00    0.13410E+04
    0.26347E+00    0.12571E+04
    0.27401E+00    0.11587E+04
    0.28496E+00    0.10583E+04
    0.29636E+00    0.97314E+03
    0.30821E+00    0.90692E+03
    0.32054E+00    0.84948E+03
    0.33336E+00    0.78821E+03
    0.34669E+00    0.72340E+03
    0.36056E+00    0.66440E+03
    0.37498E+00    0.61562E+03
    0.38998E+00    0.57169E+03
    0.40558E+00    0.52711E+03
    0.42180E+00    0.48402E+03
    0.43867E+00    0.44631E+03
    0.45621E+00    0.41241E+03
    0.47446E+00    0.37958E+03
    0.49343E+00    0.34879E+03
    0.51317E+00    0.32120E+03
    0.53369E+00    0.29559E+03
    0.55504E+00    0.27148E+03
    0.57723E+00    0.24947E+03
    0.60032E+00    0.22920E+03
    0.62433E+00    0.21034E+03
    0.64930E+00    0.19304E+03
    0.81088E+00    0.11773E+03
    0.10127E+01    0.70963E+02
    0.12647E+01    0.42322E+02
    0.15794E+01    0.25000E+02
    0.19724E+01    0.14641E+02
    0.24632E+01    0.85074E+01
    0.30762E+01    0.49083E+01
    0.38417E+01    0.28136E+01
    0.47977E+01    0.16033E+01
    0.59916E+01    0.90869E+00
    0.74826E+01    0.51246E+00
    0.93447E+01    0.28769E+00
    0.11670E+02    0.16082E+00
