#          k/h    CDM            baryon         photon         nu             mass_nu        total          no_nu          total_de       Weyl           v_CDM          v_b            v_b-v_c     
   0.738116E-04   0.198220E+08   0.198220E+08   0.257289E+08   0.257279E+08   0.000000E+00   0.198220E+08   0.198220E+08   0.198296E+08  -0.471071E+00   0.103558E+08   0.103558E+08   0.407734E-01
   0.103012E-03   0.198207E+08   0.198207E+08   0.250791E+08   0.250771E+08   0.000000E+00   0.198207E+08   0.198207E+08   0.198281E+08  -0.471032E+00   0.103551E+08   0.103551E+08   0.568341E-01
   0.143765E-03   0.198183E+08   0.198183E+08   0.238562E+08   0.238527E+08   0.000000E+00   0.198183E+08   0.198183E+08   0.198253E+08  -0.470958E+00   0.103538E+08   0.103538E+08   0.791350E-01
   0.200641E-03   0.198135E+08   0.198135E+08   0.216298E+08   0.216238E+08   0.000000E+00   0.198135E+08   0.198135E+08   0.198198E+08  -0.470815E+00   0.103513E+08   0.103513E+08   0.109954E+00
   0.280017E-03   0.198043E+08   0.198043E+08   0.178324E+08   0.178234E+08   0.000000E+00   0.198043E+08   0.198043E+08   0.198095E+08  -0.470545E+00   0.103464E+08   0.103464E+08   0.152187E+00
   0.390795E-03   0.197870E+08   0.197869E+08   0.121517E+08   0.121419E+08   0.000000E+00   0.197870E+08   0.197870E+08   0.197905E+08  -0.470052E+00   0.103372E+08   0.103372E+08   0.209248E+00
   0.545398E-03   0.197551E+08   0.197550E+08   0.568017E+07   0.567667E+07   0.000000E+00   0.197551E+08   0.197551E+08   0.197567E+08  -0.469186E+00   0.103203E+08   0.103203E+08   0.284751E+00
   0.761165E-03   0.196986E+08   0.196985E+08   0.165596E+07   0.166041E+07   0.000000E+00   0.196985E+08   0.196985E+08   0.196990E+08  -0.467748E+00   0.102903E+08   0.102903E+08   0.382594E+00
   0.106229E-02   0.196030E+08   0.196029E+08   0.926121E+06   0.922160E+06   0.000000E+00   0.196030E+08   0.196030E+08   0.196033E+08  -0.465435E+00   0.102398E+08   0.102398E+08   0.508362E+00
   0.148255E-02   0.194479E+08   0.194477E+08   0.223183E+06   0.214810E+06   0.000000E+00   0.194479E+08   0.194479E+08   0.194480E+08  -0.461734E+00   0.101585E+08   0.101585E+08   0.670455E+00
   0.206906E-02   0.192045E+08   0.192040E+08  -0.114540E+06  -0.114583E+06   0.000000E+00   0.192044E+08   0.192044E+08   0.192044E+08  -0.455941E+00   0.100312E+08   0.100312E+08   0.878851E+00
   0.288761E-02   0.188345E+08   0.188335E+08  -0.576637E+05  -0.576856E+05   0.000000E+00   0.188343E+08   0.188343E+08   0.188343E+08  -0.447152E+00   0.983774E+07   0.983773E+07   0.114593E+01
   0.402998E-02   0.182915E+08   0.182897E+08  -0.287492E+05  -0.287601E+05   0.000000E+00   0.182912E+08   0.182912E+08   0.182912E+08  -0.434256E+00   0.955399E+07   0.955398E+07   0.148627E+01
   0.416658E-02   0.182257E+08   0.182238E+08  -0.267982E+05  -0.268083E+05   0.000000E+00   0.182254E+08   0.182254E+08   0.182254E+08  -0.432693E+00   0.951962E+07   0.951960E+07   0.152494E+01
   0.430780E-02   0.181576E+08   0.181556E+08  -0.249761E+05  -0.249855E+05   0.000000E+00   0.181573E+08   0.181573E+08   0.181573E+08  -0.431076E+00   0.948403E+07   0.948401E+07   0.156451E+01
   0.445382E-02   0.180872E+08   0.180850E+08  -0.232745E+05  -0.232833E+05   0.000000E+00   0.180868E+08   0.180868E+08   0.180868E+08  -0.429403E+00   0.944722E+07   0.944720E+07   0.160500E+01
   0.460478E-02   0.180143E+08   0.180120E+08  -0.216856E+05  -0.216938E+05   0.000000E+00   0.180139E+08   0.180139E+08   0.180139E+08  -0.427672E+00   0.940914E+07   0.940912E+07   0.164643E+01
   0.476086E-02   0.179390E+08   0.179365E+08  -0.202020E+05  -0.202097E+05   0.000000E+00   0.179386E+08   0.179386E+08   0.179386E+08  -0.425883E+00   0.936978E+07   0.936976E+07   0.168881E+01
   0.492223E-02   0.178611E+08   0.178585E+08  -0.188170E+05  -0.188241E+05   0.000000E+00   0.178607E+08   0.178607E+08   0.178607E+08  -0.424034E+00   0.932910E+07   0.932907E+07   0.173214E+01
   0.508907E-02   0.177807E+08   0.177779E+08  -0.175241E+05  -0.175307E+05   0.000000E+00   0.177802E+08   0.177802E+08   0.177802E+08  -0.422124E+00   0.928707E+07   0.928704E+07   0.177645E+01
   0.526156E-02   0.176976E+08   0.176946E+08  -0.163172E+05  -0.163234E+05   0.000000E+00   0.176971E+08   0.176971E+08   0.176971E+08  -0.420151E+00   0.924366E+07   0.924363E+07   0.182173E+01
   0.543990E-02   0.176118E+08   0.176087E+08  -0.151908E+05  -0.151966E+05   0.000000E+00   0.176113E+08   0.176113E+08   0.176113E+08  -0.418114E+00   0.919885E+07   0.919882E+07   0.186801E+01
   0.562429E-02   0.175233E+08   0.175200E+08  -0.141396E+05  -0.141450E+05   0.000000E+00   0.175228E+08   0.175228E+08   0.175228E+08  -0.416012E+00   0.915260E+07   0.915257E+07   0.191529E+01
   0.581492E-02   0.174320E+08   0.174285E+08  -0.131587E+05  -0.131637E+05   0.000000E+00   0.174315E+08   0.174315E+08   0.174315E+08  -0.413844E+00   0.910490E+07   0.910487E+07   0.196357E+01
   0.601202E-02   0.173379E+08   0.173341E+08  -0.122435E+05  -0.122482E+05   0.000000E+00   0.173373E+08   0.173373E+08   0.173373E+08  -0.411608E+00   0.905570E+07   0.905567E+07   0.201287E+01
   0.621580E-02   0.172408E+08   0.172368E+08  -0.113898E+05  -0.113941E+05   0.000000E+00   0.172402E+08   0.172402E+08   0.172402E+08  -0.409303E+00   0.900499E+07   0.900495E+07   0.206317E+01
   0.642648E-02   0.171408E+08   0.171365E+08  -0.105933E+05  -0.105973E+05   0.000000E+00   0.171401E+08   0.171401E+08   0.171401E+08  -0.406927E+00   0.895272E+07   0.895268E+07   0.211449E+01
   0.664431E-02   0.170378E+08   0.170332E+08  -0.985051E+04  -0.985425E+04   0.000000E+00   0.170371E+08   0.170371E+08   0.170371E+08  -0.404480E+00   0.889888E+07   0.889884E+07   0.216682E+01
   0.686952E-02   0.169317E+08   0.169268E+08  -0.915779E+04  -0.916127E+04   0.000000E+00   0.169309E+08   0.169309E+08   0.169309E+08  -0.401960E+00   0.884344E+07   0.884339E+07   0.222014E+01
   0.710236E-02   0.168225E+08   0.168173E+08  -0.851187E+04  -0.851510E+04   0.000000E+00   0.168216E+08   0.168216E+08   0.168216E+08  -0.399366E+00   0.878636E+07   0.878631E+07   0.227446E+01
   0.734310E-02   0.167101E+08   0.167046E+08  -0.790967E+04  -0.791267E+04   0.000000E+00   0.167092E+08   0.167092E+08   0.167092E+08  -0.396696E+00   0.872762E+07   0.872757E+07   0.232976E+01
   0.759199E-02   0.165944E+08   0.165886E+08  -0.734830E+04  -0.735109E+04   0.000000E+00   0.165935E+08   0.165935E+08   0.165935E+08  -0.393949E+00   0.866719E+07   0.866714E+07   0.238602E+01
   0.784933E-02   0.164755E+08   0.164693E+08  -0.682509E+04  -0.682768E+04   0.000000E+00   0.164745E+08   0.164745E+08   0.164745E+08  -0.391124E+00   0.860504E+07   0.860498E+07   0.244322E+01
   0.811538E-02   0.163532E+08   0.163466E+08  -0.633750E+04  -0.633990E+04   0.000000E+00   0.163522E+08   0.163522E+08   0.163522E+08  -0.388220E+00   0.854114E+07   0.854108E+07   0.250132E+01
   0.839045E-02   0.162276E+08   0.162206E+08  -0.588319E+04  -0.588542E+04   0.000000E+00   0.162264E+08   0.162264E+08   0.162264E+08  -0.385235E+00   0.847547E+07   0.847541E+07   0.256030E+01
   0.867485E-02   0.160985E+08   0.160910E+08  -0.545994E+04  -0.546201E+04   0.000000E+00   0.160973E+08   0.160973E+08   0.160973E+08  -0.382168E+00   0.840800E+07   0.840793E+07   0.262012E+01
   0.896888E-02   0.159659E+08   0.159579E+08  -0.506571E+04  -0.506763E+04   0.000000E+00   0.159646E+08   0.159646E+08   0.159646E+08  -0.379018E+00   0.833869E+07   0.833862E+07   0.268072E+01
   0.927288E-02   0.158297E+08   0.158213E+08  -0.469856E+04  -0.470034E+04   0.000000E+00   0.158283E+08   0.158283E+08   0.158283E+08  -0.375783E+00   0.826753E+07   0.826745E+07   0.274205E+01
   0.958719E-02   0.156899E+08   0.156810E+08  -0.435669E+04  -0.435835E+04   0.000000E+00   0.156885E+08   0.156885E+08   0.156885E+08  -0.372463E+00   0.819448E+07   0.819440E+07   0.280405E+01
   0.991215E-02   0.155465E+08   0.155370E+08  -0.403843E+04  -0.403996E+04   0.000000E+00   0.155449E+08   0.155449E+08   0.155449E+08  -0.369055E+00   0.811951E+07   0.811943E+07   0.286663E+01
   0.102481E-01   0.153993E+08   0.153893E+08  -0.374219E+04  -0.374361E+04   0.000000E+00   0.153977E+08   0.153977E+08   0.153977E+08  -0.365560E+00   0.804260E+07   0.804251E+07   0.292972E+01
   0.105955E-01   0.152484E+08   0.152378E+08  -0.346652E+04  -0.346783E+04   0.000000E+00   0.152467E+08   0.152467E+08   0.152467E+08  -0.361975E+00   0.796373E+07   0.796363E+07   0.299322E+01
   0.109546E-01   0.150937E+08   0.150824E+08  -0.321002E+04  -0.321124E+04   0.000000E+00   0.150919E+08   0.150919E+08   0.150919E+08  -0.358299E+00   0.788286E+07   0.788276E+07   0.305703E+01
   0.113259E-01   0.149351E+08   0.149231E+08  -0.297142E+04  -0.297255E+04   0.000000E+00   0.149332E+08   0.149332E+08   0.149332E+08  -0.354531E+00   0.779997E+07   0.779986E+07   0.312101E+01
   0.117098E-01   0.147726E+08   0.147599E+08  -0.274951E+04  -0.275056E+04   0.000000E+00   0.147706E+08   0.147706E+08   0.147706E+08  -0.350671E+00   0.771503E+07   0.771492E+07   0.318503E+01
   0.121067E-01   0.146062E+08   0.145928E+08  -0.254319E+04  -0.254415E+04   0.000000E+00   0.146040E+08   0.146040E+08   0.146040E+08  -0.346716E+00   0.762803E+07   0.762792E+07   0.324895E+01
   0.125171E-01   0.144357E+08   0.144215E+08  -0.235138E+04  -0.235227E+04   0.000000E+00   0.144334E+08   0.144334E+08   0.144334E+08  -0.342667E+00   0.753894E+07   0.753882E+07   0.331259E+01
   0.129414E-01   0.142612E+08   0.142462E+08  -0.217312E+04  -0.217395E+04   0.000000E+00   0.142588E+08   0.142588E+08   0.142588E+08  -0.338521E+00   0.744774E+07   0.744761E+07   0.337577E+01
   0.133800E-01   0.140827E+08   0.140668E+08  -0.200750E+04  -0.200826E+04   0.000000E+00   0.140801E+08   0.140801E+08   0.140801E+08  -0.334279E+00   0.735441E+07   0.735427E+07   0.343828E+01
   0.138335E-01   0.139000E+08   0.138833E+08  -0.185365E+04  -0.185435E+04   0.000000E+00   0.138973E+08   0.138973E+08   0.138973E+08  -0.329939E+00   0.725893E+07   0.725878E+07   0.349989E+01
   0.143024E-01   0.137133E+08   0.136956E+08  -0.171078E+04  -0.171143E+04   0.000000E+00   0.137104E+08   0.137104E+08   0.137104E+08  -0.325501E+00   0.716129E+07   0.716114E+07   0.356037E+01
   0.147872E-01   0.135223E+08   0.135037E+08  -0.157814E+04  -0.157874E+04   0.000000E+00   0.135193E+08   0.135193E+08   0.135193E+08  -0.320965E+00   0.706149E+07   0.706133E+07   0.361945E+01
   0.152884E-01   0.133273E+08   0.133076E+08  -0.145505E+04  -0.145560E+04   0.000000E+00   0.133241E+08   0.133241E+08   0.133241E+08  -0.316329E+00   0.695951E+07   0.695934E+07   0.367682E+01
   0.158066E-01   0.131280E+08   0.131073E+08  -0.134084E+04  -0.134134E+04   0.000000E+00   0.131247E+08   0.131247E+08   0.131247E+08  -0.311595E+00   0.685535E+07   0.685518E+07   0.373218E+01
   0.163424E-01   0.129246E+08   0.129029E+08  -0.123491E+04  -0.123538E+04   0.000000E+00   0.129211E+08   0.129211E+08   0.129211E+08  -0.306762E+00   0.674902E+07   0.674884E+07   0.378518E+01
   0.168963E-01   0.127171E+08   0.126942E+08  -0.113670E+04  -0.113713E+04   0.000000E+00   0.127134E+08   0.127134E+08   0.127134E+08  -0.301831E+00   0.664053E+07   0.664034E+07   0.383546E+01
   0.174690E-01   0.125054E+08   0.124814E+08  -0.104567E+04  -0.104607E+04   0.000000E+00   0.125016E+08   0.125016E+08   0.125016E+08  -0.296802E+00   0.652990E+07   0.652969E+07   0.388262E+01
   0.180611E-01   0.122898E+08   0.122646E+08  -0.961344E+03  -0.961709E+03   0.000000E+00   0.122857E+08   0.122857E+08   0.122857E+08  -0.291677E+00   0.641714E+07   0.641693E+07   0.392624E+01
   0.186733E-01   0.120701E+08   0.120437E+08  -0.883252E+03  -0.883587E+03   0.000000E+00   0.120658E+08   0.120658E+08   0.120658E+08  -0.286457E+00   0.630230E+07   0.630208E+07   0.396589E+01
   0.193062E-01   0.118465E+08   0.118189E+08  -0.810967E+03  -0.811275E+03   0.000000E+00   0.118421E+08   0.118421E+08   0.118421E+08  -0.281144E+00   0.618543E+07   0.618519E+07   0.400108E+01
   0.199606E-01   0.116192E+08   0.115903E+08  -0.744089E+03  -0.744371E+03   0.000000E+00   0.116145E+08   0.116145E+08   0.116145E+08  -0.275742E+00   0.606657E+07   0.606633E+07   0.403133E+01
   0.206372E-01   0.113882E+08   0.113580E+08  -0.682245E+03  -0.682504E+03   0.000000E+00   0.113833E+08   0.113833E+08   0.113833E+08  -0.270253E+00   0.594580E+07   0.594555E+07   0.405612E+01
   0.213367E-01   0.111537E+08   0.111222E+08  -0.625087E+03  -0.625324E+03   0.000000E+00   0.111486E+08   0.111486E+08   0.111486E+08  -0.264680E+00   0.582320E+07   0.582294E+07   0.407490E+01
   0.220599E-01   0.109158E+08   0.108831E+08  -0.572291E+03  -0.572508E+03   0.000000E+00   0.109106E+08   0.109106E+08   0.109106E+08  -0.259030E+00   0.569889E+07   0.569862E+07   0.408713E+01
   0.228076E-01   0.106750E+08   0.106409E+08  -0.523554E+03  -0.523753E+03   0.000000E+00   0.106695E+08   0.106695E+08   0.106695E+08  -0.253306E+00   0.557296E+07   0.557268E+07   0.409224E+01
   0.235807E-01   0.104313E+08   0.103960E+08  -0.478595E+03  -0.478776E+03   0.000000E+00   0.104256E+08   0.104256E+08   0.104256E+08  -0.247516E+00   0.544558E+07   0.544529E+07   0.408966E+01
   0.243800E-01   0.101851E+08   0.101485E+08  -0.437149E+03  -0.437315E+03   0.000000E+00   0.101792E+08   0.101792E+08   0.101792E+08  -0.241666E+00   0.531688E+07   0.531658E+07   0.407881E+01
   0.252063E-01   0.993673E+07   0.989895E+07  -0.398972E+03  -0.399123E+03   0.000000E+00   0.993064E+07   0.993064E+07   0.993064E+07  -0.235765E+00   0.518705E+07   0.518675E+07   0.405911E+01
   0.260607E-01   0.968660E+07   0.964764E+07  -0.363834E+03  -0.363972E+03   0.000000E+00   0.968032E+07   0.968032E+07   0.968032E+07  -0.229822E+00   0.505631E+07   0.505599E+07   0.403002E+01
   0.269440E-01   0.943514E+07   0.939506E+07  -0.331523E+03  -0.331649E+03   0.000000E+00   0.942868E+07   0.942868E+07   0.942868E+07  -0.223848E+00   0.492487E+07   0.492455E+07   0.399101E+01
   0.278573E-01   0.918283E+07   0.914170E+07  -0.301838E+03  -0.301953E+03   0.000000E+00   0.917620E+07   0.917620E+07   0.917620E+07  -0.217854E+00   0.479299E+07   0.479266E+07   0.394158E+01
   0.288015E-01   0.893021E+07   0.888812E+07  -0.274595E+03  -0.274699E+03   0.000000E+00   0.892342E+07   0.892342E+07   0.892342E+07  -0.211852E+00   0.466096E+07   0.466063E+07   0.388129E+01
   0.297777E-01   0.867787E+07   0.863492E+07  -0.249618E+03  -0.249713E+03   0.000000E+00   0.867094E+07   0.867094E+07   0.867094E+07  -0.205858E+00   0.452909E+07   0.452875E+07   0.380976E+01
   0.307871E-01   0.842644E+07   0.838275E+07  -0.226746E+03  -0.226832E+03   0.000000E+00   0.841939E+07   0.841939E+07   0.841939E+07  -0.199886E+00   0.439770E+07   0.439736E+07   0.372669E+01
   0.318306E-01   0.817662E+07   0.813232E+07  -0.205827E+03  -0.205905E+03   0.000000E+00   0.816947E+07   0.816947E+07   0.816947E+07  -0.193953E+00   0.426716E+07   0.426681E+07   0.363188E+01
   0.329095E-01   0.792912E+07   0.788437E+07  -0.186718E+03  -0.186789E+03   0.000000E+00   0.792191E+07   0.792191E+07   0.792191E+07  -0.188075E+00   0.413785E+07   0.413750E+07   0.352526E+01
   0.340250E-01   0.768473E+07   0.763968E+07  -0.169287E+03  -0.169351E+03   0.000000E+00   0.767746E+07   0.767746E+07   0.767746E+07  -0.182272E+00   0.401017E+07   0.400982E+07   0.340686E+01
   0.351782E-01   0.744421E+07   0.739907E+07  -0.153408E+03  -0.153466E+03   0.000000E+00   0.743693E+07   0.743693E+07   0.743693E+07  -0.176561E+00   0.388454E+07   0.388419E+07   0.327691E+01
   0.363706E-01   0.720838E+07   0.716333E+07  -0.138964E+03  -0.139016E+03   0.000000E+00   0.720111E+07   0.720111E+07   0.720111E+07  -0.170963E+00   0.376136E+07   0.376102E+07   0.313580E+01
   0.376034E-01   0.697716E+07   0.693242E+07  -0.125828E+03  -0.125876E+03   0.000000E+00   0.696994E+07   0.696994E+07   0.696994E+07  -0.165474E+00   0.364062E+07   0.364028E+07   0.298419E+01
   0.388780E-01   0.675131E+07   0.670712E+07  -0.113901E+03  -0.113944E+03   0.000000E+00   0.674418E+07   0.674418E+07   0.674418E+07  -0.160115E+00   0.352270E+07   0.352237E+07   0.282287E+01
   0.401957E-01   0.653243E+07   0.648901E+07  -0.103099E+03  -0.103138E+03   0.000000E+00   0.652543E+07   0.652543E+07   0.652543E+07  -0.154921E+00   0.340843E+07   0.340811E+07   0.265280E+01
   0.415582E-01   0.632139E+07   0.627898E+07  -0.933327E+02  -0.933681E+02   0.000000E+00   0.631455E+07   0.631455E+07   0.631455E+07  -0.149915E+00   0.329828E+07   0.329798E+07   0.247521E+01
   0.429668E-01   0.611890E+07   0.607773E+07  -0.845161E+02  -0.845481E+02   0.000000E+00   0.611226E+07   0.611226E+07   0.611226E+07  -0.145112E+00   0.319262E+07   0.319233E+07   0.229159E+01
   0.444232E-01   0.592546E+07   0.588577E+07  -0.765660E+02  -0.765951E+02   0.000000E+00   0.591906E+07   0.591906E+07   0.591906E+07  -0.140525E+00   0.309171E+07   0.309143E+07   0.210370E+01
   0.459289E-01   0.574133E+07   0.570335E+07  -0.694029E+02  -0.694293E+02   0.000000E+00   0.573520E+07   0.573520E+07   0.573520E+07  -0.136160E+00   0.299567E+07   0.299541E+07   0.191352E+01
   0.474857E-01   0.556650E+07   0.553042E+07  -0.629509E+02  -0.629747E+02   0.000000E+00   0.556068E+07   0.556068E+07   0.556068E+07  -0.132017E+00   0.290451E+07   0.290427E+07   0.172326E+01
   0.490952E-01   0.540068E+07   0.536669E+07  -0.571381E+02  -0.571597E+02   0.000000E+00   0.539520E+07   0.539520E+07   0.539520E+07  -0.128088E+00   0.281807E+07   0.281785E+07   0.153530E+01
   0.507593E-01   0.524337E+07   0.521160E+07  -0.518977E+02  -0.519174E+02   0.000000E+00   0.523825E+07   0.523825E+07   0.523825E+07  -0.124362E+00   0.273609E+07   0.273588E+07   0.135216E+01
   0.524798E-01   0.509387E+07   0.506444E+07  -0.471681E+02  -0.471860E+02   0.000000E+00   0.508912E+07   0.508912E+07   0.508912E+07  -0.120822E+00   0.265820E+07   0.265801E+07   0.117641E+01
   0.542586E-01   0.495140E+07   0.492436E+07  -0.428938E+02  -0.429100E+02   0.000000E+00   0.494704E+07   0.494704E+07   0.494704E+07  -0.117449E+00   0.258398E+07   0.258382E+07   0.101067E+01
   0.560977E-01   0.481514E+07   0.479048E+07  -0.390249E+02  -0.390397E+02   0.000000E+00   0.481116E+07   0.481116E+07   0.481116E+07  -0.114223E+00   0.251300E+07   0.251286E+07   0.857403E+00
   0.579991E-01   0.468497E+07   0.466265E+07  -0.355228E+02  -0.355363E+02   0.000000E+00   0.468137E+07   0.468137E+07   0.468137E+07  -0.111141E+00   0.244521E+07   0.244508E+07   0.718894E+00
   0.607329E-01   0.451597E+07   0.449666E+07  -0.312303E+02  -0.312421E+02   0.000000E+00   0.451286E+07   0.451286E+07   0.451286E+07  -0.107140E+00   0.235719E+07   0.235708E+07   0.555078E+00
   0.634666E-01   0.435520E+07   0.433842E+07  -0.275813E+02  -0.275918E+02   0.000000E+00   0.435250E+07   0.435250E+07   0.435250E+07  -0.103333E+00   0.227342E+07   0.227334E+07   0.432176E+00
   0.662004E-01   0.420133E+07   0.418652E+07  -0.244559E+02  -0.244652E+02   0.000000E+00   0.419894E+07   0.419894E+07   0.419894E+07  -0.996877E-01   0.219322E+07   0.219315E+07   0.346782E+00
   0.689342E-01   0.405095E+07   0.403752E+07  -0.217479E+02  -0.217562E+02   0.000000E+00   0.404878E+07   0.404878E+07   0.404878E+07  -0.961228E-01   0.211478E+07   0.211472E+07   0.294375E+00
   0.716679E-01   0.390178E+07   0.388919E+07  -0.193798E+02  -0.193872E+02   0.000000E+00   0.389975E+07   0.389975E+07   0.389975E+07  -0.925846E-01   0.203694E+07   0.203688E+07   0.269492E+00
   0.744017E-01   0.375275E+07   0.374047E+07  -0.172949E+02  -0.173015E+02   0.000000E+00   0.375077E+07   0.375077E+07   0.375077E+07  -0.890477E-01   0.195912E+07   0.195906E+07   0.266147E+00
   0.771355E-01   0.360385E+07   0.359147E+07  -0.154520E+02  -0.154579E+02   0.000000E+00   0.360185E+07   0.360185E+07   0.360185E+07  -0.855122E-01   0.188134E+07   0.188128E+07   0.278210E+00
   0.798692E-01   0.345590E+07   0.344308E+07  -0.138201E+02  -0.138254E+02   0.000000E+00   0.345383E+07   0.345383E+07   0.345383E+07  -0.819979E-01   0.180403E+07   0.180395E+07   0.299800E+00
   0.826030E-01   0.331020E+07   0.329674E+07  -0.123752E+02  -0.123799E+02   0.000000E+00   0.330803E+07   0.330803E+07   0.330803E+07  -0.785364E-01   0.172787E+07   0.172779E+07   0.325571E+00
   0.853368E-01   0.316829E+07   0.315408E+07  -0.110973E+02  -0.111015E+02   0.000000E+00   0.316600E+07   0.316600E+07   0.316600E+07  -0.751645E-01   0.165369E+07   0.165360E+07   0.350961E+00
   0.880705E-01   0.303173E+07   0.301678E+07  -0.996937E+01  -0.997315E+01   0.000000E+00   0.302932E+07   0.302932E+07   0.302932E+07  -0.719195E-01   0.158230E+07   0.158220E+07   0.372339E+00
   0.908043E-01   0.290198E+07   0.288640E+07  -0.897624E+01  -0.897964E+01   0.000000E+00   0.289947E+07   0.289947E+07   0.289947E+07  -0.688367E-01   0.151448E+07   0.151437E+07   0.387080E+00
   0.935380E-01   0.278038E+07   0.276435E+07  -0.810433E+01  -0.810740E+01   0.000000E+00   0.277780E+07   0.277780E+07   0.277780E+07  -0.659481E-01   0.145093E+07   0.145082E+07   0.393570E+00
   0.962718E-01   0.266806E+07   0.265179E+07  -0.734118E+01  -0.734397E+01   0.000000E+00   0.266543E+07   0.266543E+07   0.266543E+07  -0.632805E-01   0.139224E+07   0.139212E+07   0.391137E+00
   0.990056E-01   0.256579E+07   0.254955E+07  -0.667508E+01  -0.667761E+01   0.000000E+00   0.256317E+07   0.256317E+07   0.256317E+07  -0.608526E-01   0.133882E+07   0.133871E+07   0.379947E+00
   0.101739E+00   0.247392E+07   0.245797E+07  -0.609473E+01  -0.609704E+01   0.000000E+00   0.247135E+07   0.247135E+07   0.247135E+07  -0.586726E-01   0.129086E+07   0.129075E+07   0.360858E+00
   0.104473E+00   0.239227E+07   0.237687E+07  -0.558918E+01  -0.559130E+01   0.000000E+00   0.238978E+07   0.238978E+07   0.238978E+07  -0.567362E-01   0.124826E+07   0.124815E+07   0.335257E+00
   0.107207E+00   0.232017E+07   0.230553E+07  -0.514789E+01  -0.514984E+01   0.000000E+00   0.231781E+07   0.231781E+07   0.231781E+07  -0.550275E-01   0.121066E+07   0.121056E+07   0.304882E+00
   0.109941E+00   0.225658E+07   0.224286E+07  -0.476103E+01  -0.476284E+01   0.000000E+00   0.225436E+07   0.225436E+07   0.225436E+07  -0.535212E-01   0.117752E+07   0.117743E+07   0.271647E+00
   0.112674E+00   0.220018E+07   0.218751E+07  -0.441971E+01  -0.442138E+01   0.000000E+00   0.219814E+07   0.219814E+07   0.219814E+07  -0.521863E-01   0.114815E+07   0.114807E+07   0.237477E+00
   0.115408E+00   0.214958E+07   0.213799E+07  -0.411612E+01  -0.411768E+01   0.000000E+00   0.214771E+07   0.214771E+07   0.214771E+07  -0.509892E-01   0.112181E+07   0.112174E+07   0.204170E+00
   0.118142E+00   0.210334E+07   0.209283E+07  -0.384354E+01  -0.384499E+01   0.000000E+00   0.210164E+07   0.210164E+07   0.210164E+07  -0.498954E-01   0.109775E+07   0.109768E+07   0.173279E+00
   0.120876E+00   0.206004E+07   0.205053E+07  -0.359625E+01  -0.359761E+01   0.000000E+00   0.205850E+07   0.205850E+07   0.205850E+07  -0.488713E-01   0.107521E+07   0.107516E+07   0.146041E+00
   0.123609E+00   0.201831E+07   0.200971E+07  -0.336945E+01  -0.337073E+01   0.000000E+00   0.201693E+07   0.201693E+07   0.201693E+07  -0.478842E-01   0.105349E+07   0.105345E+07   0.123318E+00
   0.126343E+00   0.197692E+07   0.196906E+07  -0.315920E+01  -0.316039E+01   0.000000E+00   0.197566E+07   0.197566E+07   0.197566E+07  -0.469043E-01   0.103194E+07   0.103190E+07   0.105591E+00
   0.129077E+00   0.193483E+07   0.192754E+07  -0.296243E+01  -0.296355E+01   0.000000E+00   0.193365E+07   0.193365E+07   0.193365E+07  -0.459071E-01   0.101000E+07   0.100996E+07   0.929678E-01
   0.131811E+00   0.189131E+07   0.188442E+07  -0.277697E+01  -0.277803E+01   0.000000E+00   0.189020E+07   0.189020E+07   0.189020E+07  -0.448755E-01   0.987299E+06   0.987265E+06   0.852167E-01
   0.134545E+00   0.184604E+07   0.183938E+07  -0.260150E+01  -0.260248E+01   0.000000E+00   0.184497E+07   0.184497E+07   0.184497E+07  -0.438017E-01   0.963674E+06   0.963642E+06   0.818243E-01
   0.137278E+00   0.179910E+07   0.179249E+07  -0.243536E+01  -0.243628E+01   0.000000E+00   0.179804E+07   0.179804E+07   0.179804E+07  -0.426875E-01   0.939162E+06   0.939128E+06   0.820626E-01
   0.140012E+00   0.175088E+07   0.174419E+07  -0.227839E+01  -0.227925E+01   0.000000E+00   0.174980E+07   0.174980E+07   0.174980E+07  -0.415423E-01   0.913967E+06   0.913932E+06   0.850646E-01
   0.142746E+00   0.170196E+07   0.169510E+07  -0.213066E+01  -0.213146E+01   0.000000E+00   0.170086E+07   0.170086E+07   0.170086E+07  -0.403803E-01   0.888403E+06   0.888364E+06   0.899013E-01
   0.145480E+00   0.165302E+07   0.164591E+07  -0.199227E+01  -0.199302E+01   0.000000E+00   0.165187E+07   0.165187E+07   0.165187E+07  -0.392174E-01   0.862818E+06   0.862776E+06   0.956523E-01
   0.148213E+00   0.160470E+07   0.159731E+07  -0.186326E+01  -0.186397E+01   0.000000E+00   0.160350E+07   0.160350E+07   0.160350E+07  -0.380690E-01   0.837554E+06   0.837509E+06   0.101468E+00
   0.150947E+00   0.155759E+07   0.154993E+07  -0.174358E+01  -0.174424E+01   0.000000E+00   0.155636E+07   0.155636E+07   0.155636E+07  -0.369497E-01   0.812929E+06   0.812880E+06   0.106615E+00
   0.153681E+00   0.151226E+07   0.150437E+07  -0.163308E+01  -0.163370E+01   0.000000E+00   0.151099E+07   0.151099E+07   0.151099E+07  -0.358726E-01   0.789231E+06   0.789180E+06   0.110514E+00
   0.156415E+00   0.146921E+07   0.146115E+07  -0.153156E+01  -0.153214E+01   0.000000E+00   0.146791E+07   0.146791E+07   0.146791E+07  -0.348499E-01   0.766732E+06   0.766680E+06   0.112757E+00
   0.159148E+00   0.142891E+07   0.142076E+07  -0.143877E+01  -0.143932E+01   0.000000E+00   0.142760E+07   0.142760E+07   0.142760E+07  -0.338928E-01   0.745675E+06   0.745621E+06   0.113113E+00
   0.161882E+00   0.139172E+07   0.138357E+07  -0.135437E+01  -0.135488E+01   0.000000E+00   0.139041E+07   0.139041E+07   0.139041E+07  -0.330099E-01   0.726252E+06   0.726198E+06   0.111524E+00
   0.164616E+00   0.135787E+07   0.134981E+07  -0.127788E+01  -0.127837E+01   0.000000E+00   0.135657E+07   0.135657E+07   0.135657E+07  -0.322065E-01   0.708576E+06   0.708523E+06   0.108087E+00
   0.167350E+00   0.132736E+07   0.131949E+07  -0.120869E+01  -0.120915E+01   0.000000E+00   0.132609E+07   0.132609E+07   0.132609E+07  -0.314829E-01   0.692656E+06   0.692604E+06   0.103030E+00
   0.170083E+00   0.130001E+07   0.129241E+07  -0.114605E+01  -0.114648E+01   0.000000E+00   0.129878E+07   0.129878E+07   0.129878E+07  -0.308346E-01   0.678391E+06   0.678342E+06   0.966804E-01
   0.172817E+00   0.127544E+07   0.126818E+07  -0.108912E+01  -0.108954E+01   0.000000E+00   0.127427E+07   0.127427E+07   0.127427E+07  -0.302527E-01   0.665588E+06   0.665542E+06   0.894283E-01
   0.175551E+00   0.125318E+07   0.124630E+07  -0.103707E+01  -0.103747E+01   0.000000E+00   0.125207E+07   0.125207E+07   0.125207E+07  -0.297256E-01   0.653993E+06   0.653950E+06   0.816926E-01
   0.178285E+00   0.123269E+07   0.122622E+07  -0.989106E+00  -0.989481E+00   0.000000E+00   0.123165E+07   0.123165E+07   0.123165E+07  -0.292408E-01   0.643326E+06   0.643286E+06   0.738868E-01
   0.181019E+00   0.121346E+07   0.120739E+07  -0.944518E+00  -0.944876E+00   0.000000E+00   0.121248E+07   0.121248E+07   0.121248E+07  -0.287857E-01   0.633313E+06   0.633277E+06   0.663908E-01
   0.183752E+00   0.119500E+07   0.118932E+07  -0.902711E+00  -0.903054E+00   0.000000E+00   0.119409E+07   0.119409E+07   0.119409E+07  -0.283490E-01   0.623705E+06   0.623672E+06   0.595279E-01
   0.186486E+00   0.117690E+07   0.117157E+07  -0.863189E+00  -0.863517E+00   0.000000E+00   0.117604E+07   0.117604E+07   0.117604E+07  -0.279206E-01   0.614279E+06   0.614249E+06   0.535491E-01
   0.189220E+00   0.115879E+07   0.115377E+07  -0.825549E+00  -0.825862E+00   0.000000E+00   0.115798E+07   0.115798E+07   0.115798E+07  -0.274919E-01   0.604846E+06   0.604818E+06   0.486239E-01
   0.191954E+00   0.114038E+07   0.113561E+07  -0.789473E+00  -0.789772E+00   0.000000E+00   0.113961E+07   0.113961E+07   0.113961E+07  -0.270557E-01   0.595250E+06   0.595224E+06   0.448373E-01
   0.194687E+00   0.112145E+07   0.111686E+07  -0.754727E+00  -0.755013E+00   0.000000E+00   0.112071E+07   0.112071E+07   0.112071E+07  -0.266070E-01   0.585377E+06   0.585353E+06   0.421933E-01
   0.197421E+00   0.110187E+07   0.109740E+07  -0.721160E+00  -0.721433E+00   0.000000E+00   0.110115E+07   0.110115E+07   0.110115E+07  -0.261426E-01   0.575161E+06   0.575137E+06   0.406228E-01
   0.200155E+00   0.108162E+07   0.107721E+07  -0.688698E+00  -0.688959E+00   0.000000E+00   0.108091E+07   0.108091E+07   0.108091E+07  -0.256620E-01   0.564588E+06   0.564564E+06   0.399959E-01
   0.202889E+00   0.106077E+07   0.105637E+07  -0.657335E+00  -0.657585E+00   0.000000E+00   0.106006E+07   0.106006E+07   0.106006E+07  -0.251670E-01   0.553697E+06   0.553672E+06   0.401376E-01
   0.205622E+00   0.103948E+07   0.103504E+07  -0.627117E+00  -0.627355E+00   0.000000E+00   0.103876E+07   0.103876E+07   0.103876E+07  -0.246614E-01   0.542572E+06   0.542547E+06   0.408442E-01
   0.208356E+00   0.101796E+07   0.101346E+07  -0.598115E+00  -0.598342E+00   0.000000E+00   0.101724E+07   0.101724E+07   0.101724E+07  -0.241503E-01   0.531330E+06   0.531304E+06   0.419004E-01
   0.211090E+00   0.996477E+06   0.991900E+06  -0.570412E+00  -0.570628E+00   0.000000E+00   0.995739E+06   0.995739E+06   0.995739E+06  -0.236400E-01   0.520102E+06   0.520075E+06   0.430954E-01
   0.213824E+00   0.975284E+06   0.970624E+06  -0.544083E+00  -0.544289E+00   0.000000E+00   0.974532E+06   0.974532E+06   0.974532E+06  -0.231365E-01   0.509025E+06   0.508997E+06   0.442361E-01
   0.216557E+00   0.954630E+06   0.949894E+06  -0.519186E+00  -0.519383E+00   0.000000E+00   0.953866E+06   0.953866E+06   0.953866E+06  -0.226459E-01   0.498231E+06   0.498202E+06   0.451586E-01
   0.225219E+00   0.895063E+06   0.890242E+06  -0.450043E+00  -0.450214E+00   0.000000E+00   0.894286E+06   0.894286E+06   0.894286E+06  -0.212314E-01   0.467111E+06   0.467080E+06   0.454407E-01
   0.234226E+00   0.845345E+06   0.840773E+06  -0.392980E+00  -0.393129E+00   0.000000E+00   0.844608E+06   0.844608E+06   0.844608E+06  -0.200520E-01   0.441163E+06   0.441134E+06   0.409392E-01
   0.243594E+00   0.805091E+06   0.801035E+06  -0.346051E+00  -0.346182E+00   0.000000E+00   0.804436E+06   0.804436E+06   0.804436E+06  -0.190983E-01   0.420180E+06   0.420155E+06   0.334447E-01
   0.253336E+00   0.768690E+06   0.765163E+06  -0.305500E+00  -0.305616E+00   0.000000E+00   0.768121E+06   0.768121E+06   0.768121E+06  -0.182361E-01   0.401210E+06   0.401190E+06   0.266501E-01
   0.263469E+00   0.730254E+06   0.727029E+06  -0.268338E+00  -0.268440E+00   0.000000E+00   0.729734E+06   0.729734E+06   0.729734E+06  -0.173247E-01   0.381160E+06   0.381142E+06   0.232209E-01
   0.274006E+00   0.687948E+06   0.684763E+06  -0.233716E+00  -0.233805E+00   0.000000E+00   0.687434E+06   0.687434E+06   0.687434E+06  -0.163205E-01   0.359066E+06   0.359047E+06   0.228939E-01
   0.284965E+00   0.645151E+06   0.641929E+06  -0.202633E+00  -0.202710E+00   0.000000E+00   0.644631E+06   0.644631E+06   0.644631E+06  -0.153043E-01   0.336709E+06   0.336689E+06   0.231219E-01
   0.296362E+00   0.607056E+06   0.603935E+06  -0.176282E+00  -0.176349E+00   0.000000E+00   0.606553E+06   0.606553E+06   0.606553E+06  -0.144003E-01   0.316820E+06   0.316800E+06   0.216507E-01
   0.308215E+00   0.575016E+06   0.572167E+06  -0.154386E+00  -0.154444E+00   0.000000E+00   0.574556E+06   0.574556E+06   0.574556E+06  -0.136406E-01   0.300107E+06   0.300090E+06   0.185235E-01
   0.320542E+00   0.546036E+06   0.543477E+06  -0.135551E+00  -0.135602E+00   0.000000E+00   0.545623E+06   0.545623E+06   0.545623E+06  -0.129537E-01   0.284994E+06   0.284979E+06   0.155660E-01
   0.333362E+00   0.516098E+06   0.513696E+06  -0.118455E+00  -0.118500E+00   0.000000E+00   0.515710E+06   0.515710E+06   0.515710E+06  -0.122436E-01   0.269370E+06   0.269356E+06   0.141034E-01
   0.346695E+00   0.485157E+06   0.482805E+06  -0.102951E+00  -0.102990E+00   0.000000E+00   0.484778E+06   0.484778E+06   0.484778E+06  -0.115092E-01   0.253213E+06   0.253199E+06   0.136028E-01
   0.360561E+00   0.456230E+06   0.453961E+06  -0.895078E-01  -0.895417E-01   0.000000E+00   0.455864E+06   0.455864E+06   0.455864E+06  -0.108228E-01   0.238111E+06   0.238097E+06   0.127293E-01
   0.374981E+00   0.430912E+06   0.428810E+06  -0.781643E-01  -0.781939E-01   0.000000E+00   0.430573E+06   0.430573E+06   0.430573E+06  -0.102223E-01   0.224900E+06   0.224888E+06   0.111787E-01
   0.389978E+00   0.407447E+06   0.405512E+06  -0.683339E-01  -0.683598E-01   0.000000E+00   0.407135E+06   0.407135E+06   0.407135E+06  -0.966585E-02   0.212658E+06   0.212646E+06   0.977105E-02
   0.405575E+00   0.383892E+06   0.382055E+06  -0.595264E-01  -0.595490E-01   0.000000E+00   0.383596E+06   0.383596E+06   0.383596E+06  -0.910700E-02   0.200363E+06   0.200352E+06   0.898765E-02
   0.421796E+00   0.360967E+06   0.359204E+06  -0.517488E-01  -0.517684E-01   0.000000E+00   0.360683E+06   0.360683E+06   0.360683E+06  -0.856302E-02   0.188395E+06   0.188384E+06   0.837275E-02
   0.438666E+00   0.340108E+06   0.338455E+06  -0.450805E-01  -0.450976E-01   0.000000E+00   0.339842E+06   0.339842E+06   0.339842E+06  -0.806824E-02   0.177509E+06   0.177499E+06   0.751751E-02
   0.456210E+00   0.320795E+06   0.319256E+06  -0.393134E-01  -0.393283E-01   0.000000E+00   0.320546E+06   0.320546E+06   0.320546E+06  -0.761015E-02   0.167430E+06   0.167421E+06   0.667807E-02
   0.474456E+00   0.301985E+06   0.300531E+06  -0.342165E-01  -0.342295E-01   0.000000E+00   0.301751E+06   0.301751E+06   0.301751E+06  -0.716392E-02   0.157613E+06   0.157604E+06   0.609485E-02
   0.493432E+00   0.284045E+06   0.282666E+06  -0.297558E-01  -0.297671E-01   0.000000E+00   0.283822E+06   0.283822E+06   0.283822E+06  -0.673827E-02   0.148248E+06   0.148240E+06   0.557268E-02
   0.513167E+00   0.267459E+06   0.266168E+06  -0.259049E-01  -0.259147E-01   0.000000E+00   0.267251E+06   0.267251E+06   0.267251E+06  -0.634485E-02   0.139593E+06   0.139585E+06   0.499982E-02
   0.533691E+00   0.251756E+06   0.250544E+06  -0.225446E-01  -0.225532E-01   0.000000E+00   0.251561E+06   0.251561E+06   0.251561E+06  -0.597235E-02   0.131397E+06   0.131390E+06   0.451076E-02
   0.555036E+00   0.236741E+06   0.235596E+06  -0.196007E-01  -0.196082E-01   0.000000E+00   0.236556E+06   0.236556E+06   0.236556E+06  -0.561612E-02   0.123560E+06   0.123553E+06   0.410497E-02
   0.577234E+00   0.222683E+06   0.221608E+06  -0.170461E-01  -0.170525E-01   0.000000E+00   0.222510E+06   0.222510E+06   0.222510E+06  -0.528264E-02   0.116223E+06   0.116217E+06   0.370339E-02
   0.600321E+00   0.209436E+06   0.208426E+06  -0.148227E-01  -0.148283E-01   0.000000E+00   0.209273E+06   0.209273E+06   0.209273E+06  -0.496838E-02   0.109309E+06   0.109303E+06   0.334216E-02
   0.624330E+00   0.196866E+06   0.195916E+06  -0.128820E-01  -0.128869E-01   0.000000E+00   0.196713E+06   0.196713E+06   0.196713E+06  -0.467019E-02   0.102749E+06   0.102743E+06   0.302828E-02
   0.649300E+00   0.185055E+06   0.184162E+06  -0.111957E-01  -0.112000E-01   0.000000E+00   0.184911E+06   0.184911E+06   0.184911E+06  -0.439001E-02   0.965842E+05   0.965789E+05   0.273325E-02
   0.810878E+00   0.129802E+06   0.129176E+06  -0.503515E-02  -0.503706E-02   0.000000E+00   0.129701E+06   0.129701E+06   0.129701E+06  -0.307925E-02   0.677464E+05   0.677427E+05   0.153473E-02
   0.101266E+01   0.905104E+05   0.900740E+05  -0.225118E-02  -0.225203E-02   0.000000E+00   0.904400E+05   0.904400E+05   0.904400E+05  -0.214715E-02   0.472393E+05   0.472367E+05   0.857094E-03
   0.126466E+01   0.627794E+05   0.624768E+05  -0.100117E-02  -0.100155E-02   0.000000E+00   0.627306E+05   0.627306E+05   0.627306E+05  -0.148930E-02   0.327659E+05   0.327641E+05   0.476476E-03
   0.157937E+01   0.433368E+05   0.431279E+05  -0.443127E-03  -0.443295E-03   0.000000E+00   0.433031E+05   0.433031E+05   0.433031E+05  -0.102807E-02   0.226184E+05   0.226171E+05   0.263889E-03
   0.197240E+01   0.297867E+05   0.296432E+05  -0.195288E-03  -0.195362E-03   0.000000E+00   0.297635E+05   0.297635E+05   0.297635E+05  -0.706621E-03   0.155463E+05   0.155455E+05   0.145739E-03
   0.246323E+01   0.203933E+05   0.202950E+05  -0.857275E-04  -0.857600E-04   0.000000E+00   0.203774E+05   0.203774E+05   0.203774E+05  -0.483784E-03   0.106437E+05   0.106431E+05   0.803536E-04
   0.307620E+01   0.139126E+05   0.138455E+05  -0.374991E-04  -0.375133E-04   0.000000E+00   0.139018E+05   0.139018E+05   0.139018E+05  -0.330044E-03   0.726128E+04   0.726088E+04   0.442963E-04
   0.384171E+01   0.946070E+04   0.941508E+04  -0.163500E-04  -0.163562E-04   0.000000E+00   0.945334E+04   0.945334E+04   0.945334E+04  -0.224433E-03   0.493774E+04   0.493746E+04   0.244661E-04
   0.479772E+01   0.641435E+04   0.638340E+04  -0.710766E-05  -0.711035E-05   0.000000E+00   0.640936E+04   0.640936E+04   0.640936E+04  -0.152166E-03   0.334779E+04   0.334759E+04   0.135786E-04
   0.599162E+01   0.433718E+04   0.431623E+04  -0.308150E-05  -0.308267E-05   0.000000E+00   0.433380E+04   0.433380E+04   0.433380E+04  -0.102889E-03   0.226367E+04   0.226353E+04   0.760308E-05
   0.748263E+01   0.292538E+04   0.291122E+04  -0.133266E-05  -0.133316E-05   0.000000E+00   0.292310E+04   0.292310E+04   0.292310E+04  -0.693977E-04   0.152682E+04   0.152672E+04   0.431849E-05
   0.934467E+01   0.196863E+04   0.195908E+04  -0.575018E-06  -0.575236E-06   0.000000E+00   0.196709E+04   0.196709E+04   0.196709E+04  -0.467010E-04   0.102747E+04   0.102740E+04   0.250562E-05
   0.116701E+02   0.132200E+04   0.131555E+04  -0.247587E-06  -0.247681E-06   0.000000E+00   0.132096E+04   0.132096E+04   0.132096E+04  -0.313610E-04   0.689974E+03   0.689921E+03   0.149720E-05
