#          k/h    CDM            baryon         photon         nu             mass_nu        total          no_nu          total_de       Weyl           v_CDM          v_b            v_b-v_c     
   0.738116E-04   0.194469E+08   0.194469E+08   0.252560E+08   0.252550E+08   0.000000E+00   0.194469E+08   0.194469E+08   0.194542E+08  -0.473770E+00   0.103031E+08   0.103031E+08   0.395942E-01
   0.103012E-03   0.194457E+08   0.194457E+08   0.246313E+08   0.246294E+08   0.000000E+00   0.194457E+08   0.194457E+08   0.194528E+08  -0.473732E+00   0.103024E+08   0.103024E+08   0.551912E-01
   0.143765E-03   0.194434E+08   0.194434E+08   0.234548E+08   0.234514E+08   0.000000E+00   0.194434E+08   0.194434E+08   0.194501E+08  -0.473660E+00   0.103012E+08   0.103012E+08   0.768525E-01
   0.200641E-03   0.194389E+08   0.194389E+08   0.213100E+08   0.213041E+08   0.000000E+00   0.194389E+08   0.194389E+08   0.194450E+08  -0.473523E+00   0.102987E+08   0.102987E+08   0.106795E+00
   0.280017E-03   0.194302E+08   0.194302E+08   0.176417E+08   0.176329E+08   0.000000E+00   0.194302E+08   0.194302E+08   0.194353E+08  -0.473264E+00   0.102941E+08   0.102941E+08   0.147851E+00
   0.390795E-03   0.194140E+08   0.194139E+08   0.121242E+08   0.121145E+08   0.000000E+00   0.194140E+08   0.194140E+08   0.194174E+08  -0.472788E+00   0.102853E+08   0.102853E+08   0.203348E+00
   0.545398E-03   0.193839E+08   0.193839E+08   0.576494E+07   0.576120E+07   0.000000E+00   0.193839E+08   0.193839E+08   0.193856E+08  -0.471953E+00   0.102692E+08   0.102692E+08   0.276882E+00
   0.761165E-03   0.193306E+08   0.193306E+08   0.170127E+07   0.170564E+07   0.000000E+00   0.193306E+08   0.193306E+08   0.193311E+08  -0.470561E+00   0.102405E+08   0.102405E+08   0.372261E+00
   0.106229E-02   0.192404E+08   0.192402E+08   0.939996E+06   0.936392E+06   0.000000E+00   0.192403E+08   0.192403E+08   0.192406E+08  -0.468319E+00   0.101922E+08   0.101922E+08   0.494966E+00
   0.148255E-02   0.190935E+08   0.190933E+08   0.235153E+06   0.227532E+06   0.000000E+00   0.190935E+08   0.190935E+08   0.190936E+08  -0.464726E+00   0.101141E+08   0.101141E+08   0.653230E+00
   0.206906E-02   0.188626E+08   0.188621E+08  -0.104007E+06  -0.104050E+06   0.000000E+00   0.188625E+08   0.188625E+08   0.188624E+08  -0.459091E+00   0.999156E+07   0.999155E+07   0.856871E+00
   0.288761E-02   0.185106E+08   0.185097E+08  -0.523928E+05  -0.524146E+05   0.000000E+00   0.185105E+08   0.185105E+08   0.185105E+08  -0.450521E+00   0.980499E+07   0.980498E+07   0.111807E+01
   0.402998E-02   0.179928E+08   0.179911E+08  -0.261441E+05  -0.261549E+05   0.000000E+00   0.179925E+08   0.179925E+08   0.179925E+08  -0.437912E+00   0.953055E+07   0.953053E+07   0.145116E+01
   0.416658E-02   0.179299E+08   0.179281E+08  -0.243723E+05  -0.243825E+05   0.000000E+00   0.179296E+08   0.179296E+08   0.179296E+08  -0.436382E+00   0.949724E+07   0.949722E+07   0.148902E+01
   0.430780E-02   0.178649E+08   0.178629E+08  -0.227176E+05  -0.227270E+05   0.000000E+00   0.178646E+08   0.178646E+08   0.178645E+08  -0.434798E+00   0.946276E+07   0.946274E+07   0.152777E+01
   0.445382E-02   0.177975E+08   0.177954E+08  -0.211722E+05  -0.211810E+05   0.000000E+00   0.177972E+08   0.177972E+08   0.177972E+08  -0.433159E+00   0.942708E+07   0.942706E+07   0.156742E+01
   0.460478E-02   0.177278E+08   0.177256E+08  -0.197291E+05  -0.197373E+05   0.000000E+00   0.177275E+08   0.177275E+08   0.177275E+08  -0.431462E+00   0.939016E+07   0.939014E+07   0.160799E+01
   0.476086E-02   0.176558E+08   0.176534E+08  -0.183815E+05  -0.183892E+05   0.000000E+00   0.176554E+08   0.176554E+08   0.176554E+08  -0.429708E+00   0.935198E+07   0.935195E+07   0.164950E+01
   0.492223E-02   0.175813E+08   0.175788E+08  -0.171234E+05  -0.171305E+05   0.000000E+00   0.175809E+08   0.175809E+08   0.175809E+08  -0.427894E+00   0.931250E+07   0.931248E+07   0.169194E+01
   0.508907E-02   0.175043E+08   0.175016E+08  -0.159488E+05  -0.159555E+05   0.000000E+00   0.175039E+08   0.175039E+08   0.175039E+08  -0.426020E+00   0.927171E+07   0.927168E+07   0.173535E+01
   0.526156E-02   0.174248E+08   0.174219E+08  -0.148524E+05  -0.148585E+05   0.000000E+00   0.174243E+08   0.174243E+08   0.174243E+08  -0.424083E+00   0.922956E+07   0.922953E+07   0.177972E+01
   0.543990E-02   0.173426E+08   0.173396E+08  -0.138289E+05  -0.138347E+05   0.000000E+00   0.173422E+08   0.173422E+08   0.173422E+08  -0.422084E+00   0.918604E+07   0.918601E+07   0.182506E+01
   0.562429E-02   0.172579E+08   0.172546E+08  -0.128737E+05  -0.128791E+05   0.000000E+00   0.172574E+08   0.172574E+08   0.172573E+08  -0.420019E+00   0.914111E+07   0.914108E+07   0.187139E+01
   0.581492E-02   0.171704E+08   0.171669E+08  -0.119823E+05  -0.119873E+05   0.000000E+00   0.171698E+08   0.171698E+08   0.171698E+08  -0.417889E+00   0.909474E+07   0.909471E+07   0.191871E+01
   0.601202E-02   0.170801E+08   0.170764E+08  -0.111506E+05  -0.111552E+05   0.000000E+00   0.170795E+08   0.170795E+08   0.170795E+08  -0.415691E+00   0.904692E+07   0.904688E+07   0.196702E+01
   0.621580E-02   0.169870E+08   0.169831E+08  -0.103745E+05  -0.103789E+05   0.000000E+00   0.169864E+08   0.169864E+08   0.169864E+08  -0.413425E+00   0.899759E+07   0.899755E+07   0.201633E+01
   0.642648E-02   0.168911E+08   0.168869E+08  -0.965059E+04  -0.965461E+04   0.000000E+00   0.168904E+08   0.168904E+08   0.168904E+08  -0.411088E+00   0.894674E+07   0.894670E+07   0.206664E+01
   0.664431E-02   0.167922E+08   0.167878E+08  -0.897530E+04  -0.897904E+04   0.000000E+00   0.167915E+08   0.167915E+08   0.167915E+08  -0.408681E+00   0.889435E+07   0.889430E+07   0.211795E+01
   0.686952E-02   0.166903E+08   0.166856E+08  -0.834548E+04  -0.834896E+04   0.000000E+00   0.166896E+08   0.166896E+08   0.166896E+08  -0.406201E+00   0.884037E+07   0.884032E+07   0.217024E+01
   0.710236E-02   0.165854E+08   0.165804E+08  -0.775815E+04  -0.776138E+04   0.000000E+00   0.165847E+08   0.165847E+08   0.165847E+08  -0.403647E+00   0.878478E+07   0.878473E+07   0.222352E+01
   0.734310E-02   0.164775E+08   0.164721E+08  -0.721051E+04  -0.721352E+04   0.000000E+00   0.164766E+08   0.164766E+08   0.164766E+08  -0.401017E+00   0.872755E+07   0.872750E+07   0.227776E+01
   0.759199E-02   0.163663E+08   0.163607E+08  -0.669996E+04  -0.670275E+04   0.000000E+00   0.163654E+08   0.163654E+08   0.163654E+08  -0.398311E+00   0.866866E+07   0.866861E+07   0.233296E+01
   0.784933E-02   0.162520E+08   0.162460E+08  -0.622404E+04  -0.622663E+04   0.000000E+00   0.162511E+08   0.162511E+08   0.162511E+08  -0.395527E+00   0.860807E+07   0.860802E+07   0.238908E+01
   0.811538E-02   0.161344E+08   0.161280E+08  -0.578048E+04  -0.578288E+04   0.000000E+00   0.161334E+08   0.161334E+08   0.161334E+08  -0.392664E+00   0.854576E+07   0.854570E+07   0.244611E+01
   0.839045E-02   0.160135E+08   0.160067E+08  -0.536713E+04  -0.536936E+04   0.000000E+00   0.160125E+08   0.160125E+08   0.160125E+08  -0.389720E+00   0.848169E+07   0.848163E+07   0.250401E+01
   0.867485E-02   0.158893E+08   0.158821E+08  -0.498200E+04  -0.498408E+04   0.000000E+00   0.158882E+08   0.158882E+08   0.158882E+08  -0.386694E+00   0.841584E+07   0.841578E+07   0.256274E+01
   0.896888E-02   0.157616E+08   0.157540E+08  -0.462322E+04  -0.462515E+04   0.000000E+00   0.157604E+08   0.157604E+08   0.157604E+08  -0.383586E+00   0.834818E+07   0.834811E+07   0.262226E+01
   0.927288E-02   0.156305E+08   0.156224E+08  -0.428905E+04  -0.429084E+04   0.000000E+00   0.156292E+08   0.156292E+08   0.156292E+08  -0.380392E+00   0.827868E+07   0.827861E+07   0.268251E+01
   0.958719E-02   0.154958E+08   0.154872E+08  -0.397785E+04  -0.397950E+04   0.000000E+00   0.154945E+08   0.154945E+08   0.154945E+08  -0.377113E+00   0.820732E+07   0.820724E+07   0.274344E+01
   0.991215E-02   0.153576E+08   0.153484E+08  -0.368808E+04  -0.368962E+04   0.000000E+00   0.153562E+08   0.153562E+08   0.153562E+08  -0.373747E+00   0.813406E+07   0.813397E+07   0.280496E+01
   0.102481E-01   0.152158E+08   0.152060E+08  -0.341834E+04  -0.341976E+04   0.000000E+00   0.152142E+08   0.152142E+08   0.152142E+08  -0.370292E+00   0.805887E+07   0.805878E+07   0.286700E+01
   0.105955E-01   0.150702E+08   0.150599E+08  -0.316727E+04  -0.316859E+04   0.000000E+00   0.150686E+08   0.150686E+08   0.150686E+08  -0.366748E+00   0.798174E+07   0.798164E+07   0.292947E+01
   0.109546E-01   0.149210E+08   0.149100E+08  -0.293363E+04  -0.293486E+04   0.000000E+00   0.149193E+08   0.149193E+08   0.149193E+08  -0.363113E+00   0.790262E+07   0.790253E+07   0.299225E+01
   0.113259E-01   0.147679E+08   0.147564E+08  -0.271627E+04  -0.271740E+04   0.000000E+00   0.147661E+08   0.147661E+08   0.147661E+08  -0.359386E+00   0.782151E+07   0.782140E+07   0.305525E+01
   0.117098E-01   0.146111E+08   0.145988E+08  -0.251407E+04  -0.251512E+04   0.000000E+00   0.146091E+08   0.146091E+08   0.146091E+08  -0.355565E+00   0.773836E+07   0.773825E+07   0.311832E+01
   0.121067E-01   0.144503E+08   0.144374E+08  -0.232604E+04  -0.232701E+04   0.000000E+00   0.144483E+08   0.144483E+08   0.144483E+08  -0.351650E+00   0.765316E+07   0.765305E+07   0.318132E+01
   0.125171E-01   0.142857E+08   0.142719E+08  -0.215121E+04  -0.215211E+04   0.000000E+00   0.142835E+08   0.142835E+08   0.142835E+08  -0.347640E+00   0.756588E+07   0.756576E+07   0.324408E+01
   0.129414E-01   0.141171E+08   0.141025E+08  -0.198870E+04  -0.198953E+04   0.000000E+00   0.141148E+08   0.141148E+08   0.141148E+08  -0.343533E+00   0.747651E+07   0.747638E+07   0.330644E+01
   0.133800E-01   0.139445E+08   0.139291E+08  -0.183768E+04  -0.183844E+04   0.000000E+00   0.139421E+08   0.139421E+08   0.139421E+08  -0.339329E+00   0.738501E+07   0.738488E+07   0.336818E+01
   0.138335E-01   0.137678E+08   0.137516E+08  -0.169737E+04  -0.169807E+04   0.000000E+00   0.137653E+08   0.137653E+08   0.137653E+08  -0.335027E+00   0.729138E+07   0.729124E+07   0.342910E+01
   0.143024E-01   0.135872E+08   0.135700E+08  -0.156704E+04  -0.156769E+04   0.000000E+00   0.135845E+08   0.135845E+08   0.135845E+08  -0.330626E+00   0.719560E+07   0.719545E+07   0.348895E+01
   0.147872E-01   0.134024E+08   0.133843E+08  -0.144603E+04  -0.144663E+04   0.000000E+00   0.133996E+08   0.133996E+08   0.133996E+08  -0.326125E+00   0.709766E+07   0.709750E+07   0.354748E+01
   0.152884E-01   0.132135E+08   0.131945E+08  -0.133369E+04  -0.133424E+04   0.000000E+00   0.132105E+08   0.132105E+08   0.132105E+08  -0.321525E+00   0.699754E+07   0.699738E+07   0.360441E+01
   0.158066E-01   0.130206E+08   0.130005E+08  -0.122944E+04  -0.122995E+04   0.000000E+00   0.130174E+08   0.130174E+08   0.130174E+08  -0.316825E+00   0.689525E+07   0.689508E+07   0.365942E+01
   0.163424E-01   0.128235E+08   0.128024E+08  -0.113273E+04  -0.113320E+04   0.000000E+00   0.128202E+08   0.128202E+08   0.128202E+08  -0.312025E+00   0.679079E+07   0.679060E+07   0.371219E+01
   0.168963E-01   0.126224E+08   0.126002E+08  -0.104304E+04  -0.104347E+04   0.000000E+00   0.126189E+08   0.126189E+08   0.126189E+08  -0.307126E+00   0.668416E+07   0.668397E+07   0.376236E+01
   0.174690E-01   0.124172E+08   0.123939E+08  -0.959889E+03  -0.960289E+03   0.000000E+00   0.124135E+08   0.124135E+08   0.124135E+08  -0.302127E+00   0.657538E+07   0.657518E+07   0.380955E+01
   0.180611E-01   0.122080E+08   0.121835E+08  -0.882839E+03  -0.883206E+03   0.000000E+00   0.122042E+08   0.122042E+08   0.122042E+08  -0.297031E+00   0.646447E+07   0.646426E+07   0.385336E+01
   0.186733E-01   0.119948E+08   0.119692E+08  -0.811466E+03  -0.811804E+03   0.000000E+00   0.119908E+08   0.119908E+08   0.119908E+08  -0.291839E+00   0.635146E+07   0.635124E+07   0.389335E+01
   0.193062E-01   0.117778E+08   0.117510E+08  -0.745382E+03  -0.745692E+03   0.000000E+00   0.117736E+08   0.117736E+08   0.117736E+08  -0.286552E+00   0.623640E+07   0.623617E+07   0.392906E+01
   0.199606E-01   0.115570E+08   0.115289E+08  -0.684222E+03  -0.684508E+03   0.000000E+00   0.115526E+08   0.115526E+08   0.115526E+08  -0.281173E+00   0.611934E+07   0.611910E+07   0.396002E+01
   0.206372E-01   0.113325E+08   0.113032E+08  -0.627649E+03  -0.627910E+03   0.000000E+00   0.113279E+08   0.113279E+08   0.113279E+08  -0.275704E+00   0.600033E+07   0.600009E+07   0.398571E+01
   0.213367E-01   0.111045E+08   0.110740E+08  -0.575345E+03  -0.575584E+03   0.000000E+00   0.110997E+08   0.110997E+08   0.110997E+08  -0.270151E+00   0.587947E+07   0.587921E+07   0.400561E+01
   0.220599E-01   0.108732E+08   0.108414E+08  -0.527015E+03  -0.527234E+03   0.000000E+00   0.108682E+08   0.108682E+08   0.108682E+08  -0.264516E+00   0.575684E+07   0.575658E+07   0.401919E+01
   0.228076E-01   0.106388E+08   0.106057E+08  -0.482385E+03  -0.482585E+03   0.000000E+00   0.106336E+08   0.106336E+08   0.106336E+08  -0.258806E+00   0.563257E+07   0.563229E+07   0.402589E+01
   0.235807E-01   0.104015E+08   0.103671E+08  -0.441197E+03  -0.441381E+03   0.000000E+00   0.103961E+08   0.103961E+08   0.103961E+08  -0.253026E+00   0.550677E+07   0.550648E+07   0.402514E+01
   0.243800E-01   0.101616E+08   0.101260E+08  -0.403213E+03  -0.403381E+03   0.000000E+00   0.101560E+08   0.101560E+08   0.101560E+08  -0.247182E+00   0.537960E+07   0.537931E+07   0.401637E+01
   0.252063E-01   0.991946E+07   0.988266E+07  -0.368209E+03  -0.368362E+03   0.000000E+00   0.991367E+07   0.991367E+07   0.991367E+07  -0.241284E+00   0.525123E+07   0.525093E+07   0.399903E+01
   0.260607E-01   0.967541E+07   0.963744E+07  -0.335977E+03  -0.336117E+03   0.000000E+00   0.966943E+07   0.966943E+07   0.966943E+07  -0.235340E+00   0.512186E+07   0.512155E+07   0.397257E+01
   0.269440E-01   0.942986E+07   0.939078E+07  -0.306323E+03  -0.306451E+03   0.000000E+00   0.942372E+07   0.942372E+07   0.942372E+07  -0.229359E+00   0.499171E+07   0.499139E+07   0.393646E+01
   0.278573E-01   0.918330E+07   0.914317E+07  -0.279066E+03  -0.279182E+03   0.000000E+00   0.917698E+07   0.917698E+07   0.917698E+07  -0.223354E+00   0.486102E+07   0.486069E+07   0.389019E+01
   0.288015E-01   0.893621E+07   0.889511E+07  -0.254036E+03  -0.254142E+03   0.000000E+00   0.892974E+07   0.892974E+07   0.892974E+07  -0.217337E+00   0.473006E+07   0.472973E+07   0.383334E+01
   0.297777E-01   0.868916E+07   0.864719E+07  -0.231075E+03  -0.231171E+03   0.000000E+00   0.868256E+07   0.868256E+07   0.868256E+07  -0.211321E+00   0.459913E+07   0.459879E+07   0.376550E+01
   0.307871E-01   0.844275E+07   0.840003E+07  -0.210035E+03  -0.210123E+03   0.000000E+00   0.843603E+07   0.843603E+07   0.843603E+07  -0.205321E+00   0.446855E+07   0.446821E+07   0.368638E+01
   0.318306E-01   0.819765E+07   0.815430E+07  -0.190779E+03  -0.190859E+03   0.000000E+00   0.819083E+07   0.819083E+07   0.819083E+07  -0.199353E+00   0.433867E+07   0.433832E+07   0.359574E+01
   0.329095E-01   0.795454E+07   0.791071E+07  -0.173177E+03  -0.173249E+03   0.000000E+00   0.794765E+07   0.794765E+07   0.794765E+07  -0.193434E+00   0.420985E+07   0.420951E+07   0.349349E+01
   0.340250E-01   0.771416E+07   0.767001E+07  -0.157108E+03  -0.157174E+03   0.000000E+00   0.770722E+07   0.770722E+07   0.770722E+07  -0.187582E+00   0.408250E+07   0.408216E+07   0.337965E+01
   0.351782E-01   0.747727E+07   0.743298E+07  -0.142458E+03  -0.142518E+03   0.000000E+00   0.747030E+07   0.747030E+07   0.747030E+07  -0.181816E+00   0.395701E+07   0.395667E+07   0.325438E+01
   0.363706E-01   0.724464E+07   0.720040E+07  -0.129121E+03  -0.129175E+03   0.000000E+00   0.723768E+07   0.723768E+07   0.723768E+07  -0.176154E+00   0.383379E+07   0.383345E+07   0.311804E+01
   0.376034E-01   0.701664E+07   0.697265E+07  -0.116989E+03  -0.117038E+03   0.000000E+00   0.700972E+07   0.700972E+07   0.700972E+07  -0.170606E+00   0.371304E+07   0.371270E+07   0.297120E+01
   0.388780E-01   0.679321E+07   0.674969E+07  -0.105957E+03  -0.106001E+03   0.000000E+00   0.678636E+07   0.678636E+07   0.678636E+07  -0.165170E+00   0.359473E+07   0.359440E+07   0.281468E+01
   0.401957E-01   0.657621E+07   0.653340E+07  -0.959559E+02  -0.959959E+02   0.000000E+00   0.656948E+07   0.656948E+07   0.656948E+07  -0.159891E+00   0.347984E+07   0.347953E+07   0.264932E+01
   0.415582E-01   0.636652E+07   0.632464E+07  -0.869041E+02  -0.869403E+02   0.000000E+00   0.635993E+07   0.635993E+07   0.635993E+07  -0.154791E+00   0.336885E+07   0.336854E+07   0.247630E+01
   0.429668E-01   0.616487E+07   0.612415E+07  -0.787239E+02  -0.787567E+02   0.000000E+00   0.615846E+07   0.615846E+07   0.615846E+07  -0.149888E+00   0.326213E+07   0.326183E+07   0.229703E+01
   0.444232E-01   0.597180E+07   0.593249E+07  -0.713404E+02  -0.713701E+02   0.000000E+00   0.596562E+07   0.596562E+07   0.596562E+07  -0.145194E+00   0.315998E+07   0.315970E+07   0.211318E+01
   0.459289E-01   0.578764E+07   0.574995E+07  -0.646818E+02  -0.647087E+02   0.000000E+00   0.578171E+07   0.578171E+07   0.578171E+07  -0.140718E+00   0.306257E+07   0.306230E+07   0.192666E+01
   0.474857E-01   0.561244E+07   0.557657E+07  -0.586794E+02  -0.587038E+02   0.000000E+00   0.560680E+07   0.560680E+07   0.560680E+07  -0.136461E+00   0.296991E+07   0.296966E+07   0.173959E+01
   0.490952E-01   0.544600E+07   0.541212E+07  -0.532681E+02  -0.532903E+02   0.000000E+00   0.544067E+07   0.544067E+07   0.544067E+07  -0.132418E+00   0.288191E+07   0.288168E+07   0.155428E+01
   0.507593E-01   0.528787E+07   0.525614E+07  -0.483871E+02  -0.484072E+02   0.000000E+00   0.528288E+07   0.528288E+07   0.528288E+07  -0.128578E+00   0.279833E+07   0.279812E+07   0.137319E+01
   0.524798E-01   0.513744E+07   0.510797E+07  -0.439801E+02  -0.439985E+02   0.000000E+00   0.513280E+07   0.513280E+07   0.513280E+07  -0.124925E+00   0.271883E+07   0.271864E+07   0.119885E+01
   0.542586E-01   0.499394E+07   0.496679E+07  -0.399960E+02  -0.400127E+02   0.000000E+00   0.498967E+07   0.498967E+07   0.498967E+07  -0.121441E+00   0.264301E+07   0.264284E+07   0.103379E+01
   0.560977E-01   0.485655E+07   0.483174E+07  -0.363887E+02  -0.364039E+02   0.000000E+00   0.485265E+07   0.485265E+07   0.485265E+07  -0.118106E+00   0.257043E+07   0.257028E+07   0.880509E+00
   0.579991E-01   0.472465E+07   0.470213E+07  -0.331188E+02  -0.331326E+02   0.000000E+00   0.472111E+07   0.472111E+07   0.472111E+07  -0.114905E+00   0.250075E+07   0.250062E+07   0.741287E+00
   0.607329E-01   0.455399E+07   0.453446E+07  -0.291151E+02  -0.291273E+02   0.000000E+00   0.455092E+07   0.455092E+07   0.455092E+07  -0.110763E+00   0.241060E+07   0.241049E+07   0.575433E+00
   0.634666E-01   0.439256E+07   0.437556E+07  -0.257173E+02  -0.257280E+02   0.000000E+00   0.438989E+07   0.438989E+07   0.438989E+07  -0.106843E+00   0.232530E+07   0.232521E+07   0.449533E+00
   0.662004E-01   0.423868E+07   0.422367E+07  -0.228101E+02  -0.228196E+02   0.000000E+00   0.423631E+07   0.423631E+07   0.423631E+07  -0.103106E+00   0.224395E+07   0.224388E+07   0.360549E+00
   0.689342E-01   0.408883E+07   0.407526E+07  -0.202937E+02  -0.203022E+02   0.000000E+00   0.408670E+07   0.408670E+07   0.408670E+07  -0.994642E-01   0.216470E+07   0.216464E+07   0.304303E+00
   0.716679E-01   0.394063E+07   0.392796E+07  -0.180948E+02  -0.181023E+02   0.000000E+00   0.393864E+07   0.393864E+07   0.393864E+07  -0.958606E-01   0.208627E+07   0.208621E+07   0.275650E+00
   0.744017E-01   0.379283E+07   0.378055E+07  -0.161598E+02  -0.161665E+02   0.000000E+00   0.379090E+07   0.379090E+07   0.379090E+07  -0.922649E-01   0.200802E+07   0.200796E+07   0.268882E+00
   0.771355E-01   0.364529E+07   0.363297E+07  -0.144495E+02  -0.144556E+02   0.000000E+00   0.364336E+07   0.364336E+07   0.364336E+07  -0.886739E-01   0.192986E+07   0.192980E+07   0.278091E+00
   0.798692E-01   0.349872E+07   0.348603E+07  -0.129350E+02  -0.129404E+02   0.000000E+00   0.349672E+07   0.349672E+07   0.349672E+07  -0.851050E-01   0.185219E+07   0.185212E+07   0.297544E+00
   0.826030E-01   0.335432E+07   0.334104E+07  -0.115934E+02  -0.115982E+02   0.000000E+00   0.335223E+07   0.335223E+07   0.335223E+07  -0.815883E-01   0.177566E+07   0.177558E+07   0.321976E+00
   0.853368E-01   0.321354E+07   0.319954E+07  -0.104061E+02  -0.104104E+02   0.000000E+00   0.321134E+07   0.321134E+07   0.321134E+07  -0.781591E-01   0.170103E+07   0.170094E+07   0.346828E+00
   0.880705E-01   0.307781E+07   0.306310E+07  -0.935692E+01  -0.936082E+01   0.000000E+00   0.307550E+07   0.307550E+07   0.307550E+07  -0.748530E-01   0.162908E+07   0.162898E+07   0.368415E+00
   0.908043E-01   0.294849E+07   0.293314E+07  -0.843171E+01  -0.843522E+01   0.000000E+00   0.294608E+07   0.294608E+07   0.294608E+07  -0.717032E-01   0.156053E+07   0.156042E+07   0.384006E+00
   0.935380E-01   0.282681E+07   0.281097E+07  -0.761773E+01  -0.762090E+01   0.000000E+00   0.282432E+07   0.282432E+07   0.282432E+07  -0.687398E-01   0.149604E+07   0.149592E+07   0.391846E+00
   0.962718E-01   0.271383E+07   0.269772E+07  -0.690350E+01  -0.690638E+01   0.000000E+00   0.271129E+07   0.271129E+07   0.271129E+07  -0.659888E-01   0.143616E+07   0.143605E+07   0.391099E+00
   0.990056E-01   0.261035E+07   0.259422E+07  -0.627843E+01  -0.628104E+01   0.000000E+00   0.260781E+07   0.260781E+07   0.260781E+07  -0.634703E-01   0.138135E+07   0.138124E+07   0.381760E+00
   0.101739E+00   0.251684E+07   0.250094E+07  -0.573246E+01  -0.573485E+01   0.000000E+00   0.251434E+07   0.251434E+07   0.251434E+07  -0.611953E-01   0.133184E+07   0.133173E+07   0.364521E+00
   0.104473E+00   0.243329E+07   0.241786E+07  -0.525588E+01  -0.525807E+01   0.000000E+00   0.243086E+07   0.243086E+07   0.243086E+07  -0.591635E-01   0.128762E+07   0.128752E+07   0.340617E+00
   0.107207E+00   0.235919E+07   0.234447E+07  -0.483932E+01  -0.484134E+01   0.000000E+00   0.235688E+07   0.235688E+07   0.235688E+07  -0.573629E-01   0.124843E+07   0.124833E+07   0.311663E+00
   0.109941E+00   0.229364E+07   0.227979E+07  -0.447390E+01  -0.447576E+01   0.000000E+00   0.229146E+07   0.229146E+07   0.229146E+07  -0.557708E-01   0.121378E+07   0.121369E+07   0.279478E+00
   0.112674E+00   0.223542E+07   0.222255E+07  -0.415146E+01  -0.415318E+01   0.000000E+00   0.223339E+07   0.223339E+07   0.223339E+07  -0.543575E-01   0.118302E+07   0.118294E+07   0.245934E+00
   0.115408E+00   0.218316E+07   0.217135E+07  -0.386477E+01  -0.386638E+01   0.000000E+00   0.218130E+07   0.218130E+07   0.218130E+07  -0.530896E-01   0.115543E+07   0.115535E+07   0.212810E+00
   0.118142E+00   0.213546E+07   0.212472E+07  -0.360759E+01  -0.360909E+01   0.000000E+00   0.213377E+07   0.213377E+07   0.213377E+07  -0.519329E-01   0.113025E+07   0.113019E+07   0.181676E+00
   0.120876E+00   0.209098E+07   0.208124E+07  -0.337462E+01  -0.337603E+01   0.000000E+00   0.208944E+07   0.208944E+07   0.208944E+07  -0.508540E-01   0.110677E+07   0.110671E+07   0.153813E+00
   0.123609E+00   0.204840E+07   0.203957E+07  -0.316145E+01  -0.316276E+01   0.000000E+00   0.204701E+07   0.204701E+07   0.204701E+07  -0.498213E-01   0.108429E+07   0.108424E+07   0.130158E+00
   0.126343E+00   0.200655E+07   0.199850E+07  -0.296440E+01  -0.296564E+01   0.000000E+00   0.200528E+07   0.200528E+07   0.200528E+07  -0.488057E-01   0.106219E+07   0.106215E+07   0.111277E+00
   0.129077E+00   0.196441E+07   0.195697E+07  -0.278059E+01  -0.278175E+01   0.000000E+00   0.196324E+07   0.196324E+07   0.196324E+07  -0.477822E-01   0.103991E+07   0.103988E+07   0.973735E-01
   0.131811E+00   0.192120E+07   0.191420E+07  -0.260785E+01  -0.260894E+01   0.000000E+00   0.192010E+07   0.192010E+07   0.192010E+07  -0.467323E-01   0.101706E+07   0.101703E+07   0.883150E-01
   0.134545E+00   0.187649E+07   0.186976E+07  -0.244473E+01  -0.244574E+01   0.000000E+00   0.187543E+07   0.187543E+07   0.187543E+07  -0.456452E-01   0.993405E+06   0.993371E+06   0.836793E-01
   0.137278E+00   0.183020E+07   0.182358E+07  -0.229039E+01  -0.229135E+01   0.000000E+00   0.182916E+07   0.182916E+07   0.182916E+07  -0.445191E-01   0.968896E+06   0.968862E+06   0.828174E-01
   0.140012E+00   0.178259E+07   0.177593E+07  -0.214451E+01  -0.214541E+01   0.000000E+00   0.178154E+07   0.178154E+07   0.178154E+07  -0.433601E-01   0.943673E+06   0.943637E+06   0.849241E-01
   0.142746E+00   0.173414E+07   0.172734E+07  -0.200704E+01  -0.200787E+01   0.000000E+00   0.173307E+07   0.173307E+07   0.173307E+07  -0.421803E-01   0.917998E+06   0.917960E+06   0.891109E-01
   0.145480E+00   0.168547E+07   0.167845E+07  -0.187803E+01  -0.187881E+01   0.000000E+00   0.168437E+07   0.168437E+07   0.168437E+07  -0.409950E-01   0.892202E+06   0.892161E+06   0.944773E-01
   0.148213E+00   0.163724E+07   0.162995E+07  -0.175754E+01  -0.175828E+01   0.000000E+00   0.163609E+07   0.163609E+07   0.163609E+07  -0.398200E-01   0.866630E+06   0.866586E+06   0.100172E+00
   0.150947E+00   0.159004E+07   0.158249E+07  -0.164555E+01  -0.164623E+01   0.000000E+00   0.158885E+07   0.158885E+07   0.158885E+07  -0.386703E-01   0.841609E+06   0.841561E+06   0.105443E+00
   0.153681E+00   0.154444E+07   0.153664E+07  -0.154194E+01  -0.154258E+01   0.000000E+00   0.154321E+07   0.154321E+07   0.154321E+07  -0.375595E-01   0.817434E+06   0.817384E+06   0.109676E+00
   0.156415E+00   0.150093E+07   0.149294E+07  -0.144652E+01  -0.144712E+01   0.000000E+00   0.149967E+07   0.149967E+07   0.149967E+07  -0.364998E-01   0.794372E+06   0.794319E+06   0.112417E+00
   0.159148E+00   0.145995E+07   0.145185E+07  -0.135907E+01  -0.135963E+01   0.000000E+00   0.145868E+07   0.145868E+07   0.145868E+07  -0.355020E-01   0.772657E+06   0.772603E+06   0.113383E+00
   0.161882E+00   0.142187E+07   0.141374E+07  -0.127926E+01  -0.127979E+01   0.000000E+00   0.142059E+07   0.142059E+07   0.142059E+07  -0.345750E-01   0.752483E+06   0.752428E+06   0.112458E+00
   0.164616E+00   0.138692E+07   0.137885E+07  -0.120670E+01  -0.120720E+01   0.000000E+00   0.138565E+07   0.138565E+07   0.138565E+07  -0.337248E-01   0.733977E+06   0.733923E+06   0.109683E+00
   0.167350E+00   0.135520E+07   0.134728E+07  -0.114088E+01  -0.114136E+01   0.000000E+00   0.135395E+07   0.135395E+07   0.135395E+07  -0.329532E-01   0.717185E+06   0.717132E+06   0.105236E+00
   0.170083E+00   0.132659E+07   0.131891E+07  -0.108119E+01  -0.108165E+01   0.000000E+00   0.132538E+07   0.132538E+07   0.132538E+07  -0.322578E-01   0.702051E+06   0.702000E+06   0.994010E-01
   0.172817E+00   0.130083E+07   0.129345E+07  -0.102694E+01  -0.102736E+01   0.000000E+00   0.129967E+07   0.129967E+07   0.129967E+07  -0.316320E-01   0.688430E+06   0.688382E+06   0.925361E-01
   0.175551E+00   0.127750E+07   0.127049E+07  -0.977378E+00  -0.977785E+00   0.000000E+00   0.127640E+07   0.127640E+07   0.127640E+07  -0.310656E-01   0.676104E+06   0.676059E+06   0.850404E-01
   0.178285E+00   0.125613E+07   0.124950E+07  -0.931806E+00  -0.932194E+00   0.000000E+00   0.125509E+07   0.125509E+07   0.125509E+07  -0.305469E-01   0.664815E+06   0.664773E+06   0.773205E-01
   0.181019E+00   0.123620E+07   0.122998E+07  -0.889564E+00  -0.889934E+00   0.000000E+00   0.123522E+07   0.123522E+07   0.123522E+07  -0.300635E-01   0.654293E+06   0.654255E+06   0.697605E-01
   0.183752E+00   0.121724E+07   0.121140E+07  -0.850076E+00  -0.850430E+00   0.000000E+00   0.121632E+07   0.121632E+07   0.121632E+07  -0.296035E-01   0.644280E+06   0.644246E+06   0.626983E-01
   0.186486E+00   0.119880E+07   0.119333E+07  -0.812858E+00  -0.813196E+00   0.000000E+00   0.119794E+07   0.119794E+07   0.119794E+07  -0.291561E-01   0.634544E+06   0.634512E+06   0.564076E-01
   0.189220E+00   0.118051E+07   0.117536E+07  -0.777513E+00  -0.777837E+00   0.000000E+00   0.117970E+07   0.117970E+07   0.117970E+07  -0.287121E-01   0.624880E+06   0.624852E+06   0.510862E-01
   0.191954E+00   0.116205E+07   0.115716E+07  -0.743726E+00  -0.744036E+00   0.000000E+00   0.116128E+07   0.116128E+07   0.116128E+07  -0.282639E-01   0.615125E+06   0.615098E+06   0.468512E-01
   0.194687E+00   0.114319E+07   0.113851E+07  -0.711261E+00  -0.711557E+00   0.000000E+00   0.114245E+07   0.114245E+07   0.114245E+07  -0.278056E-01   0.605150E+06   0.605125E+06   0.437396E-01
   0.197421E+00   0.112377E+07   0.111924E+07  -0.679956E+00  -0.680239E+00   0.000000E+00   0.112306E+07   0.112306E+07   0.112306E+07  -0.273335E-01   0.594877E+06   0.594852E+06   0.417141E-01
   0.200155E+00   0.110374E+07   0.109929E+07  -0.649719E+00  -0.649989E+00   0.000000E+00   0.110304E+07   0.110304E+07   0.110304E+07  -0.268464E-01   0.584274E+06   0.584250E+06   0.406734E-01
   0.202889E+00   0.108313E+07   0.107872E+07  -0.620518E+00  -0.620776E+00   0.000000E+00   0.108244E+07   0.108244E+07   0.108244E+07  -0.263449E-01   0.573361E+06   0.573336E+06   0.404656E-01
   0.205622E+00   0.106206E+07   0.105763E+07  -0.592367E+00  -0.592614E+00   0.000000E+00   0.106136E+07   0.106136E+07   0.106136E+07  -0.258320E-01   0.562198E+06   0.562173E+06   0.409037E-01
   0.208356E+00   0.104070E+07   0.103622E+07  -0.565313E+00  -0.565549E+00   0.000000E+00   0.104000E+07   0.104000E+07   0.104000E+07  -0.253119E-01   0.550881E+06   0.550855E+06   0.417822E-01
   0.211090E+00   0.101927E+07   0.101473E+07  -0.539415E+00  -0.539640E+00   0.000000E+00   0.101856E+07   0.101856E+07   0.101856E+07  -0.247902E-01   0.539526E+06   0.539499E+06   0.428924E-01
   0.213824E+00   0.998016E+06   0.993392E+06  -0.514735E+00  -0.514950E+00   0.000000E+00   0.997289E+06   0.997289E+06   0.997289E+06  -0.242725E-01   0.528260E+06   0.528231E+06   0.440375E-01
   0.216557E+00   0.977168E+06   0.972466E+06  -0.491327E+00  -0.491532E+00   0.000000E+00   0.976428E+06   0.976428E+06   0.976428E+06  -0.237648E-01   0.517210E+06   0.517181E+06   0.450436E-01
   0.225219E+00   0.916222E+06   0.911398E+06  -0.425906E+00  -0.426084E+00   0.000000E+00   0.915463E+06   0.915463E+06   0.915463E+06  -0.222810E-01   0.484918E+06   0.484887E+06   0.459362E-01
   0.234226E+00   0.864451E+06   0.859821E+06  -0.371523E+00  -0.371678E+00   0.000000E+00   0.863723E+06   0.863723E+06   0.863723E+06  -0.210217E-01   0.457511E+06   0.457481E+06   0.421382E-01
   0.243594E+00   0.822362E+06   0.818216E+06  -0.326786E+00  -0.326922E+00   0.000000E+00   0.821710E+06   0.821710E+06   0.821710E+06  -0.199992E-01   0.435257E+06   0.435231E+06   0.349131E-01
   0.253336E+00   0.785104E+06   0.781498E+06  -0.288463E+00  -0.288583E+00   0.000000E+00   0.784537E+06   0.784537E+06   0.784537E+06  -0.190945E-01   0.415566E+06   0.415545E+06   0.278006E-01
   0.263469E+00   0.746709E+06   0.743445E+06  -0.253668E+00  -0.253773E+00   0.000000E+00   0.746195E+06   0.746195E+06   0.746195E+06  -0.181613E-01   0.395256E+06   0.395237E+06   0.237749E-01
   0.274006E+00   0.704516E+06   0.701327E+06  -0.221276E+00  -0.221368E+00   0.000000E+00   0.704014E+06   0.704014E+06   0.704014E+06  -0.171347E-01   0.372913E+06   0.372894E+06   0.230599E-01
   0.284965E+00   0.661202E+06   0.657976E+06  -0.191997E+00  -0.192077E+00   0.000000E+00   0.660694E+06   0.660694E+06   0.660694E+06  -0.160803E-01   0.349967E+06   0.349947E+06   0.233493E-01
   0.296362E+00   0.621796E+06   0.618642E+06  -0.166930E+00  -0.167000E+00   0.000000E+00   0.621300E+06   0.621300E+06   0.621300E+06  -0.151215E-01   0.329100E+06   0.329081E+06   0.221867E-01
   0.308215E+00   0.588509E+06   0.585605E+06  -0.146078E+00  -0.146139E+00   0.000000E+00   0.588052E+06   0.588052E+06   0.588052E+06  -0.143123E-01   0.311489E+06   0.311471E+06   0.192195E-01
   0.320542E+00   0.558834E+06   0.556229E+06  -0.128253E+00  -0.128307E+00   0.000000E+00   0.558424E+06   0.558424E+06   0.558424E+06  -0.135912E-01   0.295795E+06   0.295779E+06   0.161090E-01
   0.333362E+00   0.528801E+06   0.526376E+06  -0.112207E+00  -0.112254E+00   0.000000E+00   0.528420E+06   0.528420E+06   0.528420E+06  -0.128610E-01   0.279902E+06   0.279887E+06   0.143898E-01
   0.346695E+00   0.497521E+06   0.495156E+06  -0.976040E-01  -0.976447E-01   0.000000E+00   0.497149E+06   0.497149E+06   0.497149E+06  -0.120999E-01   0.263338E+06   0.263323E+06   0.138114E-01
   0.360561E+00   0.467801E+06   0.465506E+06  -0.848489E-01  -0.848843E-01   0.000000E+00   0.467440E+06   0.467440E+06   0.467440E+06  -0.113768E-01   0.247601E+06   0.247587E+06   0.130414E-01
   0.374981E+00   0.441610E+06   0.439472E+06  -0.740569E-01  -0.740877E-01   0.000000E+00   0.441274E+06   0.441274E+06   0.441274E+06  -0.107399E-01   0.233741E+06   0.233728E+06   0.115508E-01
   0.389978E+00   0.417662E+06   0.415699E+06  -0.647586E-01  -0.647856E-01   0.000000E+00   0.417353E+06   0.417353E+06   0.417353E+06  -0.101578E-01   0.221070E+06   0.221059E+06   0.100582E-01
   0.405575E+00   0.393837E+06   0.391982E+06  -0.564581E-01  -0.564816E-01   0.000000E+00   0.393546E+06   0.393546E+06   0.393546E+06  -0.957832E-02   0.208459E+06   0.208448E+06   0.918053E-02
   0.421796E+00   0.370412E+06   0.368630E+06  -0.490938E-01  -0.491142E-01   0.000000E+00   0.370132E+06   0.370132E+06   0.370132E+06  -0.900846E-02   0.196057E+06   0.196046E+06   0.857187E-02
   0.438666E+00   0.348912E+06   0.347233E+06  -0.427558E-01  -0.427736E-01   0.000000E+00   0.348648E+06   0.348648E+06   0.348648E+06  -0.848558E-02   0.184677E+06   0.184667E+06   0.774393E-02
   0.456210E+00   0.329164E+06   0.327603E+06  -0.372934E-01  -0.373089E-01   0.000000E+00   0.328918E+06   0.328918E+06   0.328918E+06  -0.800538E-02   0.174226E+06   0.174217E+06   0.686946E-02
   0.474456E+00   0.310024E+06   0.308552E+06  -0.324753E-01  -0.324888E-01   0.000000E+00   0.309793E+06   0.309793E+06   0.309793E+06  -0.753989E-02   0.164096E+06   0.164087E+06   0.624497E-02
   0.493432E+00   0.291637E+06   0.290240E+06  -0.282446E-01  -0.282564E-01   0.000000E+00   0.291417E+06   0.291417E+06   0.291417E+06  -0.709266E-02   0.154362E+06   0.154354E+06   0.572324E-02
   0.513167E+00   0.274601E+06   0.273290E+06  -0.245886E-01  -0.245988E-01   0.000000E+00   0.274395E+06   0.274395E+06   0.274395E+06  -0.667836E-02   0.145346E+06   0.145338E+06   0.514626E-02
   0.533691E+00   0.258556E+06   0.257327E+06  -0.214055E-01  -0.214144E-01   0.000000E+00   0.258363E+06   0.258363E+06   0.258363E+06  -0.628817E-02   0.136854E+06   0.136846E+06   0.463323E-02
   0.555036E+00   0.243191E+06   0.242031E+06  -0.186147E-01  -0.186224E-01   0.000000E+00   0.243009E+06   0.243009E+06   0.243009E+06  -0.591447E-02   0.128721E+06   0.128714E+06   0.421694E-02
   0.577234E+00   0.228767E+06   0.227675E+06  -0.161897E-01  -0.161964E-01   0.000000E+00   0.228595E+06   0.228595E+06   0.228595E+06  -0.556366E-02   0.121086E+06   0.121079E+06   0.381034E-02
   0.600321E+00   0.215204E+06   0.214179E+06  -0.140810E-01  -0.140868E-01   0.000000E+00   0.215042E+06   0.215042E+06   0.215042E+06  -0.523381E-02   0.113907E+06   0.113901E+06   0.343601E-02
   0.624330E+00   0.202325E+06   0.201361E+06  -0.122397E-01  -0.122448E-01   0.000000E+00   0.202173E+06   0.202173E+06   0.202173E+06  -0.492060E-02   0.107090E+06   0.107085E+06   0.311383E-02
   0.649300E+00   0.190209E+06   0.189302E+06  -0.106387E-01  -0.106431E-01   0.000000E+00   0.190066E+06   0.190066E+06   0.190066E+06  -0.462593E-02   0.100677E+06   0.100672E+06   0.281231E-02
   0.810878E+00   0.133534E+06   0.132898E+06  -0.478886E-02  -0.479085E-02   0.000000E+00   0.133434E+06   0.133434E+06   0.133434E+06  -0.324759E-02   0.706796E+05   0.706758E+05   0.158003E-02
   0.101266E+01   0.931839E+05   0.927402E+05  -0.214269E-02  -0.214359E-02   0.000000E+00   0.931141E+05   0.931141E+05   0.931141E+05  -0.226626E-02   0.493222E+05   0.493195E+05   0.883090E-03
   0.126466E+01   0.646782E+05   0.643703E+05  -0.953580E-03  -0.953977E-03   0.000000E+00   0.646297E+05   0.646297E+05   0.646297E+05  -0.157299E-02   0.342341E+05   0.342322E+05   0.491264E-03
   0.157937E+01   0.446751E+05   0.444625E+05  -0.422324E-03  -0.422500E-03   0.000000E+00   0.446417E+05   0.446417E+05   0.446417E+05  -0.108651E-02   0.236465E+05   0.236452E+05   0.272243E-03
   0.197240E+01   0.307236E+05   0.305774E+05  -0.186223E-03  -0.186300E-03   0.000000E+00   0.307006E+05   0.307006E+05   0.307006E+05  -0.747208E-03   0.162620E+05   0.162611E+05   0.150430E-03
   0.246323E+01   0.210453E+05   0.209452E+05  -0.817892E-04  -0.818233E-04   0.000000E+00   0.210296E+05   0.210296E+05   0.210296E+05  -0.511829E-03   0.111393E+05   0.111387E+05   0.829756E-04
   0.307620E+01   0.143640E+05   0.142956E+05  -0.357928E-04  -0.358077E-04   0.000000E+00   0.143532E+05   0.143532E+05   0.143532E+05  -0.349337E-03   0.760285E+04   0.760243E+04   0.457567E-04
   0.384171E+01   0.977171E+04   0.972517E+04  -0.156125E-04  -0.156190E-04   0.000000E+00   0.976439E+04   0.976439E+04   0.976439E+04  -0.237651E-03   0.517216E+04   0.517186E+04   0.252781E-04
   0.479772E+01   0.662772E+04   0.659614E+04  -0.678963E-05  -0.679246E-05   0.000000E+00   0.662275E+04   0.662275E+04   0.662275E+04  -0.161188E-03   0.350805E+04   0.350784E+04   0.140301E-04
   0.599162E+01   0.448301E+04   0.446162E+04  -0.294464E-05  -0.294587E-05   0.000000E+00   0.447965E+04   0.447965E+04   0.447965E+04  -0.109028E-03   0.237285E+04   0.237271E+04   0.785484E-05
   0.748263E+01   0.302471E+04   0.301025E+04  -0.127387E-05  -0.127440E-05   0.000000E+00   0.302243E+04   0.302243E+04   0.302243E+04  -0.735615E-04   0.160097E+04   0.160087E+04   0.445982E-05
   0.934467E+01   0.203607E+04   0.202631E+04  -0.549816E-06  -0.550045E-06   0.000000E+00   0.203453E+04   0.203453E+04   0.203453E+04  -0.495175E-04   0.107769E+04   0.107761E+04   0.258589E-05
   0.116701E+02   0.136765E+04   0.136106E+04  -0.236800E-06  -0.236898E-06   0.000000E+00   0.136661E+04   0.136661E+04   0.136661E+04  -0.332614E-04   0.723891E+03   0.723837E+03   0.154365E-05
