#           k/h    P           
    0.73812E-04    0.30133E+03
    0.10301E-03    0.41585E+03
    0.14377E-03    0.57383E+03
    0.20064E-03    0.79165E+03
    0.28002E-03    0.10917E+04
    0.39079E-03    0.15044E+04
    0.54540E-03    0.20702E+04
    0.76116E-03    0.28422E+04
    0.10623E-02    0.38875E+04
    0.14825E-02    0.52868E+04
    0.20691E-02    0.71272E+04
    0.28876E-02    0.94844E+04
    0.40300E-02    0.12389E+05
    0.41666E-02    0.12708E+05
    0.43078E-02    0.13031E+05
    0.44538E-02    0.13360E+05
    0.46048E-02    0.13692E+05
    0.47609E-02    0.14029E+05
    0.49222E-02    0.14370E+05
    0.50891E-02    0.14714E+05
    0.52616E-02    0.15062E+05
    0.54399E-02    0.15413E+05
    0.56243E-02    0.15766E+05
    0.58149E-02    0.16122E+05
    0.60120E-02    0.16480E+05
    0.62158E-02    0.16840E+05
    0.64265E-02    0.17200E+05
    0.66443E-02    0.17561E+05
    0.68695E-02    0.17922E+05
    0.71024E-02    0.18283E+05
    0.73431E-02    0.18643E+05
    0.75920E-02    0.19001E+05
    0.78493E-02    0.19357E+05
    0.81154E-02    0.19709E+05
    0.83905E-02    0.20058E+05
    0.86748E-02    0.20402E+05
    0.89689E-02    0.20741E+05
    0.92729E-02    0.21074E+05
    0.95872E-02    0.21399E+05
    0.99121E-02    0.21716E+05
    0.10248E-01    0.22025E+05
    0.10595E-01    0.22323E+05
    0.10955E-01    0.22610E+05
    0.11326E-01    0.22884E+05
    0.11710E-01    0.23145E+05
    0.12107E-01    0.23392E+05
    0.12517E-01    0.23623E+05
    0.12941E-01    0.23837E+05
    0.13380E-01    0.24032E+05
    0.13834E-01    0.24208E+05
    0.14302E-01    0.24363E+05
    0.14787E-01    0.24496E+05
    0.15288E-01    0.24606E+05
    0.15807E-01    0.24691E+05
    0.16342E-01    0.24750E+05
    0.16896E-01    0.24782E+05
    0.17469E-01    0.24786E+05
    0.18061E-01    0.24760E+05
    0.18673E-01    0.24705E+05
    0.19306E-01    0.24619E+05
    0.19961E-01    0.24500E+05
    0.20637E-01    0.24350E+05
    0.21337E-01    0.24167E+05
    0.22060E-01    0.23951E+05
    0.22808E-01    0.23702E+05
    0.23581E-01    0.23421E+05
    0.24380E-01    0.23109E+05
    0.25206E-01    0.22765E+05
    0.26061E-01    0.22391E+05
    0.26944E-01    0.21989E+05
    0.27857E-01    0.21561E+05
    0.28802E-01    0.21108E+05
    0.29778E-01    0.20634E+05
    0.30787E-01    0.20142E+05
    0.31831E-01    0.19634E+05
    0.32909E-01    0.19114E+05
    0.34025E-01    0.18586E+05
    0.35178E-01    0.18054E+05
    0.36371E-01    0.17522E+05
    0.37603E-01    0.16994E+05
    0.38878E-01    0.16467E+05
    0.40196E-01    0.15952E+05
    0.41558E-01    0.15454E+05
    0.42967E-01    0.14976E+05
    0.44423E-01    0.14522E+05
    0.45929E-01    0.14094E+05
    0.47486E-01    0.13694E+05
    0.49095E-01    0.13320E+05
    0.50759E-01    0.12973E+05
    0.52480E-01    0.12649E+05
    0.54259E-01    0.12346E+05
    0.56098E-01    0.12061E+05
    0.57999E-01    0.11789E+05
    0.59965E-01    0.11545E+05
    0.62699E-01    0.11212E+05
    0.65433E-01    0.10885E+05
    0.68166E-01    0.10551E+05
    0.70900E-01    0.10197E+05
    0.73634E-01    0.98192E+04
    0.76368E-01    0.94170E+04
    0.79101E-01    0.89956E+04
    0.81835E-01    0.85631E+04
    0.84569E-01    0.81289E+04
    0.87303E-01    0.77023E+04
    0.90036E-01    0.72917E+04
    0.92770E-01    0.69039E+04
    0.95504E-01    0.65449E+04
    0.98238E-01    0.62191E+04
    0.10097E+00    0.59295E+04
    0.10371E+00    0.56772E+04
    0.10644E+00    0.54612E+04
    0.10917E+00    0.52786E+04
    0.11191E+00    0.51251E+04
    0.11464E+00    0.49951E+04
    0.11737E+00    0.48830E+04
    0.12011E+00    0.47829E+04
    0.12284E+00    0.46895E+04
    0.12558E+00    0.45976E+04
    0.12831E+00    0.45030E+04
    0.13104E+00    0.44019E+04
    0.13378E+00    0.42921E+04
    0.13651E+00    0.41726E+04
    0.13924E+00    0.40440E+04
    0.14198E+00    0.39080E+04
    0.14471E+00    0.37675E+04
    0.14745E+00    0.36252E+04
    0.15018E+00    0.34844E+04
    0.15291E+00    0.33475E+04
    0.15565E+00    0.32169E+04
    0.15838E+00    0.30946E+04
    0.16111E+00    0.29820E+04
    0.16385E+00    0.28803E+04
    0.16658E+00    0.27900E+04
    0.16932E+00    0.27109E+04
    0.17205E+00    0.26425E+04
    0.17478E+00    0.25832E+04
    0.17752E+00    0.25316E+04
    0.18025E+00    0.24858E+04
    0.18298E+00    0.24440E+04
    0.18572E+00    0.24044E+04
    0.18845E+00    0.23654E+04
    0.19119E+00    0.23257E+04
    0.19392E+00    0.22843E+04
    0.19665E+00    0.22403E+04
    0.19939E+00    0.21934E+04
    0.20212E+00    0.21436E+04
    0.20485E+00    0.20912E+04
    0.20759E+00    0.20367E+04
    0.21032E+00    0.19811E+04
    0.21306E+00    0.19251E+04
    0.21579E+00    0.18697E+04
    0.21852E+00    0.18157E+04
    0.22726E+00    0.16607E+04
    0.23635E+00    0.15383E+04
    0.24581E+00    0.14475E+04
    0.25564E+00    0.13697E+04
    0.26586E+00    0.12856E+04
    0.27649E+00    0.11879E+04
    0.28755E+00    0.10875E+04
    0.29905E+00    0.10004E+04
    0.31101E+00    0.93182E+03
    0.32345E+00    0.87258E+03
    0.33639E+00    0.81092E+03
    0.34984E+00    0.74557E+03
    0.36383E+00    0.68533E+03
    0.37839E+00    0.63484E+03
    0.39352E+00    0.58980E+03
    0.40926E+00    0.54452E+03
    0.42563E+00    0.50049E+03
    0.44265E+00    0.46158E+03
    0.46035E+00    0.42674E+03
    0.47876E+00    0.39315E+03
    0.49791E+00    0.36149E+03
    0.51783E+00    0.33302E+03
    0.53854E+00    0.30668E+03
    0.56007E+00    0.28185E+03
    0.58247E+00    0.25913E+03
    0.60577E+00    0.23821E+03
    0.63000E+00    0.21874E+03
    0.65519E+00    0.20084E+03
    0.81824E+00    0.12285E+03
    0.10219E+01    0.74237E+02
    0.12761E+01    0.44377E+02
    0.15937E+01    0.26268E+02
    0.19903E+01    0.15412E+02
    0.24856E+01    0.89707E+01
    0.31041E+01    0.51835E+01
    0.38766E+01    0.29755E+01
    0.48413E+01    0.16977E+01
    0.60460E+01    0.96332E+00
    0.75506E+01    0.54385E+00
    0.94295E+01    0.30560E+00
    0.11776E+02    0.17099E+00
