#          k/h    CDM            baryon         photon         nu             mass_nu        total          no_nu          total_de       Weyl           v_CDM          v_b            v_b-v_c     
   0.738116E-04   0.206231E+08   0.206231E+08   0.267368E+08   0.267357E+08   0.000000E+00   0.206231E+08   0.206231E+08   0.206314E+08  -0.465479E+00   0.104651E+08   0.104651E+08   0.433244E-01
   0.103012E-03   0.206217E+08   0.206217E+08   0.260318E+08   0.260297E+08   0.000000E+00   0.206217E+08   0.206217E+08   0.206297E+08  -0.465437E+00   0.104644E+08   0.104644E+08   0.603854E-01
   0.143765E-03   0.206188E+08   0.206188E+08   0.247070E+08   0.247032E+08   0.000000E+00   0.206188E+08   0.206188E+08   0.206265E+08  -0.465355E+00   0.104629E+08   0.104629E+08   0.840691E-01
   0.200641E-03   0.206134E+08   0.206134E+08   0.223019E+08   0.222955E+08   0.000000E+00   0.206134E+08   0.206134E+08   0.206203E+08  -0.465200E+00   0.104601E+08   0.104601E+08   0.116786E+00
   0.280017E-03   0.206029E+08   0.206029E+08   0.182233E+08   0.182139E+08   0.000000E+00   0.206029E+08   0.206029E+08   0.206086E+08  -0.464908E+00   0.104547E+08   0.104547E+08   0.161574E+00
   0.390795E-03   0.205833E+08   0.205832E+08   0.121932E+08   0.121833E+08   0.000000E+00   0.205832E+08   0.205832E+08   0.205870E+08  -0.464375E+00   0.104446E+08   0.104446E+08   0.221975E+00
   0.545398E-03   0.205471E+08   0.205471E+08   0.549374E+07   0.549077E+07   0.000000E+00   0.205471E+08   0.205471E+08   0.205488E+08  -0.463445E+00   0.104259E+08   0.104259E+08   0.301737E+00
   0.761165E-03   0.204833E+08   0.204832E+08   0.156672E+07   0.157129E+07   0.000000E+00   0.204833E+08   0.204833E+08   0.204838E+08  -0.461907E+00   0.103930E+08   0.103930E+08   0.404828E+00
   0.106229E-02   0.203758E+08   0.203757E+08   0.891685E+06   0.886997E+06   0.000000E+00   0.203758E+08   0.203758E+08   0.203761E+08  -0.459440E+00   0.103379E+08   0.103379E+08   0.537145E+00
   0.148255E-02   0.202022E+08   0.202019E+08   0.201815E+06   0.191644E+06   0.000000E+00   0.202021E+08   0.202021E+08   0.202022E+08  -0.455504E+00   0.102494E+08   0.102494E+08   0.707389E+00
   0.206906E-02   0.199308E+08   0.199302E+08  -0.136274E+06  -0.136318E+06   0.000000E+00   0.199307E+08   0.199307E+08   0.199306E+08  -0.449372E+00   0.101116E+08   0.101116E+08   0.925886E+00
   0.288761E-02   0.195204E+08   0.195194E+08  -0.685149E+05  -0.685369E+05   0.000000E+00   0.195203E+08   0.195203E+08   0.195202E+08  -0.440116E+00   0.990323E+07   0.990322E+07   0.120544E+01
   0.402998E-02   0.189218E+08   0.189199E+08  -0.340951E+05  -0.341060E+05   0.000000E+00   0.189215E+08   0.189215E+08   0.189215E+08  -0.426614E+00   0.959940E+07   0.959938E+07   0.156110E+01
   0.416658E-02   0.188495E+08   0.188475E+08  -0.317741E+05  -0.317843E+05   0.000000E+00   0.188492E+08   0.188492E+08   0.188492E+08  -0.424984E+00   0.956271E+07   0.956269E+07   0.160147E+01
   0.430780E-02   0.187748E+08   0.187726E+08  -0.296068E+05  -0.296163E+05   0.000000E+00   0.187744E+08   0.187744E+08   0.187744E+08  -0.423297E+00   0.952476E+07   0.952474E+07   0.164278E+01
   0.445382E-02   0.186975E+08   0.186952E+08  -0.275832E+05  -0.275920E+05   0.000000E+00   0.186971E+08   0.186971E+08   0.186971E+08  -0.421554E+00   0.948552E+07   0.948550E+07   0.168505E+01
   0.460478E-02   0.186176E+08   0.186151E+08  -0.256938E+05  -0.257021E+05   0.000000E+00   0.186171E+08   0.186171E+08   0.186171E+08  -0.419751E+00   0.944496E+07   0.944494E+07   0.172828E+01
   0.476086E-02   0.185350E+08   0.185324E+08  -0.239301E+05  -0.239377E+05   0.000000E+00   0.185346E+08   0.185346E+08   0.185345E+08  -0.417889E+00   0.940306E+07   0.940304E+07   0.177249E+01
   0.492223E-02   0.184497E+08   0.184469E+08  -0.222836E+05  -0.222908E+05   0.000000E+00   0.184493E+08   0.184493E+08   0.184493E+08  -0.415966E+00   0.935979E+07   0.935976E+07   0.181770E+01
   0.508907E-02   0.183617E+08   0.183587E+08  -0.207469E+05  -0.207536E+05   0.000000E+00   0.183612E+08   0.183612E+08   0.183612E+08  -0.413981E+00   0.931512E+07   0.931509E+07   0.186391E+01
   0.526156E-02   0.182709E+08   0.182677E+08  -0.193128E+05  -0.193190E+05   0.000000E+00   0.182703E+08   0.182703E+08   0.182703E+08  -0.411932E+00   0.926901E+07   0.926898E+07   0.191113E+01
   0.543990E-02   0.181772E+08   0.181738E+08  -0.179745E+05  -0.179802E+05   0.000000E+00   0.181766E+08   0.181766E+08   0.181766E+08  -0.409818E+00   0.922145E+07   0.922141E+07   0.195938E+01
   0.562429E-02   0.180805E+08   0.180769E+08  -0.167258E+05  -0.167311E+05   0.000000E+00   0.180799E+08   0.180799E+08   0.180799E+08  -0.407638E+00   0.917240E+07   0.917236E+07   0.200866E+01
   0.581492E-02   0.179809E+08   0.179771E+08  -0.155608E+05  -0.155658E+05   0.000000E+00   0.179802E+08   0.179802E+08   0.179802E+08  -0.405391E+00   0.912183E+07   0.912179E+07   0.205898E+01
   0.601202E-02   0.178782E+08   0.178741E+08  -0.144740E+05  -0.144787E+05   0.000000E+00   0.178775E+08   0.178775E+08   0.178775E+08  -0.403075E+00   0.906972E+07   0.906968E+07   0.211033E+01
   0.621580E-02   0.177725E+08   0.177681E+08  -0.134604E+05  -0.134647E+05   0.000000E+00   0.177717E+08   0.177717E+08   0.177717E+08  -0.400690E+00   0.901604E+07   0.901600E+07   0.216273E+01
   0.642648E-02   0.176635E+08   0.176589E+08  -0.125150E+05  -0.125191E+05   0.000000E+00   0.176628E+08   0.176628E+08   0.176628E+08  -0.398233E+00   0.896076E+07   0.896072E+07   0.221617E+01
   0.664431E-02   0.175514E+08   0.175465E+08  -0.116335E+05  -0.116373E+05   0.000000E+00   0.175506E+08   0.175506E+08   0.175506E+08  -0.395704E+00   0.890386E+07   0.890381E+07   0.227064E+01
   0.686952E-02   0.174361E+08   0.174308E+08  -0.108117E+05  -0.108151E+05   0.000000E+00   0.174352E+08   0.174352E+08   0.174352E+08  -0.393102E+00   0.884530E+07   0.884525E+07   0.232614E+01
   0.710236E-02   0.173174E+08   0.173118E+08  -0.100455E+05  -0.100487E+05   0.000000E+00   0.173164E+08   0.173164E+08   0.173164E+08  -0.390424E+00   0.878506E+07   0.878500E+07   0.238266E+01
   0.734310E-02   0.171953E+08   0.171894E+08  -0.933135E+04  -0.933434E+04   0.000000E+00   0.171943E+08   0.171943E+08   0.171943E+08  -0.387671E+00   0.872311E+07   0.872305E+07   0.244017E+01
   0.759199E-02   0.170698E+08   0.170636E+08  -0.866580E+04  -0.866858E+04   0.000000E+00   0.170688E+08   0.170688E+08   0.170688E+08  -0.384841E+00   0.865942E+07   0.865936E+07   0.249867E+01
   0.784933E-02   0.169409E+08   0.169342E+08  -0.804563E+04  -0.804821E+04   0.000000E+00   0.169398E+08   0.169398E+08   0.169398E+08  -0.381932E+00   0.859397E+07   0.859391E+07   0.255811E+01
   0.811538E-02   0.168084E+08   0.168014E+08  -0.746785E+04  -0.747024E+04   0.000000E+00   0.168072E+08   0.168072E+08   0.168072E+08  -0.378944E+00   0.852673E+07   0.852666E+07   0.261848E+01
   0.839045E-02   0.166724E+08   0.166649E+08  -0.692964E+04  -0.693186E+04   0.000000E+00   0.166711E+08   0.166711E+08   0.166711E+08  -0.375875E+00   0.845767E+07   0.845760E+07   0.267972E+01
   0.867485E-02   0.165327E+08   0.165247E+08  -0.642837E+04  -0.643043E+04   0.000000E+00   0.165314E+08   0.165314E+08   0.165313E+08  -0.372723E+00   0.838676E+07   0.838669E+07   0.274181E+01
   0.896888E-02   0.163893E+08   0.163809E+08  -0.596160E+04  -0.596351E+04   0.000000E+00   0.163879E+08   0.163879E+08   0.163879E+08  -0.369489E+00   0.831399E+07   0.831391E+07   0.280467E+01
   0.927288E-02   0.162422E+08   0.162332E+08  -0.552702E+04  -0.552880E+04   0.000000E+00   0.162407E+08   0.162407E+08   0.162407E+08  -0.366170E+00   0.823931E+07   0.823923E+07   0.286826E+01
   0.958719E-02   0.160913E+08   0.160818E+08  -0.512250E+04  -0.512414E+04   0.000000E+00   0.160897E+08   0.160897E+08   0.160897E+08  -0.362766E+00   0.816272E+07   0.816263E+07   0.293250E+01
   0.991215E-02   0.159366E+08   0.159265E+08  -0.474602E+04  -0.474754E+04   0.000000E+00   0.159349E+08   0.159349E+08   0.159349E+08  -0.359275E+00   0.808417E+07   0.808408E+07   0.299730E+01
   0.102481E-01   0.157780E+08   0.157672E+08  -0.439571E+04  -0.439712E+04   0.000000E+00   0.157762E+08   0.157762E+08   0.157762E+08  -0.355697E+00   0.800364E+07   0.800355E+07   0.306259E+01
   0.105955E-01   0.156154E+08   0.156040E+08  -0.406982E+04  -0.407112E+04   0.000000E+00   0.156135E+08   0.156135E+08   0.156135E+08  -0.352029E+00   0.792112E+07   0.792102E+07   0.312824E+01
   0.109546E-01   0.154489E+08   0.154368E+08  -0.376670E+04  -0.376791E+04   0.000000E+00   0.154468E+08   0.154468E+08   0.154468E+08  -0.348271E+00   0.783656E+07   0.783646E+07   0.319414E+01
   0.113259E-01   0.152783E+08   0.152655E+08  -0.348484E+04  -0.348595E+04   0.000000E+00   0.152761E+08   0.152761E+08   0.152761E+08  -0.344423E+00   0.774996E+07   0.774985E+07   0.326017E+01
   0.117098E-01   0.151037E+08   0.150901E+08  -0.322279E+04  -0.322382E+04   0.000000E+00   0.151014E+08   0.151014E+08   0.151014E+08  -0.340482E+00   0.766129E+07   0.766118E+07   0.332617E+01
   0.121067E-01   0.149249E+08   0.149105E+08  -0.297922E+04  -0.298018E+04   0.000000E+00   0.149224E+08   0.149224E+08   0.149224E+08  -0.336448E+00   0.757053E+07   0.757040E+07   0.339197E+01
   0.125171E-01   0.147419E+08   0.147268E+08  -0.275289E+04  -0.275378E+04   0.000000E+00   0.147394E+08   0.147394E+08   0.147394E+08  -0.332320E+00   0.747765E+07   0.747752E+07   0.345741E+01
   0.129414E-01   0.145548E+08   0.145388E+08  -0.254263E+04  -0.254345E+04   0.000000E+00   0.145521E+08   0.145521E+08   0.145521E+08  -0.328098E+00   0.738264E+07   0.738250E+07   0.352227E+01
   0.133800E-01   0.143634E+08   0.143465E+08  -0.234735E+04  -0.234810E+04   0.000000E+00   0.143606E+08   0.143606E+08   0.143606E+08  -0.323780E+00   0.728548E+07   0.728534E+07   0.358633E+01
   0.138335E-01   0.141678E+08   0.141500E+08  -0.216603E+04  -0.216672E+04   0.000000E+00   0.141648E+08   0.141648E+08   0.141648E+08  -0.319366E+00   0.718617E+07   0.718601E+07   0.364936E+01
   0.143024E-01   0.139680E+08   0.139491E+08  -0.199772E+04  -0.199836E+04   0.000000E+00   0.139648E+08   0.139648E+08   0.139648E+08  -0.314856E+00   0.708468E+07   0.708452E+07   0.371109E+01
   0.147872E-01   0.137638E+08   0.137439E+08  -0.184154E+04  -0.184213E+04   0.000000E+00   0.137604E+08   0.137604E+08   0.137604E+08  -0.310249E+00   0.698102E+07   0.698085E+07   0.377123E+01
   0.152884E-01   0.135554E+08   0.135344E+08  -0.169665E+04  -0.169720E+04   0.000000E+00   0.135518E+08   0.135518E+08   0.135518E+08  -0.305545E+00   0.687517E+07   0.687500E+07   0.382947E+01
   0.158066E-01   0.133426E+08   0.133206E+08  -0.156230E+04  -0.156280E+04   0.000000E+00   0.133389E+08   0.133389E+08   0.133389E+08  -0.300744E+00   0.676716E+07   0.676697E+07   0.388547E+01
   0.163424E-01   0.131256E+08   0.131025E+08  -0.143775E+04  -0.143821E+04   0.000000E+00   0.131217E+08   0.131217E+08   0.131217E+08  -0.295848E+00   0.665698E+07   0.665678E+07   0.393886E+01
   0.168963E-01   0.129044E+08   0.128801E+08  -0.132233E+04  -0.132275E+04   0.000000E+00   0.129003E+08   0.129003E+08   0.129003E+08  -0.290855E+00   0.654464E+07   0.654444E+07   0.398926E+01
   0.174690E-01   0.126790E+08   0.126534E+08  -0.121541E+04  -0.121580E+04   0.000000E+00   0.126747E+08   0.126747E+08   0.126747E+08  -0.285769E+00   0.643019E+07   0.642997E+07   0.403624E+01
   0.180611E-01   0.124495E+08   0.124227E+08  -0.111642E+04  -0.111678E+04   0.000000E+00   0.124449E+08   0.124449E+08   0.124449E+08  -0.280589E+00   0.631364E+07   0.631341E+07   0.407937E+01
   0.186733E-01   0.122159E+08   0.121878E+08  -0.102480E+04  -0.102513E+04   0.000000E+00   0.122111E+08   0.122111E+08   0.122111E+08  -0.275318E+00   0.619504E+07   0.619481E+07   0.411816E+01
   0.193062E-01   0.119784E+08   0.119491E+08  -0.940051E+03  -0.940352E+03   0.000000E+00   0.119734E+08   0.119734E+08   0.119734E+08  -0.269958E+00   0.607444E+07   0.607420E+07   0.415213E+01
   0.199606E-01   0.117371E+08   0.117065E+08  -0.861688E+03  -0.861965E+03   0.000000E+00   0.117319E+08   0.117319E+08   0.117319E+08  -0.264513E+00   0.595192E+07   0.595167E+07   0.418074E+01
   0.206372E-01   0.114922E+08   0.114602E+08  -0.789274E+03  -0.789527E+03   0.000000E+00   0.114868E+08   0.114868E+08   0.114868E+08  -0.258986E+00   0.582756E+07   0.582730E+07   0.420346E+01
   0.213367E-01   0.112439E+08   0.112105E+08  -0.722394E+03  -0.722626E+03   0.000000E+00   0.112382E+08   0.112382E+08   0.112382E+08  -0.253381E+00   0.570144E+07   0.570117E+07   0.421973E+01
   0.220599E-01   0.109923E+08   0.109576E+08  -0.660665E+03  -0.660877E+03   0.000000E+00   0.109864E+08   0.109864E+08   0.109864E+08  -0.247704E+00   0.557370E+07   0.557342E+07   0.422895E+01
   0.228076E-01   0.107378E+08   0.107017E+08  -0.603727E+03  -0.603921E+03   0.000000E+00   0.107316E+08   0.107316E+08   0.107316E+08  -0.241960E+00   0.544446E+07   0.544417E+07   0.423055E+01
   0.235807E-01   0.104806E+08   0.104432E+08  -0.551246E+03  -0.551423E+03   0.000000E+00   0.104742E+08   0.104742E+08   0.104742E+08  -0.236157E+00   0.531387E+07   0.531357E+07   0.422392E+01
   0.243800E-01   0.102211E+08   0.101825E+08  -0.502910E+03  -0.503071E+03   0.000000E+00   0.102145E+08   0.102145E+08   0.102145E+08  -0.230301E+00   0.518212E+07   0.518181E+07   0.420848E+01
   0.252063E-01   0.995968E+07   0.991982E+07  -0.458428E+03  -0.458575E+03   0.000000E+00   0.995291E+07   0.995291E+07   0.995291E+07  -0.224403E+00   0.504940E+07   0.504908E+07   0.418364E+01
   0.260607E-01   0.969681E+07   0.965575E+07  -0.417529E+03  -0.417663E+03   0.000000E+00   0.968984E+07   0.968984E+07   0.968984E+07  -0.218471E+00   0.491594E+07   0.491561E+07   0.414883E+01
   0.269440E-01   0.943297E+07   0.939078E+07  -0.379959E+03  -0.380081E+03   0.000000E+00   0.942580E+07   0.942580E+07   0.942580E+07  -0.212518E+00   0.478198E+07   0.478165E+07   0.410353E+01
   0.278573E-01   0.916869E+07   0.912546E+07  -0.345484E+03  -0.345594E+03   0.000000E+00   0.916135E+07   0.916135E+07   0.916135E+07  -0.206556E+00   0.464782E+07   0.464748E+07   0.404723E+01
   0.288015E-01   0.890459E+07   0.886040E+07  -0.313881E+03  -0.313981E+03   0.000000E+00   0.889709E+07   0.889709E+07   0.889709E+07  -0.200598E+00   0.451376E+07   0.451341E+07   0.397952E+01
   0.297777E-01   0.864132E+07   0.859629E+07  -0.284945E+03  -0.285036E+03   0.000000E+00   0.863367E+07   0.863367E+07   0.863367E+07  -0.194659E+00   0.438012E+07   0.437977E+07   0.390003E+01
   0.307871E-01   0.837957E+07   0.833384E+07  -0.258484E+03  -0.258567E+03   0.000000E+00   0.837180E+07   0.837180E+07   0.837180E+07  -0.188754E+00   0.424727E+07   0.424692E+07   0.380849E+01
   0.318306E-01   0.812012E+07   0.807382E+07  -0.234317E+03  -0.234393E+03   0.000000E+00   0.811225E+07   0.811225E+07   0.811225E+07  -0.182902E+00   0.411559E+07   0.411524E+07   0.370475E+01
   0.329095E-01   0.786374E+07   0.781706E+07  -0.212277E+03  -0.212345E+03   0.000000E+00   0.785581E+07   0.785581E+07   0.785581E+07  -0.177121E+00   0.398550E+07   0.398514E+07   0.358879E+01
   0.340250E-01   0.761128E+07   0.756438E+07  -0.192204E+03  -0.192266E+03   0.000000E+00   0.760331E+07   0.760331E+07   0.760331E+07  -0.171428E+00   0.385740E+07   0.385704E+07   0.346071E+01
   0.351782E-01   0.736358E+07   0.731668E+07  -0.173951E+03  -0.174007E+03   0.000000E+00   0.735561E+07   0.735561E+07   0.735561E+07  -0.165843E+00   0.373173E+07   0.373138E+07   0.332082E+01
   0.363706E-01   0.712132E+07   0.707463E+07  -0.157374E+03  -0.157425E+03   0.000000E+00   0.711339E+07   0.711339E+07   0.711339E+07  -0.160382E+00   0.360885E+07   0.360850E+07   0.316962E+01
   0.376034E-01   0.688387E+07   0.683762E+07  -0.142312E+03  -0.142358E+03   0.000000E+00   0.687602E+07   0.687602E+07   0.687602E+07  -0.155030E+00   0.348842E+07   0.348808E+07   0.300795E+01
   0.388780E-01   0.665357E+07   0.660800E+07  -0.128677E+03  -0.128718E+03   0.000000E+00   0.664583E+07   0.664583E+07   0.664583E+07  -0.149840E+00   0.337164E+07   0.337131E+07   0.283657E+01
   0.401957E-01   0.643140E+07   0.638675E+07  -0.116357E+03  -0.116394E+03   0.000000E+00   0.642382E+07   0.642382E+07   0.642382E+07  -0.144834E+00   0.325901E+07   0.325869E+07   0.265664E+01
   0.415582E-01   0.621820E+07   0.617472E+07  -0.105243E+03  -0.105277E+03   0.000000E+00   0.621082E+07   0.621082E+07   0.621082E+07  -0.140032E+00   0.315094E+07   0.315064E+07   0.246955E+01
   0.429668E-01   0.601462E+07   0.597256E+07  -0.952323E+02  -0.952629E+02   0.000000E+00   0.600748E+07   0.600748E+07   0.600748E+07  -0.135447E+00   0.304778E+07   0.304749E+07   0.227696E+01
   0.444232E-01   0.582106E+07   0.578066E+07  -0.862239E+02  -0.862516E+02   0.000000E+00   0.581420E+07   0.581420E+07   0.581420E+07  -0.131090E+00   0.294972E+07   0.294945E+07   0.208079E+01
   0.459289E-01   0.563763E+07   0.559912E+07  -0.781223E+02  -0.781474E+02   0.000000E+00   0.563109E+07   0.563109E+07   0.563109E+07  -0.126961E+00   0.285682E+07   0.285657E+07   0.188321E+01
   0.474857E-01   0.546415E+07   0.542772E+07  -0.708367E+02  -0.708594E+02   0.000000E+00   0.545796E+07   0.545796E+07   0.545796E+07  -0.123058E+00   0.276899E+07   0.276875E+07   0.168657E+01
   0.490952E-01   0.530018E+07   0.526601E+07  -0.642816E+02  -0.643023E+02   0.000000E+00   0.529438E+07   0.529438E+07   0.529438E+07  -0.119369E+00   0.268600E+07   0.268578E+07   0.149341E+01
   0.507593E-01   0.514508E+07   0.511330E+07  -0.583784E+02  -0.583971E+02   0.000000E+00   0.513968E+07   0.513968E+07   0.513968E+07  -0.115882E+00   0.260751E+07   0.260731E+07   0.130639E+01
   0.524798E-01   0.499803E+07   0.496873E+07  -0.530549E+02  -0.530719E+02   0.000000E+00   0.499305E+07   0.499305E+07   0.499305E+07  -0.112576E+00   0.253312E+07   0.253294E+07   0.112816E+01
   0.542586E-01   0.485871E+07   0.483193E+07  -0.482521E+02  -0.482676E+02   0.000000E+00   0.485416E+07   0.485416E+07   0.485416E+07  -0.109444E+00   0.246265E+07   0.246250E+07   0.961424E+00
   0.560977E-01   0.472603E+07   0.470175E+07  -0.439100E+02  -0.439241E+02   0.000000E+00   0.472191E+07   0.472191E+07   0.472191E+07  -0.106462E+00   0.239556E+07   0.239542E+07   0.808643E+00
   0.579991E-01   0.459844E+07   0.457656E+07  -0.399713E+02  -0.399841E+02   0.000000E+00   0.459472E+07   0.459472E+07   0.459472E+07  -0.103595E+00   0.233103E+07   0.233091E+07   0.672069E+00
   0.607329E-01   0.443290E+07   0.441409E+07  -0.351442E+02  -0.351555E+02   0.000000E+00   0.442971E+07   0.442971E+07   0.442971E+07  -0.998742E-01   0.224731E+07   0.224722E+07   0.513109E+00
   0.634666E-01   0.427354E+07   0.425724E+07  -0.310269E+02  -0.310368E+02   0.000000E+00   0.427077E+07   0.427077E+07   0.427077E+07  -0.962907E-01   0.216667E+07   0.216660E+07   0.396961E+00
   0.662004E-01   0.411985E+07   0.410545E+07  -0.274931E+02  -0.275019E+02   0.000000E+00   0.411741E+07   0.411741E+07   0.411741E+07  -0.928329E-01   0.208887E+07   0.208880E+07   0.319421E+00
   0.689342E-01   0.396857E+07   0.395543E+07  -0.244253E+02  -0.244331E+02   0.000000E+00   0.396634E+07   0.396634E+07   0.396634E+07  -0.894268E-01   0.201222E+07   0.201217E+07   0.275233E+00
   0.716679E-01   0.381759E+07   0.380513E+07  -0.217379E+02  -0.217449E+02   0.000000E+00   0.381547E+07   0.381547E+07   0.381547E+07  -0.860253E-01   0.193569E+07   0.193563E+07   0.258257E+00
   0.744017E-01   0.366605E+07   0.365376E+07  -0.193690E+02  -0.193752E+02   0.000000E+00   0.366396E+07   0.366396E+07   0.366396E+07  -0.826093E-01   0.185882E+07   0.185876E+07   0.261933E+00
   0.771355E-01   0.351422E+07   0.350167E+07  -0.172735E+02  -0.172791E+02   0.000000E+00   0.351209E+07   0.351209E+07   0.351209E+07  -0.791851E-01   0.178177E+07   0.178171E+07   0.279694E+00
   0.798692E-01   0.336320E+07   0.335009E+07  -0.154182E+02  -0.154232E+02   0.000000E+00   0.336098E+07   0.336098E+07   0.336098E+07  -0.757781E-01   0.170511E+07   0.170504E+07   0.305376E+00
   0.826030E-01   0.321465E+07   0.320079E+07  -0.137770E+02  -0.137815E+02   0.000000E+00   0.321230E+07   0.321230E+07   0.321230E+07  -0.724258E-01   0.162969E+07   0.162960E+07   0.333514E+00
   0.853368E-01   0.307042E+07   0.305575E+07  -0.123285E+02  -0.123325E+02   0.000000E+00   0.306793E+07   0.306793E+07   0.306793E+07  -0.691710E-01   0.155645E+07   0.155636E+07   0.359573E+00
   0.880705E-01   0.293240E+07   0.291697E+07  -0.110539E+02  -0.110574E+02   0.000000E+00   0.292978E+07   0.292978E+07   0.292978E+07  -0.660561E-01   0.148636E+07   0.148626E+07   0.380079E+00
   0.908043E-01   0.280230E+07   0.278627E+07  -0.993633E+01  -0.993952E+01   0.000000E+00   0.279958E+07   0.279958E+07   0.279958E+07  -0.631206E-01   0.142031E+07   0.142020E+07   0.392664E+00
   0.935380E-01   0.268160E+07   0.266516E+07  -0.896013E+01  -0.896300E+01   0.000000E+00   0.267881E+07   0.267881E+07   0.267881E+07  -0.603975E-01   0.135904E+07   0.135893E+07   0.396036E+00
   0.962718E-01   0.257135E+07   0.255479E+07  -0.811035E+01  -0.811296E+01   0.000000E+00   0.256854E+07   0.256854E+07   0.256854E+07  -0.579114E-01   0.130310E+07   0.130298E+07   0.389884E+00
   0.990056E-01   0.247215E+07   0.245574E+07  -0.737259E+01  -0.737495E+01   0.000000E+00   0.246937E+07   0.246937E+07   0.246937E+07  -0.556754E-01   0.125279E+07   0.125267E+07   0.374744E+00
   0.101739E+00   0.238405E+07   0.236806E+07  -0.673280E+01  -0.673496E+01   0.000000E+00   0.238133E+07   0.238133E+07   0.238133E+07  -0.536905E-01   0.120812E+07   0.120802E+07   0.351826E+00
   0.104473E+00   0.230654E+07   0.229124E+07  -0.617753E+01  -0.617951E+01   0.000000E+00   0.230394E+07   0.230394E+07   0.230394E+07  -0.519457E-01   0.116886E+07   0.116876E+07   0.322824E+00
   0.107207E+00   0.223871E+07   0.222430E+07  -0.569413E+01  -0.569595E+01   0.000000E+00   0.223626E+07   0.223626E+07   0.223626E+07  -0.504197E-01   0.113452E+07   0.113443E+07   0.289721E+00
   0.109941E+00   0.217932E+07   0.216595E+07  -0.527107E+01  -0.527276E+01   0.000000E+00   0.217705E+07   0.217705E+07   0.217705E+07  -0.490848E-01   0.110448E+07   0.110440E+07   0.254603E+00
   0.112674E+00   0.212694E+07   0.211470E+07  -0.489805E+01  -0.489962E+01   0.000000E+00   0.212486E+07   0.212486E+07   0.212486E+07  -0.479081E-01   0.107801E+07   0.107793E+07   0.219481E+00
   0.115408E+00   0.208002E+07   0.206892E+07  -0.456603E+01  -0.456750E+01   0.000000E+00   0.207814E+07   0.207814E+07   0.207814E+07  -0.468546E-01   0.105430E+07   0.105423E+07   0.186162E+00
   0.118142E+00   0.203692E+07   0.202692E+07  -0.426715E+01  -0.426852E+01   0.000000E+00   0.203523E+07   0.203523E+07   0.203523E+07  -0.458871E-01   0.103253E+07   0.103247E+07   0.156136E+00
   0.120876E+00   0.199601E+07   0.198701E+07  -0.399468E+01  -0.399596E+01   0.000000E+00   0.199448E+07   0.199448E+07   0.199448E+07  -0.449685E-01   0.101186E+07   0.101181E+07   0.130515E+00
   0.123609E+00   0.195574E+07   0.194759E+07  -0.374306E+01  -0.374426E+01   0.000000E+00   0.195436E+07   0.195436E+07   0.195436E+07  -0.440638E-01   0.991497E+06   0.991457E+06   0.109992E+00
   0.126343E+00   0.191481E+07   0.190733E+07  -0.350798E+01  -0.350910E+01   0.000000E+00   0.191354E+07   0.191354E+07   0.191354E+07  -0.431434E-01   0.970787E+06   0.970751E+06   0.948495E-01
   0.129077E+00   0.187229E+07   0.186530E+07  -0.328641E+01  -0.328747E+01   0.000000E+00   0.187110E+07   0.187110E+07   0.187110E+07  -0.421866E-01   0.949257E+06   0.949224E+06   0.849834E-01
   0.131811E+00   0.182773E+07   0.182104E+07  -0.307655E+01  -0.307753E+01   0.000000E+00   0.182660E+07   0.182660E+07   0.182660E+07  -0.411833E-01   0.926680E+06   0.926649E+06   0.799564E-01
   0.134545E+00   0.178117E+07   0.177459E+07  -0.287756E+01  -0.287848E+01   0.000000E+00   0.178005E+07   0.178005E+07   0.178005E+07  -0.401338E-01   0.903066E+06   0.903035E+06   0.790684E-01
   0.137278E+00   0.173296E+07   0.172635E+07  -0.268924E+01  -0.269010E+01   0.000000E+00   0.173184E+07   0.173184E+07   0.173184E+07  -0.390469E-01   0.878609E+06   0.878575E+06   0.814382E-01
   0.140012E+00   0.168371E+07   0.167694E+07  -0.251170E+01  -0.251250E+01   0.000000E+00   0.168256E+07   0.168256E+07   0.168256E+07  -0.379358E-01   0.853609E+06   0.853573E+06   0.860876E-01
   0.142746E+00   0.163408E+07   0.162706E+07  -0.234509E+01  -0.234584E+01   0.000000E+00   0.163289E+07   0.163289E+07   0.163289E+07  -0.368158E-01   0.828408E+06   0.828368E+06   0.920221E-01
   0.145480E+00   0.158473E+07   0.157742E+07  -0.218949E+01  -0.219019E+01   0.000000E+00   0.158349E+07   0.158349E+07   0.158349E+07  -0.357020E-01   0.803346E+06   0.803303E+06   0.983024E-01
   0.148213E+00   0.153630E+07   0.152870E+07  -0.204491E+01  -0.204556E+01   0.000000E+00   0.153501E+07   0.153501E+07   0.153501E+07  -0.346090E-01   0.778755E+06   0.778708E+06   0.104101E+00
   0.150947E+00   0.148945E+07   0.148158E+07  -0.191129E+01  -0.191191E+01   0.000000E+00   0.148812E+07   0.148812E+07   0.148812E+07  -0.335517E-01   0.754964E+06   0.754915E+06   0.108746E+00
   0.153681E+00   0.144482E+07   0.143675E+07  -0.178857E+01  -0.178914E+01   0.000000E+00   0.144345E+07   0.144345E+07   0.144345E+07  -0.325447E-01   0.732306E+06   0.732254E+06   0.111743E+00
   0.156415E+00   0.140303E+07   0.139483E+07  -0.167659E+01  -0.167712E+01   0.000000E+00   0.140164E+07   0.140164E+07   0.140164E+07  -0.316019E-01   0.711091E+06   0.711038E+06   0.112795E+00
   0.159148E+00   0.136456E+07   0.135633E+07  -0.157503E+01  -0.157554E+01   0.000000E+00   0.136316E+07   0.136316E+07   0.136316E+07  -0.307344E-01   0.691571E+06   0.691518E+06   0.111789E+00
   0.161882E+00   0.132970E+07   0.132155E+07  -0.148338E+01  -0.148385E+01   0.000000E+00   0.132832E+07   0.132832E+07   0.132832E+07  -0.299489E-01   0.673896E+06   0.673843E+06   0.108789E+00
   0.164616E+00   0.129850E+07   0.129053E+07  -0.140086E+01  -0.140131E+01   0.000000E+00   0.129715E+07   0.129715E+07   0.129715E+07  -0.292461E-01   0.658083E+06   0.658031E+06   0.104009E+00
   0.167350E+00   0.127074E+07   0.126303E+07  -0.132650E+01  -0.132692E+01   0.000000E+00   0.126943E+07   0.126943E+07   0.126943E+07  -0.286212E-01   0.644021E+06   0.643971E+06   0.977760E-01
   0.170083E+00   0.124601E+07   0.123863E+07  -0.125923E+01  -0.125963E+01   0.000000E+00   0.124475E+07   0.124475E+07   0.124475E+07  -0.280647E-01   0.631499E+06   0.631453E+06   0.904958E-01
   0.172817E+00   0.122377E+07   0.121678E+07  -0.119797E+01  -0.119836E+01   0.000000E+00   0.122258E+07   0.122258E+07   0.122258E+07  -0.275649E-01   0.620253E+06   0.620210E+06   0.826118E-01
   0.175551E+00   0.120349E+07   0.119691E+07  -0.114175E+01  -0.114212E+01   0.000000E+00   0.120237E+07   0.120237E+07   0.120237E+07  -0.271092E-01   0.609998E+06   0.609959E+06   0.745688E-01
   0.178285E+00   0.118462E+07   0.117847E+07  -0.108969E+01  -0.109004E+01   0.000000E+00   0.118358E+07   0.118358E+07   0.118358E+07  -0.266854E-01   0.600462E+06   0.600426E+06   0.667804E-01
   0.181019E+00   0.116667E+07   0.116092E+07  -0.104105E+01  -0.104138E+01   0.000000E+00   0.116569E+07   0.116569E+07   0.116569E+07  -0.262822E-01   0.591387E+06   0.591355E+06   0.596031E-01
   0.183752E+00   0.114916E+07   0.114379E+07  -0.995177E+00  -0.995496E+00   0.000000E+00   0.114824E+07   0.114824E+07   0.114824E+07  -0.258888E-01   0.582536E+06   0.582506E+06   0.533177E-01
   0.186486E+00   0.113166E+07   0.112662E+07  -0.951533E+00  -0.951839E+00   0.000000E+00   0.113080E+07   0.113080E+07   0.113080E+07  -0.254956E-01   0.573687E+06   0.573660E+06   0.481181E-01
   0.189220E+00   0.111380E+07   0.110903E+07  -0.909677E+00  -0.909969E+00   0.000000E+00   0.111299E+07   0.111299E+07   0.111299E+07  -0.250940E-01   0.564651E+06   0.564626E+06   0.441070E-01
   0.191954E+00   0.109531E+07   0.109073E+07  -0.869285E+00  -0.869564E+00   0.000000E+00   0.109453E+07   0.109453E+07   0.109453E+07  -0.246777E-01   0.555284E+06   0.555260E+06   0.412986E-01
   0.194687E+00   0.107601E+07   0.107155E+07  -0.830159E+00  -0.830425E+00   0.000000E+00   0.107525E+07   0.107525E+07   0.107525E+07  -0.242431E-01   0.545503E+06   0.545480E+06   0.396271E-01
   0.197421E+00   0.105588E+07   0.105149E+07  -0.792224E+00  -0.792479E+00   0.000000E+00   0.105513E+07   0.105513E+07   0.105513E+07  -0.237895E-01   0.535298E+06   0.535275E+06   0.389597E-01
   0.200155E+00   0.103503E+07   0.103065E+07  -0.755505E+00  -0.755747E+00   0.000000E+00   0.103429E+07   0.103429E+07   0.103429E+07  -0.233195E-01   0.524722E+06   0.524698E+06   0.391132E-01
   0.202889E+00   0.101366E+07   0.100925E+07  -0.720087E+00  -0.720318E+00   0.000000E+00   0.101291E+07   0.101291E+07   0.101291E+07  -0.228375E-01   0.513876E+06   0.513852E+06   0.398725E-01
   0.205622E+00   0.992017E+06   0.987540E+06  -0.686083E+00  -0.686304E+00   0.000000E+00   0.991257E+06   0.991257E+06   0.991257E+06  -0.223493E-01   0.502892E+06   0.502866E+06   0.410090E-01
   0.208356E+00   0.970380E+06   0.965818E+06  -0.653606E+00  -0.653815E+00   0.000000E+00   0.969605E+06   0.969605E+06   0.969605E+06  -0.218611E-01   0.491907E+06   0.491881E+06   0.422978E-01
   0.211090E+00   0.949016E+06   0.944365E+06  -0.622748E+00  -0.622948E+00   0.000000E+00   0.948226E+06   0.948226E+06   0.948226E+06  -0.213791E-01   0.481062E+06   0.481034E+06   0.435329E-01
   0.213824E+00   0.928183E+06   0.923450E+06  -0.593585E+00  -0.593776E+00   0.000000E+00   0.927379E+06   0.927379E+06   0.927379E+06  -0.209091E-01   0.470486E+06   0.470457E+06   0.445392E-01
   0.222376E+00   0.868934E+06   0.864106E+06  -0.513742E+00  -0.513906E+00   0.000000E+00   0.868114E+06   0.868114E+06   0.868114E+06  -0.195729E-01   0.440419E+06   0.440389E+06   0.449664E-01
   0.231269E+00   0.820166E+06   0.815588E+06  -0.448327E+00  -0.448471E+00   0.000000E+00   0.819388E+06   0.819388E+06   0.819388E+06  -0.184743E-01   0.415699E+06   0.415671E+06   0.404856E-01
   0.240519E+00   0.781328E+06   0.777278E+06  -0.394902E+00  -0.395029E+00   0.000000E+00   0.780641E+06   0.780641E+06   0.780641E+06  -0.176007E-01   0.396041E+06   0.396017E+06   0.329327E-01
   0.250138E+00   0.746327E+06   0.742818E+06  -0.348782E+00  -0.348894E+00   0.000000E+00   0.745731E+06   0.745731E+06   0.745731E+06  -0.168136E-01   0.378330E+06   0.378310E+06   0.260848E-01
   0.260143E+00   0.709130E+06   0.705926E+06  -0.306408E+00  -0.306507E+00   0.000000E+00   0.708586E+06   0.708586E+06   0.708586E+06  -0.159761E-01   0.359485E+06   0.359467E+06   0.226700E-01
   0.270547E+00   0.667479E+06   0.664311E+06  -0.266646E+00  -0.266732E+00   0.000000E+00   0.666941E+06   0.666941E+06   0.666941E+06  -0.150372E-01   0.338358E+06   0.338340E+06   0.224205E-01
   0.281367E+00   0.625278E+06   0.622067E+06  -0.230932E+00  -0.231006E+00   0.000000E+00   0.624732E+06   0.624732E+06   0.624732E+06  -0.140855E-01   0.316944E+06   0.316925E+06   0.227341E-01
   0.292621E+00   0.587839E+06   0.584726E+06  -0.200722E+00  -0.200787E+00   0.000000E+00   0.587310E+06   0.587310E+06   0.587310E+06  -0.132418E-01   0.297959E+06   0.297940E+06   0.213073E-01
   0.304324E+00   0.556804E+06   0.553967E+06  -0.175788E+00  -0.175845E+00   0.000000E+00   0.556322E+06   0.556322E+06   0.556322E+06  -0.125431E-01   0.282238E+06   0.282221E+06   0.181824E-01
   0.316495E+00   0.528826E+06   0.526284E+06  -0.154368E+00  -0.154418E+00   0.000000E+00   0.528394E+06   0.528394E+06   0.528394E+06  -0.119134E-01   0.268069E+06   0.268055E+06   0.152231E-01
   0.329154E+00   0.499750E+06   0.497366E+06  -0.134877E+00  -0.134920E+00   0.000000E+00   0.499345E+06   0.499345E+06   0.499345E+06  -0.112585E-01   0.253332E+06   0.253318E+06   0.137843E-01
   0.342318E+00   0.469413E+06   0.467076E+06  -0.117129E+00  -0.117166E+00   0.000000E+00   0.469016E+06   0.469016E+06   0.469016E+06  -0.105746E-01   0.237945E+06   0.237931E+06   0.133244E-01
   0.356009E+00   0.441142E+06   0.438886E+06  -0.101769E+00  -0.101802E+00   0.000000E+00   0.440759E+06   0.440759E+06   0.440759E+06  -0.993755E-02   0.223610E+06   0.223596E+06   0.124817E-01
   0.370247E+00   0.416582E+06   0.414494E+06  -0.888550E-01  -0.888835E-01   0.000000E+00   0.416227E+06   0.416227E+06   0.416227E+06  -0.938444E-02   0.211164E+06   0.211151E+06   0.109440E-01
   0.385055E+00   0.393862E+06   0.391943E+06  -0.776735E-01  -0.776984E-01   0.000000E+00   0.393536E+06   0.393536E+06   0.393536E+06  -0.887284E-02   0.199652E+06   0.199641E+06   0.954701E-02
   0.400456E+00   0.370973E+06   0.369151E+06  -0.676404E-01  -0.676621E-01   0.000000E+00   0.370664E+06   0.370664E+06   0.370664E+06  -0.835715E-02   0.188048E+06   0.188037E+06   0.878326E-02
   0.416472E+00   0.348624E+06   0.346875E+06  -0.587696E-01  -0.587884E-01   0.000000E+00   0.348327E+06   0.348327E+06   0.348327E+06  -0.785354E-02   0.176716E+06   0.176706E+06   0.818967E-02
   0.433128E+00   0.328369E+06   0.326729E+06  -0.511795E-01  -0.511959E-01   0.000000E+00   0.328090E+06   0.328090E+06   0.328090E+06  -0.739727E-02   0.166449E+06   0.166440E+06   0.734858E-02
   0.450451E+00   0.309672E+06   0.308148E+06  -0.446250E-01  -0.446394E-01   0.000000E+00   0.309413E+06   0.309413E+06   0.309413E+06  -0.697617E-02   0.156974E+06   0.156965E+06   0.652018E-02
   0.468467E+00   0.291422E+06   0.289981E+06  -0.388271E-01  -0.388396E-01   0.000000E+00   0.291178E+06   0.291178E+06   0.291178E+06  -0.656502E-02   0.147723E+06   0.147714E+06   0.595055E-02
   0.487203E+00   0.274001E+06   0.272635E+06  -0.337520E-01  -0.337629E-01   0.000000E+00   0.273769E+06   0.273769E+06   0.273769E+06  -0.617252E-02   0.138891E+06   0.138883E+06   0.544169E-02
   0.506689E+00   0.257936E+06   0.256657E+06  -0.293764E-01  -0.293858E-01   0.000000E+00   0.257719E+06   0.257719E+06   0.257719E+06  -0.581064E-02   0.130748E+06   0.130740E+06   0.487911E-02
   0.526954E+00   0.242729E+06   0.241529E+06  -0.255592E-01  -0.255674E-01   0.000000E+00   0.242525E+06   0.242525E+06   0.242525E+06  -0.546807E-02   0.123040E+06   0.123033E+06   0.439976E-02
   0.548029E+00   0.228176E+06   0.227043E+06  -0.222143E-01  -0.222214E-01   0.000000E+00   0.227984E+06   0.227984E+06   0.227984E+06  -0.514023E-02   0.115663E+06   0.115656E+06   0.400388E-02
   0.569947E+00   0.214569E+06   0.213505E+06  -0.193137E-01  -0.193199E-01   0.000000E+00   0.214388E+06   0.214388E+06   0.214388E+06  -0.483369E-02   0.108765E+06   0.108759E+06   0.361085E-02
   0.592742E+00   0.201753E+06   0.200755E+06  -0.167903E-01  -0.167957E-01   0.000000E+00   0.201584E+06   0.201584E+06   0.201584E+06  -0.454500E-02   0.102269E+06   0.102263E+06   0.325736E-02
   0.616449E+00   0.189590E+06   0.188650E+06  -0.145879E-01  -0.145925E-01   0.000000E+00   0.189431E+06   0.189431E+06   0.189431E+06  -0.427099E-02   0.961035E+05   0.960981E+05   0.295095E-02
   0.641104E+00   0.178170E+06   0.177287E+06  -0.126750E-01  -0.126790E-01   0.000000E+00   0.178020E+06   0.178020E+06   0.178020E+06  -0.401371E-02   0.903144E+05   0.903093E+05   0.266259E-02
   0.800641E+00   0.124797E+06   0.124179E+06  -0.569245E-02  -0.569428E-02   0.000000E+00   0.124692E+06   0.124692E+06   0.124692E+06  -0.281137E-02   0.632600E+05   0.632564E+05   0.149284E-02
   0.999880E+00   0.869123E+05   0.864821E+05  -0.254188E-02  -0.254270E-02   0.000000E+00   0.868392E+05   0.868392E+05   0.868392E+05  -0.195792E-02   0.440560E+05   0.440535E+05   0.832605E-03
   0.124870E+01   0.602156E+05   0.599176E+05  -0.112918E-02  -0.112954E-02   0.000000E+00   0.601650E+05   0.601650E+05   0.601650E+05  -0.135651E-02   0.305234E+05   0.305217E+05   0.462317E-03
   0.155944E+01   0.415251E+05   0.413196E+05  -0.499282E-03  -0.499442E-03   0.000000E+00   0.414902E+05   0.414902E+05   0.414902E+05  -0.935457E-03   0.210492E+05   0.210480E+05   0.255779E-03
   0.194750E+01   0.285154E+05   0.283744E+05  -0.219834E-03  -0.219905E-03   0.000000E+00   0.284915E+05   0.284915E+05   0.284915E+05  -0.642382E-03   0.144545E+05   0.144537E+05   0.141128E-03
   0.243213E+01   0.195068E+05   0.194103E+05  -0.964234E-04  -0.964543E-04   0.000000E+00   0.194905E+05   0.194905E+05   0.194905E+05  -0.439440E-03   0.988805E+04   0.988749E+04   0.777471E-04
   0.303737E+01   0.132979E+05   0.132321E+05  -0.421463E-04  -0.421598E-04   0.000000E+00   0.132867E+05   0.132867E+05   0.132867E+05  -0.299568E-03   0.674073E+04   0.674034E+04   0.428284E-04
   0.379321E+01   0.903655E+04   0.899181E+04  -0.183636E-04  -0.183695E-04   0.000000E+00   0.902895E+04   0.902895E+04   0.902895E+04  -0.203571E-03   0.458064E+04   0.458037E+04   0.236408E-04
   0.473715E+01   0.612299E+04   0.609265E+04  -0.797811E-05  -0.798067E-05   0.000000E+00   0.611783E+04   0.611783E+04   0.611783E+04  -0.137935E-03   0.310375E+04   0.310356E+04   0.131139E-04
   0.591598E+01   0.413782E+04   0.411730E+04  -0.345691E-05  -0.345802E-05   0.000000E+00   0.413433E+04   0.413433E+04   0.413433E+04  -0.932145E-04   0.209746E+04   0.209733E+04   0.734009E-05
   0.738817E+01   0.278946E+04   0.277560E+04  -0.149423E-05  -0.149471E-05   0.000000E+00   0.278711E+04   0.278711E+04   0.278711E+04  -0.628394E-04   0.141398E+04   0.141389E+04   0.416814E-05
   0.922671E+01   0.187627E+04   0.186692E+04  -0.644426E-06  -0.644633E-06   0.000000E+00   0.187468E+04   0.187468E+04   0.187468E+04  -0.422673E-04   0.951078E+03   0.951011E+03   0.241821E-05
   0.115228E+02   0.125941E+04   0.125311E+04  -0.277349E-06  -0.277438E-06   0.000000E+00   0.125834E+04   0.125834E+04   0.125834E+04  -0.283711E-04   0.638393E+03   0.638343E+03   0.144512E-05
