#          k/h    CDM            baryon         photon         nu             mass_nu        total          no_nu          total_de       Weyl           v_CDM          v_b            v_b-v_c     
   0.738116E-04   0.202137E+08   0.202137E+08   0.262220E+08   0.262209E+08   0.000000E+00   0.202137E+08   0.202137E+08   0.202216E+08  -0.468309E+00   0.104098E+08   0.104098E+08   0.420149E-01
   0.103012E-03   0.202123E+08   0.202123E+08   0.255455E+08   0.255435E+08   0.000000E+00   0.202123E+08   0.202123E+08   0.202201E+08  -0.468268E+00   0.104091E+08   0.104091E+08   0.585615E-01
   0.143765E-03   0.202097E+08   0.202097E+08   0.242733E+08   0.242696E+08   0.000000E+00   0.202097E+08   0.202097E+08   0.202170E+08  -0.468190E+00   0.104077E+08   0.104077E+08   0.815359E-01
   0.200641E-03   0.202046E+08   0.202046E+08   0.219603E+08   0.219541E+08   0.000000E+00   0.202046E+08   0.202046E+08   0.202112E+08  -0.468041E+00   0.104051E+08   0.104051E+08   0.113279E+00
   0.280017E-03   0.201948E+08   0.201948E+08   0.180263E+08   0.180170E+08   0.000000E+00   0.201948E+08   0.201948E+08   0.202002E+08  -0.467761E+00   0.103999E+08   0.103999E+08   0.156759E+00
   0.390795E-03   0.201763E+08   0.201763E+08   0.121749E+08   0.121650E+08   0.000000E+00   0.201763E+08   0.201763E+08   0.201800E+08  -0.467248E+00   0.103903E+08   0.103903E+08   0.215445E+00
   0.545398E-03   0.201424E+08   0.201424E+08   0.558986E+07   0.558662E+07   0.000000E+00   0.201424E+08   0.201424E+08   0.201441E+08  -0.466352E+00   0.103725E+08   0.103725E+08   0.293029E+00
   0.761165E-03   0.200824E+08   0.200823E+08   0.161106E+07   0.161559E+07   0.000000E+00   0.200824E+08   0.200824E+08   0.200829E+08  -0.464865E+00   0.103411E+08   0.103411E+08   0.393436E+00
   0.106229E-02   0.199811E+08   0.199810E+08   0.910106E+06   0.905783E+06   0.000000E+00   0.199811E+08   0.199811E+08   0.199814E+08  -0.462477E+00   0.102884E+08   0.102884E+08   0.522405E+00
   0.148255E-02   0.198171E+08   0.198169E+08   0.212064E+06   0.202843E+06   0.000000E+00   0.198171E+08   0.198171E+08   0.198172E+08  -0.458661E+00   0.102036E+08   0.102036E+08   0.688487E+00
   0.206906E-02   0.195602E+08   0.195597E+08  -0.125293E+06  -0.125336E+06   0.000000E+00   0.195602E+08   0.195602E+08   0.195601E+08  -0.452703E+00   0.100712E+08   0.100712E+08   0.901833E+00
   0.288761E-02   0.191708E+08   0.191698E+08  -0.630367E+05  -0.630586E+05   0.000000E+00   0.191706E+08   0.191706E+08   0.191706E+08  -0.443685E+00   0.987050E+07   0.987049E+07   0.117503E+01
   0.402998E-02   0.186010E+08   0.185991E+08  -0.313993E+05  -0.314102E+05   0.000000E+00   0.186007E+08   0.186007E+08   0.186007E+08  -0.430492E+00   0.957697E+07   0.957695E+07   0.152288E+01
   0.416658E-02   0.185320E+08   0.185301E+08  -0.292652E+05  -0.292754E+05   0.000000E+00   0.185317E+08   0.185317E+08   0.185317E+08  -0.428896E+00   0.954146E+07   0.954144E+07   0.156239E+01
   0.430780E-02   0.184607E+08   0.184586E+08  -0.272722E+05  -0.272817E+05   0.000000E+00   0.184604E+08   0.184604E+08   0.184604E+08  -0.427245E+00   0.950473E+07   0.950471E+07   0.160282E+01
   0.445382E-02   0.183870E+08   0.183847E+08  -0.254113E+05  -0.254201E+05   0.000000E+00   0.183866E+08   0.183866E+08   0.183866E+08  -0.425537E+00   0.946673E+07   0.946671E+07   0.164418E+01
   0.460478E-02   0.183107E+08   0.183083E+08  -0.236737E+05  -0.236819E+05   0.000000E+00   0.183103E+08   0.183103E+08   0.183103E+08  -0.423771E+00   0.942744E+07   0.942742E+07   0.168649E+01
   0.476086E-02   0.182319E+08   0.182293E+08  -0.220514E+05  -0.220591E+05   0.000000E+00   0.182314E+08   0.182314E+08   0.182314E+08  -0.421946E+00   0.938684E+07   0.938682E+07   0.172977E+01
   0.492223E-02   0.181504E+08   0.181477E+08  -0.205370E+05  -0.205441E+05   0.000000E+00   0.181500E+08   0.181500E+08   0.181500E+08  -0.420060E+00   0.934489E+07   0.934487E+07   0.177402E+01
   0.508907E-02   0.180663E+08   0.180634E+08  -0.191233E+05  -0.191300E+05   0.000000E+00   0.180658E+08   0.180658E+08   0.180658E+08  -0.418113E+00   0.930157E+07   0.930154E+07   0.181926E+01
   0.526156E-02   0.179795E+08   0.179764E+08  -0.178039E+05  -0.178101E+05   0.000000E+00   0.179790E+08   0.179790E+08   0.179790E+08  -0.416103E+00   0.925685E+07   0.925682E+07   0.186550E+01
   0.543990E-02   0.178899E+08   0.178866E+08  -0.165726E+05  -0.165784E+05   0.000000E+00   0.178893E+08   0.178893E+08   0.178893E+08  -0.414028E+00   0.921069E+07   0.921066E+07   0.191275E+01
   0.562429E-02   0.177974E+08   0.177940E+08  -0.154236E+05  -0.154290E+05   0.000000E+00   0.177968E+08   0.177968E+08   0.177968E+08  -0.411887E+00   0.916307E+07   0.916304E+07   0.196101E+01
   0.581492E-02   0.177021E+08   0.176984E+08  -0.143515E+05  -0.143565E+05   0.000000E+00   0.177015E+08   0.177015E+08   0.177015E+08  -0.409680E+00   0.911397E+07   0.911393E+07   0.201029E+01
   0.601202E-02   0.176038E+08   0.175999E+08  -0.133514E+05  -0.133560E+05   0.000000E+00   0.176032E+08   0.176032E+08   0.176032E+08  -0.407405E+00   0.906334E+07   0.906331E+07   0.206060E+01
   0.621580E-02   0.175025E+08   0.174984E+08  -0.124184E+05  -0.124227E+05   0.000000E+00   0.175018E+08   0.175018E+08   0.175018E+08  -0.405060E+00   0.901118E+07   0.901114E+07   0.211193E+01
   0.642648E-02   0.173982E+08   0.173938E+08  -0.115482E+05  -0.115522E+05   0.000000E+00   0.173975E+08   0.173975E+08   0.173975E+08  -0.402644E+00   0.895744E+07   0.895740E+07   0.216429E+01
   0.664431E-02   0.172908E+08   0.172860E+08  -0.107366E+05  -0.107404E+05   0.000000E+00   0.172900E+08   0.172900E+08   0.172900E+08  -0.400157E+00   0.890210E+07   0.890205E+07   0.221767E+01
   0.686952E-02   0.171802E+08   0.171751E+08  -0.997989E+04  -0.998336E+04   0.000000E+00   0.171793E+08   0.171793E+08   0.171793E+08  -0.397596E+00   0.884513E+07   0.884508E+07   0.227207E+01
   0.710236E-02   0.170664E+08   0.170610E+08  -0.927436E+04  -0.927759E+04   0.000000E+00   0.170655E+08   0.170655E+08   0.170655E+08  -0.394960E+00   0.878650E+07   0.878645E+07   0.232747E+01
   0.734310E-02   0.169493E+08   0.169436E+08  -0.861666E+04  -0.861966E+04   0.000000E+00   0.169483E+08   0.169483E+08   0.169483E+08  -0.392249E+00   0.872618E+07   0.872613E+07   0.238386E+01
   0.759199E-02   0.168289E+08   0.168228E+08  -0.800364E+04  -0.800642E+04   0.000000E+00   0.168279E+08   0.168279E+08   0.168279E+08  -0.389461E+00   0.866416E+07   0.866410E+07   0.244122E+01
   0.784933E-02   0.167051E+08   0.166986E+08  -0.743234E+04  -0.743493E+04   0.000000E+00   0.167040E+08   0.167040E+08   0.167040E+08  -0.386595E+00   0.860039E+07   0.860033E+07   0.249952E+01
   0.811538E-02   0.165778E+08   0.165710E+08  -0.690002E+04  -0.690242E+04   0.000000E+00   0.165767E+08   0.165767E+08   0.165767E+08  -0.383649E+00   0.853485E+07   0.853479E+07   0.255874E+01
   0.839045E-02   0.164471E+08   0.164399E+08  -0.640408E+04  -0.640631E+04   0.000000E+00   0.164459E+08   0.164459E+08   0.164459E+08  -0.380622E+00   0.846752E+07   0.846745E+07   0.261883E+01
   0.867485E-02   0.163129E+08   0.163052E+08  -0.594213E+04  -0.594420E+04   0.000000E+00   0.163116E+08   0.163116E+08   0.163116E+08  -0.377513E+00   0.839836E+07   0.839829E+07   0.267976E+01
   0.896888E-02   0.161751E+08   0.161669E+08  -0.551190E+04  -0.551382E+04   0.000000E+00   0.161737E+08   0.161737E+08   0.161737E+08  -0.374321E+00   0.832735E+07   0.832727E+07   0.274148E+01
   0.927288E-02   0.160336E+08   0.160249E+08  -0.511128E+04  -0.511306E+04   0.000000E+00   0.160321E+08   0.160321E+08   0.160321E+08  -0.371045E+00   0.825446E+07   0.825438E+07   0.280392E+01
   0.958719E-02   0.158884E+08   0.158792E+08  -0.473831E+04  -0.473996E+04   0.000000E+00   0.158869E+08   0.158869E+08   0.158869E+08  -0.367683E+00   0.817966E+07   0.817958E+07   0.286702E+01
   0.991215E-02   0.157395E+08   0.157297E+08  -0.439114E+04  -0.439267E+04   0.000000E+00   0.157378E+08   0.157378E+08   0.157378E+08  -0.364234E+00   0.810293E+07   0.810285E+07   0.293070E+01
   0.102481E-01   0.155867E+08   0.155763E+08  -0.406805E+04  -0.406947E+04   0.000000E+00   0.155850E+08   0.155850E+08   0.155850E+08  -0.360696E+00   0.802425E+07   0.802416E+07   0.299487E+01
   0.105955E-01   0.154301E+08   0.154191E+08  -0.376743E+04  -0.376874E+04   0.000000E+00   0.154283E+08   0.154283E+08   0.154283E+08  -0.357070E+00   0.794358E+07   0.794348E+07   0.305944E+01
   0.109546E-01   0.152697E+08   0.152580E+08  -0.348777E+04  -0.348899E+04   0.000000E+00   0.152677E+08   0.152677E+08   0.152677E+08  -0.353354E+00   0.786089E+07   0.786079E+07   0.312428E+01
   0.113259E-01   0.151052E+08   0.150929E+08  -0.322767E+04  -0.322880E+04   0.000000E+00   0.151032E+08   0.151032E+08   0.151032E+08  -0.349545E+00   0.777618E+07   0.777607E+07   0.318927E+01
   0.117098E-01   0.149368E+08   0.149237E+08  -0.298582E+04  -0.298686E+04   0.000000E+00   0.149346E+08   0.149346E+08   0.149346E+08  -0.345645E+00   0.768940E+07   0.768929E+07   0.325427E+01
   0.121067E-01   0.147644E+08   0.147505E+08  -0.276098E+04  -0.276194E+04   0.000000E+00   0.147621E+08   0.147621E+08   0.147621E+08  -0.341651E+00   0.760055E+07   0.760042E+07   0.331912E+01
   0.125171E-01   0.145878E+08   0.145732E+08  -0.255200E+04  -0.255289E+04   0.000000E+00   0.145854E+08   0.145854E+08   0.145854E+08  -0.337562E+00   0.750959E+07   0.750946E+07   0.338365E+01
   0.129414E-01   0.144072E+08   0.143917E+08  -0.235783E+04  -0.235865E+04   0.000000E+00   0.144046E+08   0.144046E+08   0.144046E+08  -0.333378E+00   0.741651E+07   0.741637E+07   0.344766E+01
   0.133800E-01   0.142224E+08   0.142060E+08  -0.217745E+04  -0.217821E+04   0.000000E+00   0.142197E+08   0.142197E+08   0.142197E+08  -0.329098E+00   0.732129E+07   0.732115E+07   0.351095E+01
   0.138335E-01   0.140334E+08   0.140161E+08  -0.200993E+04  -0.201063E+04   0.000000E+00   0.140306E+08   0.140306E+08   0.140306E+08  -0.324721E+00   0.722392E+07   0.722377E+07   0.357327E+01
   0.143024E-01   0.138402E+08   0.138220E+08  -0.185440E+04  -0.185504E+04   0.000000E+00   0.138372E+08   0.138372E+08   0.138372E+08  -0.320246E+00   0.712438E+07   0.712422E+07   0.363437E+01
   0.147872E-01   0.136429E+08   0.136236E+08  -0.171004E+04  -0.171063E+04   0.000000E+00   0.136397E+08   0.136397E+08   0.136397E+08  -0.315674E+00   0.702267E+07   0.702250E+07   0.369398E+01
   0.152884E-01   0.134413E+08   0.134210E+08  -0.157609E+04  -0.157663E+04   0.000000E+00   0.134379E+08   0.134379E+08   0.134379E+08  -0.311004E+00   0.691878E+07   0.691861E+07   0.375180E+01
   0.158066E-01   0.132354E+08   0.132141E+08  -0.145184E+04  -0.145234E+04   0.000000E+00   0.132319E+08   0.132319E+08   0.132319E+08  -0.306236E+00   0.681272E+07   0.681253E+07   0.380748E+01
   0.163424E-01   0.130254E+08   0.130029E+08  -0.133663E+04  -0.133709E+04   0.000000E+00   0.130217E+08   0.130217E+08   0.130217E+08  -0.301371E+00   0.670448E+07   0.670429E+07   0.386069E+01
   0.168963E-01   0.128112E+08   0.127876E+08  -0.122984E+04  -0.123027E+04   0.000000E+00   0.128073E+08   0.128073E+08   0.128073E+08  -0.296409E+00   0.659409E+07   0.659389E+07   0.391105E+01
   0.174690E-01   0.125928E+08   0.125680E+08  -0.113089E+04  -0.113129E+04   0.000000E+00   0.125887E+08   0.125887E+08   0.125887E+08  -0.291350E+00   0.648156E+07   0.648135E+07   0.395814E+01
   0.180611E-01   0.123703E+08   0.123444E+08  -0.103925E+04  -0.103961E+04   0.000000E+00   0.123660E+08   0.123660E+08   0.123660E+08  -0.286197E+00   0.636692E+07   0.636671E+07   0.400154E+01
   0.186733E-01   0.121439E+08   0.121167E+08  -0.954406E+03  -0.954738E+03   0.000000E+00   0.121394E+08   0.121394E+08   0.121394E+08  -0.280951E+00   0.625022E+07   0.624999E+07   0.404079E+01
   0.193062E-01   0.119135E+08   0.118850E+08  -0.875896E+03  -0.876201E+03   0.000000E+00   0.119088E+08   0.119088E+08   0.119088E+08  -0.275615E+00   0.613150E+07   0.613126E+07   0.407540E+01
   0.199606E-01   0.116793E+08   0.116496E+08  -0.803282E+03  -0.803561E+03   0.000000E+00   0.116744E+08   0.116744E+08   0.116744E+08  -0.270190E+00   0.601082E+07   0.601058E+07   0.410488E+01
   0.206372E-01   0.114415E+08   0.114104E+08  -0.736156E+03  -0.736412E+03   0.000000E+00   0.114364E+08   0.114364E+08   0.114364E+08  -0.264681E+00   0.588827E+07   0.588801E+07   0.412867E+01
   0.213367E-01   0.112002E+08   0.111678E+08  -0.674138E+03  -0.674372E+03   0.000000E+00   0.111949E+08   0.111949E+08   0.111949E+08  -0.259092E+00   0.576392E+07   0.576366E+07   0.414624E+01
   0.220599E-01   0.109557E+08   0.109220E+08  -0.616874E+03  -0.617088E+03   0.000000E+00   0.109501E+08   0.109501E+08   0.109501E+08  -0.253427E+00   0.563790E+07   0.563762E+07   0.415703E+01
   0.228076E-01   0.107081E+08   0.106731E+08  -0.564033E+03  -0.564229E+03   0.000000E+00   0.107023E+08   0.107023E+08   0.107023E+08  -0.247692E+00   0.551032E+07   0.551003E+07   0.416044E+01
   0.235807E-01   0.104578E+08   0.104215E+08  -0.515307E+03  -0.515486E+03   0.000000E+00   0.104518E+08   0.104518E+08   0.104518E+08  -0.241894E+00   0.538133E+07   0.538104E+07   0.415590E+01
   0.243800E-01   0.102050E+08   0.101675E+08  -0.470409E+03  -0.470572E+03   0.000000E+00   0.101988E+08   0.101988E+08   0.101988E+08  -0.236040E+00   0.525110E+07   0.525080E+07   0.414282E+01
   0.252063E-01   0.995028E+07   0.991148E+07  -0.429070E+03  -0.429220E+03   0.000000E+00   0.994386E+07   0.994386E+07   0.994386E+07  -0.230139E+00   0.511983E+07   0.511952E+07   0.412063E+01
   0.260607E-01   0.969388E+07   0.965389E+07  -0.391042E+03  -0.391178E+03   0.000000E+00   0.968726E+07   0.968726E+07   0.968726E+07  -0.224200E+00   0.498772E+07   0.498740E+07   0.408877E+01
   0.269440E-01   0.943631E+07   0.939520E+07  -0.356091E+03  -0.356215E+03   0.000000E+00   0.942951E+07   0.942951E+07   0.942951E+07  -0.218235E+00   0.485501E+07   0.485468E+07   0.404670E+01
   0.278573E-01   0.917810E+07   0.913594E+07  -0.323999E+03  -0.324111E+03   0.000000E+00   0.917113E+07   0.917113E+07   0.917113E+07  -0.212255E+00   0.472198E+07   0.472164E+07   0.399392E+01
   0.288015E-01   0.891981E+07   0.887669E+07  -0.294563E+03  -0.294665E+03   0.000000E+00   0.891268E+07   0.891268E+07   0.891268E+07  -0.206273E+00   0.458891E+07   0.458857E+07   0.393002E+01
   0.297777E-01   0.866206E+07   0.861809E+07  -0.267593E+03  -0.267686E+03   0.000000E+00   0.865478E+07   0.865478E+07   0.865478E+07  -0.200305E+00   0.445613E+07   0.445579E+07   0.385460E+01
   0.307871E-01   0.840552E+07   0.836082E+07  -0.242912E+03  -0.242997E+03   0.000000E+00   0.839812E+07   0.839812E+07   0.839812E+07  -0.194365E+00   0.432398E+07   0.432364E+07   0.376740E+01
   0.318306E-01   0.815091E+07   0.810563E+07  -0.220355E+03  -0.220432E+03   0.000000E+00   0.814342E+07   0.814342E+07   0.814342E+07  -0.188470E+00   0.419284E+07   0.419249E+07   0.366823E+01
   0.329095E-01   0.789899E+07   0.785328E+07  -0.199766E+03  -0.199835E+03   0.000000E+00   0.789143E+07   0.789143E+07   0.789143E+07  -0.182638E+00   0.406310E+07   0.406275E+07   0.355704E+01
   0.340250E-01   0.765056E+07   0.760461E+07  -0.180998E+03  -0.181061E+03   0.000000E+00   0.764296E+07   0.764296E+07   0.764296E+07  -0.176887E+00   0.393517E+07   0.393482E+07   0.343390E+01
   0.351782E-01   0.740643E+07   0.736043E+07  -0.163917E+03  -0.163974E+03   0.000000E+00   0.739882E+07   0.739882E+07   0.739882E+07  -0.171237E+00   0.380948E+07   0.380913E+07   0.329908E+01
   0.363706E-01   0.716744E+07   0.712159E+07  -0.148393E+03  -0.148445E+03   0.000000E+00   0.715986E+07   0.715986E+07   0.715986E+07  -0.165706E+00   0.368644E+07   0.368610E+07   0.315301E+01
   0.376034E-01   0.693301E+07   0.688753E+07  -0.134279E+03  -0.134326E+03   0.000000E+00   0.692549E+07   0.692549E+07   0.692549E+07  -0.160282E+00   0.356577E+07   0.356543E+07   0.299646E+01
   0.388780E-01   0.670487E+07   0.665999E+07  -0.121483E+03  -0.121525E+03   0.000000E+00   0.669745E+07   0.669745E+07   0.669745E+07  -0.155004E+00   0.344836E+07   0.344803E+07   0.283020E+01
   0.401957E-01   0.648426E+07   0.644023E+07  -0.109907E+03  -0.109945E+03   0.000000E+00   0.647697E+07   0.647697E+07   0.647697E+07  -0.149902E+00   0.333484E+07   0.333452E+07   0.265527E+01
   0.415582E-01   0.627204E+07   0.622909E+07  -0.994526E+02  -0.994872E+02   0.000000E+00   0.626493E+07   0.626493E+07   0.626493E+07  -0.144994E+00   0.322567E+07   0.322536E+07   0.247298E+01
   0.429668E-01   0.606890E+07   0.602728E+07  -0.900249E+02  -0.900562E+02   0.000000E+00   0.606201E+07   0.606201E+07   0.606201E+07  -0.140298E+00   0.312119E+07   0.312089E+07   0.228493E+01
   0.444232E-01   0.587528E+07   0.583524E+07  -0.815324E+02  -0.815608E+02   0.000000E+00   0.586866E+07   0.586866E+07   0.586866E+07  -0.135823E+00   0.302163E+07   0.302135E+07   0.209293E+01
   0.459289E-01   0.569139E+07   0.565314E+07  -0.738877E+02  -0.739134E+02   0.000000E+00   0.568506E+07   0.568506E+07   0.568506E+07  -0.131574E+00   0.292710E+07   0.292684E+07   0.189906E+01
   0.474857E-01   0.551713E+07   0.548087E+07  -0.670073E+02  -0.670306E+02   0.000000E+00   0.551113E+07   0.551113E+07   0.551113E+07  -0.127548E+00   0.283755E+07   0.283730E+07   0.170561E+01
   0.490952E-01   0.535213E+07   0.531804E+07  -0.608128E+02  -0.608339E+02   0.000000E+00   0.534649E+07   0.534649E+07   0.534649E+07  -0.123738E+00   0.275278E+07   0.275255E+07   0.151503E+01
   0.507593E-01   0.519582E+07   0.516404E+07  -0.552312E+02  -0.552504E+02   0.000000E+00   0.519057E+07   0.519057E+07   0.519057E+07  -0.120129E+00   0.267249E+07   0.267229E+07   0.132991E+01
   0.524798E-01   0.504745E+07   0.501808E+07  -0.501958E+02  -0.502132E+02   0.000000E+00   0.504259E+07   0.504259E+07   0.504259E+07  -0.116705E+00   0.259630E+07   0.259612E+07   0.115287E+01
   0.542586E-01   0.490618E+07   0.487926E+07  -0.456463E+02  -0.456622E+02   0.000000E+00   0.490173E+07   0.490173E+07   0.490173E+07  -0.113445E+00   0.252377E+07   0.252361E+07   0.986559E+00
   0.560977E-01   0.477187E+07   0.474739E+07  -0.415355E+02  -0.415499E+02   0.000000E+00   0.476782E+07   0.476782E+07   0.476782E+07  -0.110345E+00   0.245482E+07   0.245468E+07   0.833454E+00
   0.579991E-01   0.464296E+07   0.462085E+07  -0.378091E+02  -0.378222E+02   0.000000E+00   0.463931E+07   0.463931E+07   0.463931E+07  -0.107371E+00   0.238865E+07   0.238853E+07   0.695822E+00
   0.607329E-01   0.447566E+07   0.445660E+07  -0.332417E+02  -0.332533E+02   0.000000E+00   0.447251E+07   0.447251E+07   0.447251E+07  -0.103511E+00   0.230277E+07   0.230267E+07   0.534299E+00
   0.634666E-01   0.431556E+07   0.429902E+07  -0.293526E+02  -0.293628E+02   0.000000E+00   0.431282E+07   0.431282E+07   0.431282E+07  -0.998152E-01   0.222055E+07   0.222047E+07   0.414643E+00
   0.662004E-01   0.416174E+07   0.414713E+07  -0.260181E+02  -0.260271E+02   0.000000E+00   0.415932E+07   0.415932E+07   0.415932E+07  -0.962626E-01   0.214151E+07   0.214145E+07   0.333061E+00
   0.689342E-01   0.401087E+07   0.399759E+07  -0.231262E+02  -0.231342E+02   0.000000E+00   0.400867E+07   0.400867E+07   0.400867E+07  -0.927759E-01   0.206395E+07   0.206389E+07   0.284673E+00
   0.716679E-01   0.386079E+07   0.384827E+07  -0.205952E+02  -0.206023E+02   0.000000E+00   0.385872E+07   0.385872E+07   0.385872E+07  -0.893054E-01   0.198674E+07   0.198668E+07   0.263683E+00
   0.744017E-01   0.371053E+07   0.369825E+07  -0.183656E+02  -0.183720E+02   0.000000E+00   0.370850E+07   0.370850E+07   0.370850E+07  -0.858287E-01   0.190940E+07   0.190934E+07   0.263822E+00
   0.771355E-01   0.356022E+07   0.354776E+07  -0.163943E+02  -0.164000E+02   0.000000E+00   0.355816E+07   0.355816E+07   0.355816E+07  -0.823492E-01   0.183199E+07   0.183193E+07   0.278740E+00
   0.798692E-01   0.341079E+07   0.339783E+07  -0.146488E+02  -0.146539E+02   0.000000E+00   0.340865E+07   0.340865E+07   0.340865E+07  -0.788891E-01   0.175502E+07   0.175494E+07   0.302410E+00
   0.826030E-01   0.326371E+07   0.325005E+07  -0.131040E+02  -0.131085E+02   0.000000E+00   0.326145E+07   0.326145E+07   0.326145E+07  -0.754823E-01   0.167923E+07   0.167915E+07   0.329421E+00
   0.853368E-01   0.312063E+07   0.310620E+07  -0.117389E+02  -0.117430E+02   0.000000E+00   0.311825E+07   0.311825E+07   0.311825E+07  -0.721681E-01   0.160550E+07   0.160541E+07   0.355217E+00
   0.880705E-01   0.298328E+07   0.296810E+07  -0.105356E+02  -0.105393E+02   0.000000E+00   0.298077E+07   0.298077E+07   0.298077E+07  -0.689863E-01   0.153472E+07   0.153462E+07   0.376238E+00
   0.908043E-01   0.285325E+07   0.283745E+07  -0.947824E+01  -0.948154E+01   0.000000E+00   0.285064E+07   0.285064E+07   0.285064E+07  -0.659746E-01   0.146772E+07   0.146761E+07   0.389979E+00
   0.935380E-01   0.273198E+07   0.271574E+07  -0.855215E+01  -0.855512E+01   0.000000E+00   0.272929E+07   0.272929E+07   0.272929E+07  -0.631661E-01   0.140524E+07   0.140513E+07   0.394981E+00
   0.962718E-01   0.262057E+07   0.260415E+07  -0.774376E+01  -0.774645E+01   0.000000E+00   0.261785E+07   0.261785E+07   0.261785E+07  -0.605871E-01   0.134787E+07   0.134775E+07   0.390746E+00
   0.990056E-01   0.251974E+07   0.250341E+07  -0.704007E+01  -0.704252E+01   0.000000E+00   0.251704E+07   0.251704E+07   0.251704E+07  -0.582538E-01   0.129596E+07   0.129585E+07   0.377621E+00
   0.101739E+00   0.242968E+07   0.241371E+07  -0.642844E+01  -0.643068E+01   0.000000E+00   0.242704E+07   0.242704E+07   0.242704E+07  -0.561709E-01   0.124962E+07   0.124951E+07   0.356637E+00
   0.104473E+00   0.235005E+07   0.233469E+07  -0.589663E+01  -0.589868E+01   0.000000E+00   0.234751E+07   0.234751E+07   0.234751E+07  -0.543302E-01   0.120867E+07   0.120857E+07   0.329333E+00
   0.107207E+00   0.228003E+07   0.226550E+07  -0.543301E+01  -0.543490E+01   0.000000E+00   0.227763E+07   0.227763E+07   0.227763E+07  -0.527129E-01   0.117269E+07   0.117260E+07   0.297572E+00
   0.109941E+00   0.221847E+07   0.220492E+07  -0.502688E+01  -0.502863E+01   0.000000E+00   0.221623E+07   0.221623E+07   0.221623E+07  -0.512919E-01   0.114108E+07   0.114099E+07   0.263355E+00
   0.112674E+00   0.216401E+07   0.215154E+07  -0.466864E+01  -0.467026E+01   0.000000E+00   0.216194E+07   0.216194E+07   0.216194E+07  -0.500356E-01   0.111313E+07   0.111305E+07   0.228655E+00
   0.115408E+00   0.211518E+07   0.210382E+07  -0.434991E+01  -0.435142E+01   0.000000E+00   0.211330E+07   0.211330E+07   0.211330E+07  -0.489098E-01   0.108808E+07   0.108801E+07   0.195279E+00
   0.118142E+00   0.207048E+07   0.206021E+07  -0.406344E+01  -0.406485E+01   0.000000E+00   0.206878E+07   0.206878E+07   0.206878E+07  -0.478794E-01   0.106516E+07   0.106510E+07   0.164756E+00
   0.120876E+00   0.202839E+07   0.201913E+07  -0.380303E+01  -0.380435E+01   0.000000E+00   0.202686E+07   0.202686E+07   0.202686E+07  -0.469092E-01   0.104357E+07   0.104352E+07   0.138263E+00
   0.123609E+00   0.198746E+07   0.197908E+07  -0.356347E+01  -0.356471E+01   0.000000E+00   0.198608E+07   0.198608E+07   0.198608E+07  -0.459654E-01   0.102257E+07   0.102253E+07   0.116584E+00
   0.126343E+00   0.194639E+07   0.193873E+07  -0.334057E+01  -0.334174E+01   0.000000E+00   0.194512E+07   0.194512E+07   0.194512E+07  -0.450176E-01   0.100149E+07   0.100145E+07   0.100104E+00
   0.129077E+00   0.190417E+07   0.189704E+07  -0.313123E+01  -0.313232E+01   0.000000E+00   0.190299E+07   0.190299E+07   0.190299E+07  -0.440424E-01   0.979795E+06   0.979761E+06   0.888282E-01
   0.131811E+00   0.186019E+07   0.185340E+07  -0.293338E+01  -0.293440E+01   0.000000E+00   0.185907E+07   0.185907E+07   0.185907E+07  -0.430258E-01   0.957179E+06   0.957146E+06   0.824235E-01
   0.134545E+00   0.181428E+07   0.180767E+07  -0.274591E+01  -0.274686E+01   0.000000E+00   0.181319E+07   0.181319E+07   0.181319E+07  -0.419640E-01   0.933557E+06   0.933524E+06   0.802834E-01
   0.137278E+00   0.176668E+07   0.176008E+07  -0.256840E+01  -0.256930E+01   0.000000E+00   0.176559E+07   0.176559E+07   0.176559E+07  -0.408625E-01   0.909052E+06   0.909018E+06   0.816022E-01
   0.140012E+00   0.171791E+07   0.171119E+07  -0.240087E+01  -0.240170E+01   0.000000E+00   0.171680E+07   0.171680E+07   0.171680E+07  -0.397333E-01   0.883931E+06   0.883895E+06   0.854551E-01
   0.142746E+00   0.166861E+07   0.166168E+07  -0.224343E+01  -0.224421E+01   0.000000E+00   0.166747E+07   0.166747E+07   0.166747E+07  -0.385915E-01   0.858531E+06   0.858492E+06   0.908773E-01
   0.145480E+00   0.161946E+07   0.161225E+07  -0.209619E+01  -0.209692E+01   0.000000E+00   0.161827E+07   0.161827E+07   0.161827E+07  -0.374528E-01   0.833201E+06   0.833158E+06   0.969354E-01
   0.148213E+00   0.157109E+07   0.156359E+07  -0.195917E+01  -0.195985E+01   0.000000E+00   0.156985E+07   0.156985E+07   0.156985E+07  -0.363322E-01   0.808271E+06   0.808225E+06   0.102787E+00
   0.150947E+00   0.152410E+07   0.151633E+07  -0.183227E+01  -0.183290E+01   0.000000E+00   0.152281E+07   0.152281E+07   0.152281E+07  -0.352436E-01   0.784055E+06   0.784006E+06   0.107727E+00
   0.153681E+00   0.147907E+07   0.147108E+07  -0.171536E+01  -0.171596E+01   0.000000E+00   0.147775E+07   0.147775E+07   0.147775E+07  -0.342007E-01   0.760855E+06   0.760803E+06   0.111214E+00
   0.156415E+00   0.143657E+07   0.142843E+07  -0.160828E+01  -0.160884E+01   0.000000E+00   0.143522E+07   0.143522E+07   0.143522E+07  -0.332165E-01   0.738959E+06   0.738906E+06   0.112893E+00
   0.159148E+00   0.139708E+07   0.138889E+07  -0.151076E+01  -0.151129E+01   0.000000E+00   0.139573E+07   0.139573E+07   0.139573E+07  -0.323024E-01   0.718624E+06   0.718570E+06   0.112590E+00
   0.161882E+00   0.136096E+07   0.135280E+07  -0.142239E+01  -0.142288E+01   0.000000E+00   0.135961E+07   0.135961E+07   0.135961E+07  -0.314666E-01   0.700031E+06   0.699978E+06   0.110307E+00
   0.164616E+00   0.132837E+07   0.132034E+07  -0.134258E+01  -0.134305E+01   0.000000E+00   0.132704E+07   0.132704E+07   0.132704E+07  -0.307127E-01   0.683258E+06   0.683206E+06   0.106199E+00
   0.167350E+00   0.129920E+07   0.129140E+07  -0.127056E+01  -0.127100E+01   0.000000E+00   0.129791E+07   0.129791E+07   0.129791E+07  -0.300386E-01   0.668260E+06   0.668210E+06   0.100544E+00
   0.170083E+00   0.127316E+07   0.126566E+07  -0.120541E+01  -0.120583E+01   0.000000E+00   0.127192E+07   0.127192E+07   0.127192E+07  -0.294370E-01   0.654879E+06   0.654831E+06   0.937101E-01
   0.172817E+00   0.124978E+07   0.124265E+07  -0.114616E+01  -0.114656E+01   0.000000E+00   0.124860E+07   0.124860E+07   0.124860E+07  -0.288974E-01   0.642874E+06   0.642829E+06   0.861158E-01
   0.175551E+00   0.122854E+07   0.122180E+07  -0.109190E+01  -0.109228E+01   0.000000E+00   0.122742E+07   0.122742E+07   0.122742E+07  -0.284072E-01   0.631967E+06   0.631926E+06   0.781956E-01
   0.178285E+00   0.120887E+07   0.120255E+07  -0.104176E+01  -0.104212E+01   0.000000E+00   0.120782E+07   0.120782E+07   0.120782E+07  -0.279537E-01   0.621877E+06   0.621839E+06   0.703655E-01
   0.181019E+00   0.119028E+07   0.118437E+07  -0.995024E+00  -0.995370E+00   0.000000E+00   0.118930E+07   0.118930E+07   0.118930E+07  -0.275249E-01   0.612338E+06   0.612304E+06   0.629962E-01
   0.183752E+00   0.117230E+07   0.116677E+07  -0.951083E+00  -0.951414E+00   0.000000E+00   0.117138E+07   0.117138E+07   0.117138E+07  -0.271102E-01   0.603112E+06   0.603081E+06   0.563921E-01
   0.186486E+00   0.115451E+07   0.114933E+07  -0.909424E+00  -0.909740E+00   0.000000E+00   0.115365E+07   0.115365E+07   0.115365E+07  -0.266999E-01   0.593984E+06   0.593956E+06   0.507777E-01
   0.189220E+00   0.113656E+07   0.113167E+07  -0.869627E+00  -0.869929E+00   0.000000E+00   0.113575E+07   0.113575E+07   0.113575E+07  -0.262857E-01   0.584768E+06   0.584742E+06   0.462904E-01
   0.191954E+00   0.111816E+07   0.111349E+07  -0.831366E+00  -0.831655E+00   0.000000E+00   0.111739E+07   0.111739E+07   0.111739E+07  -0.258606E-01   0.575312E+06   0.575287E+06   0.429811E-01
   0.194687E+00   0.109910E+07   0.109458E+07  -0.794412E+00  -0.794689E+00   0.000000E+00   0.109835E+07   0.109835E+07   0.109835E+07  -0.254200E-01   0.565510E+06   0.565486E+06   0.408193E-01
   0.197421E+00   0.107928E+07   0.107486E+07  -0.758637E+00  -0.758901E+00   0.000000E+00   0.107855E+07   0.107855E+07   0.107855E+07  -0.249618E-01   0.555316E+06   0.555292E+06   0.397037E-01
   0.200155E+00   0.105874E+07   0.105436E+07  -0.724005E+00  -0.724257E+00   0.000000E+00   0.105802E+07   0.105802E+07   0.105802E+07  -0.244866E-01   0.544744E+06   0.544720E+06   0.394771E-01
   0.202889E+00   0.103762E+07   0.103321E+07  -0.690556E+00  -0.690796E+00   0.000000E+00   0.103689E+07   0.103689E+07   0.103689E+07  -0.239975E-01   0.533865E+06   0.533840E+06   0.399431E-01
   0.205622E+00   0.101612E+07   0.101166E+07  -0.658371E+00  -0.658600E+00   0.000000E+00   0.101538E+07   0.101538E+07   0.101538E+07  -0.234997E-01   0.522790E+06   0.522765E+06   0.408841E-01
   0.208356E+00   0.994499E+06   0.989972E+06  -0.627553E+00  -0.627771E+00   0.000000E+00   0.993750E+06   0.993750E+06   0.993750E+06  -0.229992E-01   0.511655E+06   0.511628E+06   0.420783E-01
   0.211090E+00   0.973041E+06   0.968428E+06  -0.598195E+00  -0.598403E+00   0.000000E+00   0.972278E+06   0.972278E+06   0.972278E+06  -0.225022E-01   0.500599E+06   0.500572E+06   0.433157E-01
   0.213824E+00   0.952002E+06   0.947305E+06  -0.570376E+00  -0.570574E+00   0.000000E+00   0.951225E+06   0.951225E+06   0.951225E+06  -0.220150E-01   0.489760E+06   0.489732E+06   0.444105E-01
   0.222376E+00   0.891375E+06   0.886544E+06  -0.493732E+00  -0.493904E+00   0.000000E+00   0.890576E+06   0.890576E+06   0.890576E+06  -0.206113E-01   0.458534E+06   0.458504E+06   0.454828E-01
   0.231269E+00   0.840271E+06   0.835632E+06  -0.430310E+00  -0.430459E+00   0.000000E+00   0.839503E+06   0.839503E+06   0.839503E+06  -0.194293E-01   0.432238E+06   0.432209E+06   0.417453E-01
   0.240519E+00   0.799456E+06   0.795309E+06  -0.378542E+00  -0.378674E+00   0.000000E+00   0.798770E+06   0.798770E+06   0.798770E+06  -0.184866E-01   0.411265E+06   0.411240E+06   0.344775E-01
   0.250138E+00   0.763572E+06   0.759977E+06  -0.334300E+00  -0.334416E+00   0.000000E+00   0.762977E+06   0.762977E+06   0.762977E+06  -0.176582E-01   0.392836E+06   0.392815E+06   0.272952E-01
   0.260143E+00   0.726355E+06   0.723111E+06  -0.294028E+00  -0.294130E+00   0.000000E+00   0.725818E+06   0.725818E+06   0.725818E+06  -0.167982E-01   0.373704E+06   0.373686E+06   0.232506E-01
   0.270547E+00   0.684954E+06   0.681782E+06  -0.256347E+00  -0.256437E+00   0.000000E+00   0.684429E+06   0.684429E+06   0.684429E+06  -0.158403E-01   0.352394E+06   0.352375E+06   0.225913E-01
   0.281367E+00   0.642110E+06   0.638894E+06  -0.222173E+00  -0.222250E+00   0.000000E+00   0.641578E+06   0.641578E+06   0.641578E+06  -0.148486E-01   0.330331E+06   0.330312E+06   0.229685E-01
   0.292621E+00   0.603348E+06   0.600201E+06  -0.193008E+00  -0.193075E+00   0.000000E+00   0.602828E+06   0.602828E+06   0.602828E+06  -0.139517E-01   0.310380E+06   0.310361E+06   0.218670E-01
   0.304324E+00   0.570874E+06   0.567980E+06  -0.168847E+00  -0.168906E+00   0.000000E+00   0.570395E+06   0.570395E+06   0.570395E+06  -0.132011E-01   0.293681E+06   0.293664E+06   0.189115E-01
   0.316495E+00   0.542232E+06   0.539641E+06  -0.148284E+00  -0.148336E+00   0.000000E+00   0.541804E+06   0.541804E+06   0.541804E+06  -0.125394E-01   0.278960E+06   0.278945E+06   0.157919E-01
   0.329154E+00   0.513010E+06   0.510602E+06  -0.129711E+00  -0.129756E+00   0.000000E+00   0.512612E+06   0.512612E+06   0.512612E+06  -0.118638E-01   0.263930E+06   0.263916E+06   0.140827E-01
   0.342318E+00   0.482372E+06   0.480020E+06  -0.112761E+00  -0.112801E+00   0.000000E+00   0.481983E+06   0.481983E+06   0.481983E+06  -0.111549E-01   0.248160E+06   0.248146E+06   0.135403E-01
   0.356009E+00   0.453234E+06   0.450951E+06  -0.979555E-01  -0.979895E-01   0.000000E+00   0.452856E+06   0.452856E+06   0.452856E+06  -0.104808E-01   0.233164E+06   0.233150E+06   0.128064E-01
   0.370247E+00   0.427723E+06   0.425597E+06  -0.854694E-01  -0.854991E-01   0.000000E+00   0.427371E+06   0.427371E+06   0.427371E+06  -0.989100E-02   0.220042E+06   0.220029E+06   0.113324E-01
   0.385055E+00   0.404528E+06   0.402578E+06  -0.747383E-01  -0.747643E-01   0.000000E+00   0.404205E+06   0.404205E+06   0.404205E+06  -0.935485E-02   0.208114E+06   0.208103E+06   0.984661E-02
   0.400456E+00   0.381338E+06   0.379496E+06  -0.651391E-01  -0.651618E-01   0.000000E+00   0.381033E+06   0.381033E+06   0.381033E+06  -0.881855E-02   0.196184E+06   0.196173E+06   0.898346E-02
   0.416472E+00   0.358461E+06   0.356691E+06  -0.566115E-01  -0.566312E-01   0.000000E+00   0.358168E+06   0.358168E+06   0.358168E+06  -0.828937E-02   0.184411E+06   0.184401E+06   0.839625E-02
   0.433128E+00   0.337542E+06   0.335875E+06  -0.492865E-01  -0.493036E-01   0.000000E+00   0.337266E+06   0.337266E+06   0.337266E+06  -0.780561E-02   0.173649E+06   0.173639E+06   0.758418E-02
   0.450451E+00   0.318380E+06   0.316832E+06  -0.429823E-01  -0.429972E-01   0.000000E+00   0.318124E+06   0.318124E+06   0.318124E+06  -0.736260E-02   0.163794E+06   0.163784E+06   0.671930E-02
   0.468467E+00   0.299778E+06   0.298318E+06  -0.374180E-01  -0.374310E-01   0.000000E+00   0.299537E+06   0.299537E+06   0.299537E+06  -0.693242E-02   0.154223E+06   0.154215E+06   0.610623E-02
   0.487203E+00   0.281888E+06   0.280503E+06  -0.325306E-01  -0.325419E-01   0.000000E+00   0.281659E+06   0.281659E+06   0.281659E+06  -0.651866E-02   0.145019E+06   0.145010E+06   0.559784E-02
   0.506689E+00   0.265351E+06   0.264052E+06  -0.283123E-01  -0.283221E-01   0.000000E+00   0.265136E+06   0.265136E+06   0.265136E+06  -0.613626E-02   0.136511E+06   0.136504E+06   0.503118E-02
   0.526954E+00   0.249790E+06   0.248572E+06  -0.246415E-01  -0.246501E-01   0.000000E+00   0.249588E+06   0.249588E+06   0.249588E+06  -0.577643E-02   0.128506E+06   0.128499E+06   0.452678E-02
   0.548029E+00   0.234872E+06   0.233722E+06  -0.214221E-01  -0.214295E-01   0.000000E+00   0.234682E+06   0.234682E+06   0.234682E+06  -0.543143E-02   0.120831E+06   0.120825E+06   0.411987E-02
   0.569947E+00   0.220878E+06   0.219797E+06  -0.186260E-01  -0.186325E-01   0.000000E+00   0.220699E+06   0.220699E+06   0.220699E+06  -0.510782E-02   0.113632E+06   0.113626E+06   0.372172E-02
   0.592742E+00   0.207732E+06   0.206718E+06  -0.161961E-01  -0.162017E-01   0.000000E+00   0.207564E+06   0.207564E+06   0.207564E+06  -0.480383E-02   0.106869E+06   0.106863E+06   0.335458E-02
   0.616449E+00   0.195247E+06   0.194292E+06  -0.140743E-01  -0.140792E-01   0.000000E+00   0.195089E+06   0.195089E+06   0.195089E+06  -0.451509E-02   0.100446E+06   0.100440E+06   0.303950E-02
   0.641104E+00   0.183506E+06   0.182609E+06  -0.122301E-01  -0.122344E-01   0.000000E+00   0.183358E+06   0.183358E+06   0.183358E+06  -0.424360E-02   0.944060E+05   0.944008E+05   0.274443E-02
   0.800641E+00   0.128653E+06   0.128024E+06  -0.549769E-02  -0.549960E-02   0.000000E+00   0.128549E+06   0.128549E+06   0.128549E+06  -0.297511E-02   0.661863E+05   0.661826E+05   0.153963E-02
   0.999880E+00   0.896685E+05   0.892305E+05  -0.245686E-02  -0.245772E-02   0.000000E+00   0.895960E+05   0.895960E+05   0.895960E+05  -0.207359E-02   0.461306E+05   0.461280E+05   0.859408E-03
   0.124870E+01   0.621695E+05   0.618659E+05  -0.109219E-02  -0.109257E-02   0.000000E+00   0.621193E+05   0.621193E+05   0.621193E+05  -0.143768E-02   0.319835E+05   0.319817E+05   0.477542E-03
   0.155944E+01   0.428998E+05   0.426904E+05  -0.483234E-03  -0.483402E-03   0.000000E+00   0.428652E+05   0.428652E+05   0.428652E+05  -0.992064E-03   0.220701E+05   0.220689E+05   0.264367E-03
   0.194750E+01   0.294765E+05   0.293326E+05  -0.212892E-03  -0.212966E-03   0.000000E+00   0.294527E+05   0.294527E+05   0.294527E+05  -0.681648E-03   0.151644E+05   0.151636E+05   0.145946E-03
   0.243213E+01   0.201749E+05   0.200764E+05  -0.934273E-04  -0.934598E-04   0.000000E+00   0.201586E+05   0.201586E+05   0.201586E+05  -0.466546E-03   0.103791E+05   0.103785E+05   0.804369E-04
   0.303737E+01   0.137599E+05   0.136927E+05  -0.408561E-04  -0.408703E-04   0.000000E+00   0.137487E+05   0.137487E+05   0.137487E+05  -0.318198E-03   0.707886E+04   0.707845E+04   0.443254E-04
   0.379321E+01   0.935451E+04   0.930882E+04  -0.178092E-04  -0.178154E-04   0.000000E+00   0.934695E+04   0.934695E+04   0.934695E+04  -0.216324E-03   0.481249E+04   0.481221E+04   0.244725E-04
   0.473715E+01   0.634092E+04   0.630993E+04  -0.774027E-05  -0.774297E-05   0.000000E+00   0.633580E+04   0.633580E+04   0.633580E+04  -0.146634E-03   0.326213E+04   0.326194E+04   0.135761E-04
   0.591598E+01   0.428665E+04   0.426567E+04  -0.335508E-05  -0.335624E-05   0.000000E+00   0.428318E+04   0.428318E+04   0.428318E+04  -0.991291E-04   0.220529E+04   0.220516E+04   0.759780E-05
   0.738817E+01   0.289075E+04   0.287658E+04  -0.145069E-05  -0.145120E-05   0.000000E+00   0.288841E+04   0.288841E+04   0.288841E+04  -0.668487E-04   0.148716E+04   0.148707E+04   0.431282E-05
   0.922671E+01   0.194499E+04   0.193543E+04  -0.625841E-06  -0.626058E-06   0.000000E+00   0.194341E+04   0.194341E+04   0.194341E+04  -0.449779E-04   0.100061E+04   0.100054E+04   0.250043E-05
   0.115228E+02   0.130591E+04   0.129946E+04  -0.269427E-06  -0.269520E-06   0.000000E+00   0.130484E+04   0.130484E+04   0.130484E+04  -0.301990E-04   0.671830E+03   0.671778E+03   0.149273E-05
